Modeltype,,,gcn,gcn,gcn,gcn,gat,gat,gat,gat
Entropy Buckets,,,low,mid,high,mean,low,mid,high,mean
Methods,Dataset,Compression ratio,,,,,,,,
one_step,cora,0.125,18,22,62,10.121066808700562,0,6,96,14.725301504135132
one_step,cora,0.25,116,64,30,5.72450852394104,0,8,202,13.884480953216553
one_step,cora,0.5,194,156,70,6.165025353431702,2,0,418,14.469248294830322
one_step,citeseer,0.125,22,52,16,8.328373193740845,4,12,74,13.273938179016113
one_step,citeseer,0.25,172,8,0,3.688111126422882,8,64,108,12.193918228149414
one_step,citeseer,0.5,336,24,0,2.947571575641632,2,32,326,13.1644287109375
gcond,cora,0.125,0,0,102,14.776834487915039,0,0,102,15.736468076705933
gcond,cora,0.25,0,0,210,14.67383623123169,0,0,210,16.135538578033447
gcond,cora,0.5,0,10,410,14.075587749481201,0,0,420,16.25204086303711
gcond,citeseer,0.125,0,0,90,14.939444065093994,0,0,90,15.162140369415283
gcond,citeseer,0.25,0,0,180,14.803121089935303,0,0,180,15.266032695770264
gcond,citeseer,0.5,0,0,360,14.64216661453247,0,0,360,15.316759586334229
sfgc,cora,0.125,0,0,51,8.097847938537598,0,0,51,8.272390842437744
sfgc,cora,0.25,0,0,105,8.107550859451294,0,0,105,8.277574300765991
sfgc,cora,0.5,0,0,210,8.234144926071167,0,0,210,8.331934452056885
sfgc,citeseer,0.125,0,0,45,7.652433395385742,0,0,45,7.7104949951171875
sfgc,citeseer,0.25,0,0,90,7.731613874435425,0,0,90,7.744157552719116
sfgc,citeseer,0.5,0,0,180,7.633157730102539,0,0,180,7.702632427215576
sgdd,cora,0.125,0,0,85,13.746833801269531,0,0,85,13.942142248153687
sgdd,cora,0.25,0,0,175,13.47267460823059,0,0,175,13.909836769104004
sgdd,cora,0.5,0,0,350,13.331068515777588,0,0,350,13.92723822593689
sgdd,citeseer,0.125,0,0,75,12.811564683914185,0,0,75,12.887069463729858
sgdd,citeseer,0.25,0,0,150,12.740038871765137,0,0,150,12.88775897026062
sgdd,citeseer,0.5,0,0,300,12.703135251998901,0,0,300,12.88481593132019
