Modeltype,,,gcn,gcn,gcn,gcn,gat,gat,gat,gat
Entropy Buckets,,,low,mid,high,mean,low,mid,high,mean
Methods,Dataset,Compression ratio,,,,,,,,
one_step,cora,0.125,18,28,56,6.884706735610962,2,6,94,12.68794298171997
one_step,cora,0.25,120,66,24,2.7683039009571075,2,14,194,11.118926763534546
one_step,cora,0.5,178,130,112,3.837694838643074,2,0,418,11.98900294303894
one_step,citeseer,0.125,14,58,18,11.270146369934082,0,6,84,15.222193717956543
one_step,citeseer,0.25,166,14,0,6.862422347068787,0,22,158,15.10877799987793
one_step,citeseer,0.5,324,36,0,5.546482801437378,0,10,350,15.199824810028076
gcond,cora,0.125,0,0,102,13.432257175445557,0,0,102,14.331783294677734
gcond,cora,0.25,0,2,208,13.239871501922607,0,0,210,15.286588907241821
gcond,cora,0.5,0,16,404,12.348310708999634,0,0,420,15.485774993896484
gcond,citeseer,0.125,0,0,90,15.226866245269775,0,0,90,15.449575424194336
gcond,citeseer,0.25,0,0,180,15.160983085632324,0,0,180,15.474345684051514
gcond,citeseer,0.5,0,0,360,15.111446857452393,0,0,360,15.475924968719482
sfgc,cora,0.125,0,0,51,7.852032899856567,0,0,51,8.151918649673462
sfgc,cora,0.25,0,0,105,7.886571645736694,0,0,105,8.161640167236328
sfgc,cora,0.5,0,0,210,8.117550611495972,0,0,210,8.244110345840454
sfgc,citeseer,0.125,0,0,45,7.70569372177124,0,0,45,7.746860980987549
sfgc,citeseer,0.25,0,0,90,7.742286682128906,0,0,90,7.752414226531982
sfgc,citeseer,0.5,0,0,180,7.6952064037323,0,0,180,7.745142936706543
sgdd,cora,0.125,0,0,85,13.586827516555786,0,0,85,13.838708639144897
sgdd,cora,0.25,0,0,175,13.117270946502686,0,0,175,13.792954683303833
sgdd,cora,0.5,0,0,350,12.869950294494629,0,0,350,13.81223201751709
sgdd,citeseer,0.125,0,0,75,12.866595983505249,0,0,75,12.91767930984497
sgdd,citeseer,0.25,0,0,150,12.839071035385132,0,0,150,12.916642427444458
sgdd,citeseer,0.5,0,0,300,12.809837579727173,0,0,300,12.916702508926392
