Modeltype,,,gcn,gcn,gcn,gcn,gat,gat,gat,gat
Entropy Buckets,,,low,mid,high,mean,low,mid,high,mean
Methods,Dataset,Compression ratio,,,,,,,,
one_step,cora,0.125,20,24,58,5.833706855773926,2,4,96,13.042462229728699
one_step,cora,0.25,134,52,24,2.030521333217621,0,10,200,11.56008243560791
one_step,cora,0.5,180,164,76,2.772331975400448,2,4,414,12.657779932022095
one_step,citeseer,0.125,14,58,18,8.81951129436493,4,8,78,14.558134078979492
one_step,citeseer,0.25,162,18,0,3.9186596274375916,2,56,122,14.096028327941895
one_step,citeseer,0.5,320,40,0,3.112663745880127,2,30,328,14.461010217666626
gcond,cora,0.125,0,0,102,12.6688711643219,0,0,102,14.763429164886475
gcond,cora,0.25,0,2,208,12.637185096740723,0,0,210,15.608497142791748
gcond,cora,0.5,0,22,398,11.437386751174927,0,0,420,15.753777980804443
gcond,citeseer,0.125,0,0,90,14.953206062316895,0,0,90,15.355891704559326
gcond,citeseer,0.25,0,0,180,14.834124088287354,0,0,180,15.39829158782959
gcond,citeseer,0.5,0,0,360,14.743290901184082,0,0,360,15.426610469818115
sfgc,cora,0.125,0,0,51,7.641433000564575,0,0,51,8.177426815032959
sfgc,cora,0.25,0,0,105,7.692346811294556,0,0,105,8.193960905075073
sfgc,cora,0.5,0,0,210,7.995532512664795,0,0,210,8.273959875106812
sfgc,citeseer,0.125,0,0,45,7.652661323547363,0,0,45,7.733858823776245
sfgc,citeseer,0.25,0,0,90,7.729738712310791,0,0,90,7.748492479324341
sfgc,citeseer,0.5,0,0,180,7.634115695953369,0,0,180,7.730206489562988
sgdd,cora,0.125,0,0,85,13.380160331726074,0,0,85,13.867784261703491
sgdd,cora,0.25,0,0,175,12.772516965866089,0,0,175,13.827046155929565
sgdd,cora,0.5,0,0,350,12.485227584838867,0,0,350,13.848316192626953
sgdd,citeseer,0.125,0,0,75,12.821988582611084,0,0,75,12.907301664352417
sgdd,citeseer,0.25,0,0,150,12.743681907653809,0,0,150,12.905686140060425
sgdd,citeseer,0.5,0,0,300,12.696635246276855,0,0,300,12.903745889663696
