Modeltype,,,gcn,gcn,gcn,gcn,gat,gat,gat,gat
Entropy Buckets,,,low,mid,high,mean,low,mid,high,mean
Methods,Dataset,Compression ratio,,,,,,,,
one_step,cora,0.125,18.666666666666668,24.666666666666668,58.666666666666664,7.613160133361816,1.3333333333333333,5.333333333333333,95.33333333333333,13.485235571861267
one_step,cora,0.25,123.33333333333333,60.666666666666664,26.0,3.507777919371923,0.6666666666666666,10.666666666666666,198.66666666666666,12.187830050786337
one_step,cora,0.5,184.0,150.0,86.0,4.258350722491741,2.0,1.3333333333333333,416.6666666666667,13.038677056630453
one_step,citeseer,0.125,16.666666666666668,56.0,17.333333333333332,9.472676952679953,2.6666666666666665,8.666666666666666,78.66666666666667,14.351421991984049
one_step,citeseer,0.25,166.66666666666666,13.333333333333334,0.0,4.82306436697642,3.3333333333333335,47.333333333333336,129.33333333333334,13.799574851989746
one_step,citeseer,0.5,326.6666666666667,33.333333333333336,0.0,3.868906040986379,1.3333333333333333,24.0,334.6666666666667,14.275087912877401
gcond,cora,0.125,0.0,0.0,102.0,13.625987609227499,0.0,0.0,102.0,14.943893512090048
gcond,cora,0.25,0.0,1.3333333333333333,208.66666666666666,13.516964276631674,0.0,0.0,210.0,15.676874876022339
gcond,cora,0.5,0.0,16.0,404.0,12.620428403218588,0.0,0.0,420.0,15.830531279246012
gcond,citeseer,0.125,0.0,0.0,90.0,15.039838790893555,0.0,0.0,90.0,15.322535832722982
gcond,citeseer,0.25,0.0,0.0,180.0,14.932742754618326,0.0,0.0,180.0,15.379556655883789
gcond,citeseer,0.5,0.0,0.0,360.0,14.832301457722982,0.0,0.0,360.0,15.406431674957275
sfgc,cora,0.125,0.0,0.0,51.0,7.863771279652913,0.0,0.0,51.0,8.200578769048056
sfgc,cora,0.25,0.0,0.0,105.0,7.895489772160848,0.0,0.0,105.0,8.211058457692465
sfgc,cora,0.5,0.0,0.0,210.0,8.115742683410645,0.0,0.0,210.0,8.283334891001383
sfgc,citeseer,0.125,0.0,0.0,45.0,7.670262813568115,0.0,0.0,45.0,7.73040493329366
sfgc,citeseer,0.25,0.0,0.0,90.0,7.734546422958374,0.0,0.0,90.0,7.7483547528584795
sfgc,citeseer,0.5,0.0,0.0,180.0,7.654159943262736,0.0,0.0,180.0,7.725993951161702
sgdd,cora,0.125,0.0,0.0,85.0,13.571273883183798,0.0,0.0,85.0,13.882878383000692
sgdd,cora,0.25,0.0,0.0,175.0,13.120820840199789,0.0,0.0,175.0,13.843279202779135
sgdd,cora,0.5,0.0,0.0,350.0,12.895415465037027,0.0,0.0,350.0,13.862595478693644
sgdd,citeseer,0.125,0.0,0.0,75.0,12.833383083343506,0.0,0.0,75.0,12.904016812642416
sgdd,citeseer,0.25,0.0,0.0,150.0,12.774263938268026,0.0,0.0,150.0,12.903362512588501
sgdd,citeseer,0.5,0.0,0.0,300.0,12.736536026000977,0.0,0.0,300.0,12.901754776636759
