Namespace(dataset='reddit', dropout=0, epochs=400, gpu_id=0, hidden=256, inductive=1, keep_ratio=1.0, lr=0.01, method='herding', mlp=0, nlayers=2, normalize_features=True, reduction_rate=0.002, save=True, seed=15, weight_decay=0.0)
size of adj_train: (153932, 153932)
#edges in adj_train: 10753238.0
Test set results: loss= 0.4646 accuracy= 0.9393
idx_selected :  [array([13694]), array([97335]), array([67316, 29987]), array([36456,  3727]), array([113413, 109915]), array([82638, 33889]), array([112977, 117286]), array([132163,  51002]), array([118520, 101665,  95052]), array([ 28638,  15991, 110337]), array([ 77495, 125542, 100804]), array([103974,  54530,  58415]), array([98249, 48037, 36670,   631]), array([135952,  74183,  86581, 104505]), array([  8560, 104803,  10113, 110635]), array([25595,  6381, 52385, 49569]), array([ 26937, 135092,  16767, 118385]), array([ 67576,  58175, 144801, 129902]), array([120018,  67810,  82106,  76430, 117425]), array([  1246,  32150,  36113, 130353,  13986]), array([97878, 37610, 88582, 88099, 77991]), array([125975,  32775, 137920, 148569,  82567]), array([151566,  90889, 137709, 112798,  39811]), array([24760, 16865, 49749,   304, 40492]), array([114061, 140230,  10995, 153133, 142154, 129074]), array([ 77823,  16912,   4188,  93717,  89082, 104279]), array([ 62477,  85225,  45866, 122891, 105740,  39810]), array([ 12481, 110507, 102016, 114756,  19701,  53195]), array([145649,  69890,  85499,  91562, 112978,    790]), array([ 79088,  16568,  80658,  71656, 103809,  51265]), array([ 13161,  35983,  91110,  25727,   5862, 127035,   7132]), array([111405,  30385,  35765, 128589,  48164,  44442,  88368, 121275]), array([ 68271,  68948,  63761, 129952,   3826, 102077,  25190,  24999,
        12160,  33970]), array([  3151,   1916,  36572, 153569,  49291,  71977,  61090,  58586,
        53159, 105647,  91228, 125561,  19541,  23368]), array([110587,  90746,  53144, 120687,  72239, 136391,  52728, 136814,
       138172,  57419,  72883,  92570,  51743,  95443]), array([  7832,   8870,  87549, 146856,  36368,  78145,  12230,  18902,
        93295,  42312,  20005, 110334, 149277,  71963,    405]), array([ 63290,  49154,  91395,  92546,  42086,  90676,   1710, 111932,
        39744,  44848,  29010,  11522, 146779,  49195,  55812,  72530]), array([138053,  11854,  91590,  62209, 105073,  75212,  25583,  57561,
         6783, 112829,  10986, 151085,  81729,  35636, 148445,   4646]), array([ 55629, 124341,   7892,  67254, 131092,  29596, 123911, 113762,
       149181,  36959,  25557, 108920, 142821, 149095,  75054,  67993,
        62116,  80417]), array([ 37299, 139482, 131652,  83494,  11008,  73865, 111735,  58382,
        43273,  52041, 127637,  34440, 130752, 137362,  85622, 131464,
        26772,  45493, 142465, 112123, 145610]), array([ 57710,  35493,  24801,  99729,  63563,  41760, 119768,  75651,
       122502,  67882,    584,  79303, 130458, 136488,  62920,   9910,
        69252,  48520,  54431,  11082, 101397, 142212, 135401,  33953,
        65976,  10842,  28504,  95132, 125087, 113166,  45642,  48528,
       129384, 128974, 107809,  47496, 120225, 106004,  89570, 104230,
         3445,  22843,  55077, 147173,  26981,  57131,  23758, 151707,
        29729,  58733,  19927,  25859])]
shape of feat_train: (307, 602)
Mean accuracy: [0.7046499439765787, 0.016393541367924102]
