Namespace(dataset='reddit', dropout=0, epochs=400, gpu_id=0, hidden=256, inductive=1, keep_ratio=1.0, lr=0.01, method='herding', mlp=0, nlayers=2, normalize_features=True, reduction_rate=0.01, save=True, seed=85, weight_decay=0.0)
size of adj_train: (153932, 153932)
#edges in adj_train: 10753238.0
Test set results: loss= 0.4403 accuracy= 0.9413
idx_selected :  [array([ 13694, 111146]), array([ 97335, 109506,  54753, 132075, 136440,  38008, 136234]), array([ 67316, 151853,  66181,  67465, 113487,  37429,  29987,  79666,
       133563,  60472]), array([ 36456,  28110,  25555,  54399,  55040,  49871,   8569,  78966,
       128530,  94720, 114533]), array([123541,  84576, 122185, 120446, 113413,  52201, 123696, 126767,
       143281, 134521,  51709]), array([ 82638, 134123,  39607,   6699,  69130,  26383, 140198,  31437,
       108616, 146276,  84147]), array([150745, 112905, 117286,  86261,  27305,  24081,  60723,   9410,
       148561,  98468,  67021, 143122,  75721, 121316]), array([ 92259, 110367,  78092, 128437,  16082,  70631,  66754,  85548,
        71690, 103181,  52754, 132311,  41158, 137802]), array([ 78624, 110403,  35734,  59165,  70775,   1070,  82788,  59087,
        23841,  55355,  40929,  93059,  76097, 113151,  95918]), array([110337,  15991,  28638, 146973,  86229, 106669, 120477,  27563,
        99651,  34656,   2477,  11487, 109606,  55875,   9460,  47101]), array([ 77495, 125542, 145353,  10969,   1116, 125343, 148815, 126479,
        11052, 151359, 145673,  76777,  80317,  56748,  66142, 124610,
       102112,  57750]), array([118869, 103974, 112037,  36095, 100637,  57375,  58327,  90805,
       112619,  18255,  54530, 150260, 103589,  79913, 102718,  79122,
       126803, 102288]), array([ 98249,    631,  36670,  48037, 103191,   6617,  94360,  21820,
       128588, 153034,  35779, 101970,  45437, 108071,  40914,  41317,
        59930,  49212, 112217,  66244]), array([115565, 135952, 104505, 132144, 108350,   1975,  52850,  74183,
       105895,   9384,  52371,  47361, 110268,  97606,  27191,  30136,
       120593, 151383, 119601,  23895,  88876]), array([132162, 111036,  62986,  26586,  16653,  43551, 123975,  27086,
        80169, 109019,  10113,  35285,  59670,    676,   8819,  40016,
       150687,  57726, 148321,   6916, 110000, 122672]), array([ 25595,  44804,  49208,  73249,  33796,  25947,   6642,  19602,
        93809,  15388,  80003,  52385, 150675,  40993,  79006,  76296,
        21940, 150000, 115493,  30373,  42479,  94648]), array([ 26937,  74741, 130424,  24532, 123838, 118385, 136667, 148186,
       131769,  89505,  73151, 135092, 121668, 112345,  52561,  94920,
        71311,  83216, 144015, 112368,  35367,  95809,  41721]), array([ 67576,  58175, 144801, 129902, 123964, 150291, 140353, 136600,
         2707,  83693, 128296,  58249, 120668,  15521, 117958, 123547,
        60423, 114075, 100922,  16544, 114354,  71949, 125936]), array([120018, 151156,  41445,  64555,   6923,  82249,  76430,  72760,
         5290,  38412, 104846,  55030, 123132, 134628,  82106,  98727,
        54707,  49033,   1263,  37641, 124805, 125642, 114906, 108732,
        60122, 147311,  99312,  77633]), array([  1246,  13833,  18702, 104049,  97675, 152559,  81482,  47768,
       127398, 117218,  45117,  73873,  42084,  13986,  56180,  32731,
       114469,  29648,  30268,  32150,  64081,  92248, 117027,  50917,
        24055, 122390, 145933,  92833]), array([131943,  97878,  28602, 147035,  77991,  91187,  37610,  88099,
        91575, 103113,  22647,  82155,  92319,  44235, 126377,  27263,
       153070,  88582, 129147,  52853,  59746,  56619,  98061,   4897,
        49789, 106575,  67036,  10751]), array([ 50727, 148024,  65853, 137920, 148569,  62762,  32775, 120475,
         4036,  47334,  63631,  82567,  11149,  70443,  22716, 106736,
        67005,  91215,  91920, 132971, 125975,  71397,  90868,  56370,
        57825,  12104, 121727,  31770]), array([ 24352,  39811, 132406, 110355, 137709,   1527, 117021,  26532,
        56049, 152122, 151566,  65491,  33667,  34752,  21520,  35486,
        89911, 112798, 122635, 112642, 123408,  35936,  90889,  89731,
       112191, 146510, 121621, 107227]), array([ 91023, 119346,  40492,  89904,  65899,   1491,  51594,  27382,
        54576,  10647,  95620,  82871,  83476, 107499, 104621,  50752,
         2781,  59956,  75286,  16865,  49749, 104427,  53032,  18041,
        49390,    304,  78229,  46349]), array([114061, 129074,  15024, 120098,  29616,  80075, 113157, 100876,
        10995,  90597, 106510, 133720,  79959,  15349, 132513,  12273,
        91635,  48783,  23811,  30422,  89626, 116976,  72092, 147144,
        76031,  90512, 133197,  98309,  91078, 140230,  48707]), array([ 77823,  92553,   4188,  93717,  89082, 104279, 135360,  58922,
       132936,  75204, 101095,  68452, 119495, 123876,  33891, 122938,
         8361, 111964,  41281,  31747, 126329,   3147,  85125, 150843,
         3367,  31503,  81564,  31879, 117864, 137517, 140936,  78582]), array([ 62477,  95463, 136846,  32892,  45866, 129680,  82084, 119118,
        21048,  56060,  69759, 152077,  64399,   8685,  54551, 131136,
       105740,  39810,  47681, 146199,  20098,  53527,   4774,  73020,
       129474,  22326, 134170,  82501,   9954,  25771, 103929,   9613]), array([ 12481, 144531,  19701,  59606,  49643,  22106, 113053,  50086,
        53195,  56750, 116295,  71622, 148846,  47225, 122934, 102016,
       100904, 136999,   9542,  46386, 125726, 129174, 145128, 133206,
        45233,  87855, 111917,  63432, 122861,  23916, 118402,  26589,
        98554]), array([139760,  75479,  87074,  91562,  85499,  55235,    790, 112978,
       123336, 133660,   8785, 143231,  82260, 113036,  68004, 121782,
       142209, 127351,  93993, 145649,  89054, 150824, 148034, 146192,
        41833,  99119,  12913,  41985, 153455,  96262,  40972,  20487,
       124834]), array([ 79088,  16568,  80658,  71656, 103809, 139021,  75258,  92634,
        37203,  18896,    237, 102705, 118014,   2166,  90103, 127849,
        79127,  51265, 100964,  45683,  52985,  46541, 108125,   7479,
        59531,  17820,  37788,    603,  21586,  60626,  98736, 114164,
        29840]), array([ 13161,  82755,  25727,  35983,   3550, 144241, 149251,  28310,
        91110,  66393, 144488,  64720,  24858, 127035,   7132, 128397,
       125831, 111406,  52686, 152002,  54342,  14694,  69728,  55925,
        77460,  15660,  72167,   1662, 139509,  77582,  63269,  45149,
        18282, 120312,  64915, 137131,  26909,  35830]), array([  9166,  35305,  44442,  48164,  64695,  30385, 147565, 122236,
       113653, 128589,  54814,  37216, 129543, 151300, 121275, 111457,
       111405,  41652,  49167,  52179,  42281, 117725,  88368,  18874,
       102985,  40761,  33488, 120201,  29541, 114376,  48253,   1805,
       129402,  26491,  81731,  45369,  19544, 132591, 126126,  27943]), array([ 68271,  68948,  63761, 133524,   2105, 118880,  71475,  79068,
       117655, 129098, 104084,  25190,  99208, 103551,  24999,  85847,
         3826,  10939, 129393,  34942, 109438,  24731,  83525, 117984,
        59751,  18199,  62727,  79861, 135574, 118753, 134948,  84324,
        94406,   6427,  58646,  25551,  12962,  25544,  45343, 130257,
        13427,  33970,   6913, 118369, 129952,  70554,  39137, 107844,
        65010,  73754, 125533,  49068, 133618,  43965]), array([  3151,  53159,  74285,  12591,  45496, 103130,  16910,  22628,
       106235,  29384,   1996,  89799, 117337,  49291,  30366,  17272,
       117522,  91305,  89300, 148694,  61090,  83089,  41544,  20913,
       139261, 103740,  92270,  33700,  89480, 153810, 125561,  57433,
       126544,  47629, 148508,  89581,  80275,  54696, 141950,  83983,
       144025,  66658, 110382,   4134, 122056, 120460, 119859,  43573,
        50397, 136272, 125350, 146843, 105647,  78814,  37426,  19541,
        34225,  40213,  50109,   4302,  64763,  36572,  37035,  72831,
       132897,  43073,  66243,  78342,  40606, 100220]), array([110587,  52728,  16762,  65860, 120687,   9644, 103018, 138172,
        53144,  24052,  36623, 141054,  92257,  72883, 143081, 105516,
       104546,  76100,  18442,  74096,  95443,  21833,  20650,  60894,
        67561,  95222, 143297,  67024,  11510,  24449, 133137,  21984,
        35942,  11474, 101818,  58393,  61612, 131968, 128539,  75271,
        41184,  92570, 109083, 111616, 136391,  42401,  67042,  79098,
       132358,  86225, 151477, 151717,  84099, 136687, 109210,  24988,
        26297, 147503,  74879,  51965, 136814,  38486,  34733,  19741,
       153170, 143892,  47780, 112821,  72345,  62228, 101058,  68572]), array([  7832,  65519, 146856,  20305,  87147,  71821,  12230,  93295,
        86607,  37814,   7821, 137313, 129877,  87549,  42312,  99163,
        86264,   4811, 147195,  78145,  36368,  43483, 146738, 151168,
        71167,  36303, 148370, 146941,  25378,  53488, 124972,  77344,
       137090,  12345,  26903,  18749,  41040,   6874, 128034, 127068,
        63734,  14416, 120091, 114422, 102057,  29654,   8870,  99466,
        79051,  27178, 149830,  91538,  71963, 110334, 125307,  51372,
        85388,  31639,  21721, 139360,  35238,  31231,  55675,  85987,
       142060, 143592, 144146,   3243,  88914,  11500, 152908,  97341,
         6583,  23319, 152964,  11285]), array([100794,  63290,   9293,  91395,  54610,  54083,   1710, 136410,
       151546,   6284,  17929,  26768,  14514,  59451,  92546,  29010,
       137431,  83306,  16772,  49843, 103054, 146247, 110676,  35388,
        82705,  86265,  49508,  60525,  38336,  84813,    172, 111932,
        29017,  58828,  44848,  23476, 111807,  42086, 129069,  96039,
       140057,  53457,  22586,    693, 144198,  75333,  78184,   3392,
        40449,  31501, 115072, 151012,  28697,  48738,  78557,  46677,
        63711, 107497,  40950, 115790,  15370,  72530,  78515,  14893,
        83522,   3280, 104320,  57932,  96382,  56420,    802,  27873,
       112229,  10694,   4453, 102117,  28559,  92214,  50750, 105679,
        57057]), array([138053,  11854,  11386,  91590, 122582,  62209, 112829,  35850,
       130782, 106371, 123313,  32842, 140080, 141209, 105073,  81729,
         4646,  86118, 151699,  54263, 101487,  19539, 117433,  15939,
        80448,  19213,  78905,  83095,   6783, 104071,  33728,  45609,
        46858, 144478,  17020, 128689,  64024, 125082,    196,  10986,
       140940,  84916,  75212, 127742,   5523,  61761, 123083,  55320,
       152516, 146930, 112864, 118794, 116455, 152443, 144213,  75771,
        39595, 134910, 139485, 153750, 143302, 114183,  84098,  68714,
       118464,   6310,  69350, 142246,  27849,  60778, 140377, 118328,
        81864,   6865,  44250,  61411, 100744, 149909,  67030,  37662,
        71772, 134065,  50619,  12018]), array([124341, 113762, 142821,  67254,  10805,  36959,   8045, 135129,
       127275,  44765, 124104, 145986,  19846,  55629,  40869,  59103,
        99603,  67993,  20624,  96666, 100992, 116512,  46812,  96692,
        49783,  21024, 142796,  58405,  17635, 134915, 128793, 128609,
       110621,     16, 151954, 112126, 147132, 112370,  71241,  31921,
         9491,  81991, 153198,  25557,  21748, 104287, 131092,    531,
        98446,  47824,  26382,  75054, 108920,  24544,  37378, 145735,
        43538, 152265, 112161,  68462, 120190,  50833,  54154,  84212,
         6728,  45041, 147791, 129615,  80274,  29596, 114887,  69641,
       102139, 109964, 115922,  45051,   3059,   5361, 132229,  83325,
        68207, 127474,  47511,  47337, 107758,  89901,  87654,  94015,
        22516,  70843, 119039]), array([ 37299, 139482,  45493, 145610,  85622, 118135, 126452, 136073,
       147405,  62635,  92458,  90418, 129595, 112965, 113532,  62353,
       111735,  77504,  72125, 137362, 118913,  21734,  83494,  43273,
        58382,  11008, 118146,  41167,  20265,  67046,  83246,  61807,
        69969,  18932,  91441, 133776,  83235,  55149, 127290, 132063,
         4707, 135711,  33785,  29540, 119729, 119528, 133062, 129064,
        87571,  28467,  14086,  20294,   2005, 130378, 136911,  64158,
        49725,  79434, 100047,  60699,  52944,  73865,  46928,  95784,
         1712,  60164,  28399, 122244,  29666,  92998, 126373, 122510,
        79785,  75983,  42050, 134142,  32997,  77608,  55827,  52041,
       127637,   8563,  49655,  83446,  64715, 100119,  42183,  34440,
       103230, 153930,  73300, 112372, 136092,  56274,  36399,  29422,
       122899,  78433, 147316,  53391, 131652,  55902,  65033, 150855,
        93017]), array([ 57710,  99729,  85292,  36076,  27193,  58733,  30117,  83044,
        87850, 107809,  37425,  69396, 122502,  47535,  35493, 145317,
       116583,  16288,  21112,  77884, 121159, 104027, 114315,  41760,
       128974,  54431, 104230,  75651,  48528,   9224,  51499,  55126,
        64276,  38495, 103948,  43112, 101397,  99841,  24801, 143799,
       110356, 130458,  67882, 126443,  45272,  98813,  57131,  91968,
        51180,  25944, 113166,  21440,  17274,  58791,   9634, 101189,
        53853,  43879,  88411, 134759, 142873,  51611,  43047,  45629,
       102892,  29729,  89570, 125087,  63483,  25149,  19201,  95265,
        63196,  10357,  23758, 123896,  83686, 142212, 134009,  41352,
        65976, 108801, 118919, 144204,  77962, 113187,  98564, 110967,
        58062,   5707,  77987, 120225, 144136,  53565,  93351,  75505,
       141760,  73358,  95132, 115421,  45953,  94549, 143178,  90351,
       125288, 135677, 124883,  17804, 152583, 145108, 140689,  18354,
        95390,  74665,  53652, 129384, 153186,  11082,  33953, 145939,
        13979,  47496,  22843, 147173,   3445, 146255, 120639,  39921,
         4337,  98620, 141577, 121314,  14916,  16885, 153743,   9090,
         2063,  38831,  76649, 140072,  33281,  55077,  95339,  50726,
       103570,  74954,  28504, 115046,  29258,  25056, 109823, 113543,
         7724,  81003, 109690,  34712,  21639,  79794,  25865,  50684,
       151236, 118646, 100107,   4470,  13115,  30237,  22293,  44904,
        33046,  71471, 122174,    584,  63094,  21193,  15251,  61018,
       143548, 140985,  89678, 103598, 153590, 136469,   7108, 111543,
       124654,  61219,  92316,  17580])]
shape of feat_train: (1539, 602)
Mean accuracy: [0.8584559222178048, 0.0020275188935352916]
