Namespace(dataset='reddit', dropout=0, epochs=400, gpu_id=0, hidden=256, inductive=1, keep_ratio=1.0, lr=0.01, method='herding', mlp=0, nlayers=2, normalize_features=True, reduction_rate=0.002, save=True, seed=1, weight_decay=0.0)
size of adj_train: (153932, 153932)
#edges in adj_train: 10753238.0
Test set results: loss= 0.4898 accuracy= 0.9398
idx_selected :  [array([13694]), array([97335]), array([67316, 96494]), array([ 94720, 115630]), array([123541, 143721]), array([82638, 96140]), array([38313, 88598]), array([132163, 134559]), array([ 78624, 118520,   4011]), array([110337,  15991,  99651]), array([56748, 71198,  2111]), array([118869, 112037,  36095]), array([ 98249, 107048,  48037,  36670]), array([ 74183, 135952, 104505,  90916]), array([  8560,  62986,  47436, 132162]), array([25595,  6381, 40993, 74453]), array([135092,  16767, 129995,  82525]), array([114075,  42843,   5135,  51660]), array([ 58287,  60122,   4251, 126648,  38412]), array([  1246, 152559, 127398, 104049,  51503]), array([131943,   5012,  28602,  70658,  88099]), array([ 22128,  50727,  32775,  47334, 144510]), array([145640,  24352, 151566, 137709, 110355]), array([24760, 16865, 46349, 80391, 59956]), array([132513,  29616,   5111,  10995,  90597, 113157]), array([  9298, 118253,  74385,  41281,   9492,  93717]), array([ 62477, 131136,  52837,  73020,  74699,  82084]), array([102016, 114756, 111917,  87855, 110507,  47225]), array([139760, 150653,  87074,  93993, 146192, 123336]), array([ 79088,  16568,  80658,  71656, 105008, 102705]), array([82755, 13161, 35983, 67826, 17852, 55925, 41475]), array([111405,  30385, 128589,  35305,  94553, 147565, 151711, 122236]), array([  2105,  63761,  53300,  25190, 134948, 103551,  60324, 143830,
        79861, 119479]), array([ 16910,  36572,  74285, 105647, 146843,  99645, 145406, 109858,
        79071,  71977, 103740,  89300, 100870,  49291]), array([136391,  52728,  21833,  67024,  65860,  12288,  84099, 107247,
        72883,  74096,  22600,  95222, 138172,  68572]), array([148370,   7832,  36368,  12230,  78145,  87549, 128034,  21686,
        65519,  79705,  71821,  41040, 119241, 120091,  26542]), array([100794,  95683,  72530, 113643,  90286, 110115, 118201,  54083,
        11522,  83306,  85326, 111932, 109173,  42086,  84404,  14814]), array([138053, 123313, 130117,  34464,  91590, 148445,  82753, 125082,
         6783,  21541, 112829, 144478,  83095,  66521,  11386, 116455]), array([ 55629,   3059,  68852,  92115,  99603, 121955, 141813, 149095,
       133590,  75381,  36959,   1921,  25557,  25260, 113553,  69641,
       117616,  87505]), array([139482,  58382,  83235,  83494,  90924,  85622,  45493, 111735,
        62353,  11008,  61807,  62635,    108,  73865,  12791,  38965,
       144468, 147405,  45870, 118293,  29666]), array([119768,  35493,  48528, 145317,  11747,  41760,  24801,  30686,
       107809,  97143,  54380, 102892,  85314,  29258,  94549, 142873,
        75651,  83044, 116583,  98036, 113187,  54431, 122502,  76102,
       143191,  30535,   8320, 124883,  47496, 146255,  89570,  28504,
        21193,  47535,  51180, 118381,  85292, 130652,  87850,  37425,
        58733,  94181,  33953,  48520,   6760,  52056,  57710,  36076,
       104230,  10842,   9634,  10357])]
shape of feat_train: (307, 602)
Mean accuracy: [0.7057143889832653, 0.02188230408219199]
