Namespace(dataset='reddit', dropout=0, epochs=400, gpu_id=0, hidden=256, inductive=1, keep_ratio=1.0, lr=0.01, method='herding', mlp=0, nlayers=2, normalize_features=True, reduction_rate=0.005, save=True, seed=1000, weight_decay=0.0)
size of adj_train: (153932, 153932)
#edges in adj_train: 10753238.0
Test set results: loss= 0.4835 accuracy= 0.9394
idx_selected :  [array([13694]), array([ 97335,  54753, 139038]), array([ 67316, 105521, 151853,  19161,  74959]), array([ 94720,  25555,  54399,  55040, 103307]), array([113413, 109915,  85059, 122185, 115852]), array([ 82638, 146276,  96140,  62269, 135607]), array([150745, 119490,  81197,  60723,  36331,  58492,  10154]), array([110367, 119892,  70631,  82873, 120221, 128437, 109218]), array([118520, 101665, 139685,  61501,  38565,  95052, 113151]), array([110337,  11487,   2477,  14005,  47101,  65128,  86229,  74345]), array([ 56748,  71198, 136002,  77495, 125542, 148815,   6852,   8929,
         1116]), array([118869, 103974,   6201, 112037,  57375,  58327,  93400,  29804,
        92297]), array([ 72677,  36670,   6617,  62101,  72652, 107832,  40914, 101970,
       128588,  68143]), array([135952, 104505,  47361,  56797,  86581,  21208,  74183,  90916,
       110268,  31424]), array([  8560,  62986, 133545, 132162, 111036,  43551,  80169,  10113,
        16653, 121242,  50827]), array([ 49569,  52385,  42479,  49208,  73249,  64198, 144884,  25595,
        45236,  40993, 150000]), array([ 92122,  98615, 131807, 130424, 131769,  61602,  52561,  87214,
          263, 148186,   7414]), array([114075,  67576, 129902,   2707,  96823, 150291,  11341, 144801,
        58249,  11213,  16544]), array([112097,  25870,  83960,  51792,  64555,  63121,  86493,  74766,
       102180,  36340,  49033,  77633, 147311,  92758]), array([  1246,  13833,  51102,  36113,  73873,  45117,  11403,  50917,
        46937,  49441,  32731,  41119, 130353,  92248]), array([103635, 131951,  97878,  37610, 146961,  36863,  95938,  86881,
        22647,  55607,  70658,  88099,  52853, 129147]), array([137920,  70221,  50727, 148024, 120475,  57825,  65853,  47334,
       126381,  29152,  78066,  85623, 106736, 125348]), array([145640,  24352,  65491,  36358, 151566, 137709, 117021,  66040,
         1973,  89731, 152122, 122381,  20532,  21047]), array([119609,  74666,  53032,  91608,  24760, 119346, 115308, 150336,
        28099,    304,  55577, 146498,  16865,  75286]), array([114061,  49878,  48707, 129074, 120098,  29616, 140230, 100876,
        10995, 137071,  96611,  54407, 142154,  60804,  80075]), array([141971, 126329, 104279, 135360,  75204,  93717,   4188,  77823,
       101059,  30046, 120027,  13113,  95899,  92925,  78582, 111283]), array([ 62477, 131136,  54551, 119118,  20098,  45866, 129680,  83190,
        25771,  73020, 129474, 152077, 121547,  39810,  47681, 103474]), array([110507, 102016, 114756, 148846, 122934, 100904, 114442,  53195,
        19701,  22106,  49643, 113053,  71622,  98554,  94237,  53877]), array([139760,  85499, 151360, 146192,    790, 133660,  75479, 148034,
        82260, 112978,  22413,  93993,  87074,   6817,  38465,  29495]), array([ 79088,  16568,  80658,  71656, 105008, 103809,  96393,  75258,
        21586,  60626, 113784, 114164,   5540,  37203, 118014,    237]), array([ 13161, 101856, 152002,  25727,  33341,  67826,   7132,  77460,
       125831,  66393, 127035,   2965, 150580,  15660,  91110, 144488,
       139509,  47283,  51149]), array([  9166,  35305, 128589,  30385, 147565, 107077, 116344,  48164,
        54814,  92822,  87314, 102985,  44442,  84335,  18874,  26491,
        40761,  19544, 120201,  98538]), array([  2105,  24999,  25190,  73754, 103551,  83525,  91250,  62858,
        79068,  64789,  49068, 118380, 106891,  18199,  20587,  56257,
       120800,  91439,  21138, 118880,  25551, 137691,  67675, 117657,
        30500,  12962, 143830]), array([141571, 125561,  36572, 114684,  49291,  12638,  40546,  72831,
        37035,  53159,  64763,  89799,  74285, 117337, 146759,  62045,
        66658,  66194, 122056,   4302,   5721, 115236,  55782,  30366,
        16910,  22628,  43573,  71977,  87848,  58586,  26424,  41544,
        17272, 105452,  99005]), array([110587,   9829,  86225,  84099,  67561, 118738, 103018,  53144,
        68572,  72883,   9644, 138777,  10292, 132358, 138172, 143892,
        67024, 120687, 105516, 128539,  57419,  95222,  65860, 111616,
        61612,  58393,  51743, 142967,   5149,  37143,  69168,  24052,
       152184, 147503,  80370, 141054]), array([148370, 102845,  25378,   8870,  87549,  36368,  59890,    405,
        71963, 116539,  63950,   7982, 110334, 124972,   7222,  78145,
       114755, 139157,  42312,  79744,  99163,  94381,  35238,  86425,
        22281,  20005, 139360,  50001, 116318,   6583,  53488,  16689,
         8264,  12230,  20305,  77344,   4811, 146941]), array([100794,  95683, 107094,  29010, 129528,   4115,  59451,  83306,
       105679,   9293, 124032, 108854,  14814,  54610,  79514,   1710,
         6284,  10694,  17929, 136410, 150187,  38336,   9074, 144198,
       102962,  63711,  96382, 137431,  84404,  34699,  52986,    693,
        39744, 111932,  49843,  38026,  28697, 151012, 142840,  50163]), array([ 87186, 123083,  81729,  33728,  91590, 123313,  23771,  57957,
       151085, 126360,  11854, 130117,  62209, 101039,   5523, 140940,
         6805, 116876,  37423,  15939, 151699,  41712, 122060,  61761,
        46858, 114616,  20706, 140814,  17501, 115618,  99145,  61266,
       143302,  34464,  12018,  25998,  89166, 135061,  27849, 144648,
       149909,  41835]), array([ 55629, 124341,  77843, 124104,  72716,  89901,  12650,  44765,
        67254,  71241, 119039,  98451, 100992,   8045,  21748,  57919,
       128879,  84212, 142796,  81991,  29596, 147791,  92115, 128793,
        26382, 117334,  70201,  90468, 108920, 135129,   1921,  45051,
       112126, 113553,  17635,  91664,  61825,  45041,   6728, 119898,
        23961,  23651,  99603,  75054, 127275]), array([ 37299, 118135,  85622, 137362,  83494,  45493, 139482,  28467,
        58307,    108, 134142,  26772,  77608,  21734, 107452,  42050,
        52041,  36758,  64715,  32997,  58382, 111735,  96969,  11008,
        34209, 136073,  29666,  38740, 133095,  95784, 136177,  75983,
        77504, 134593, 119729, 126452,  79434, 132477,  77631,  41167,
        73300,  10066, 113532, 101578,  45870, 118146,  29849, 127637,
        43273, 133186,  14086,  13711]), array([ 47535,  33953,   9281, 125087,  65976,  49514,  91297,   8320,
        98861,  24901, 145317,  36076,  48528, 119768, 113166,  21112,
        82580,  25944, 121159, 104027,  57710,   3344,  58733,  29729,
        86381,  46332,  80696,    584,  12164,  77137, 129418, 107256,
        57131, 107809,  55119,  89570, 110967, 128925, 128974,  41760,
       129384, 134009, 118809,  18523,  58062,  63094,   1692,   3445,
        83044, 114315, 145257,  55077,  30237,  47496,  61736,  31958,
       142212,  53652,  46718,  54380, 113187,   9634,  52910,  21193,
       115421,  94549,  81054, 116583,  51180,  20599,   9224,  31145,
        97143,  43047, 147173,  43879,  14394,  35493,  73047, 104469,
        67882,  57777,  81003, 146255,  11997,  64276, 104230,  95390,
        28504, 142145,   9131, 103839, 150382,   5847,  39921, 120410,
       110356, 113347,  76617,  26981,  95265])]
shape of feat_train: (769, 602)
Mean accuracy: [0.8105089095312106, 0.0070615658810892585]
