Namespace(dataset='reddit', dropout=0, epochs=400, gpu_id=0, hidden=256, inductive=1, keep_ratio=1.0, lr=0.01, method='herding', mlp=0, nlayers=2, normalize_features=True, reduction_rate=0.01, save=True, seed=120, weight_decay=0.0)
size of adj_train: (153932, 153932)
#edges in adj_train: 10753238.0
Test set results: loss= 0.4640 accuracy= 0.9409
idx_selected :  [array([ 13694, 111146]), array([ 97335,  54753, 139038, 114163,  39480, 134471,   3728]), array([ 74959,  67316,  29987,  79666,  67465, 151853,  66181,  11687,
       113487,  50989]), array([ 60223,  36456,  91819,  49871,   8569,  78966, 144219,  54399,
       102621,  94720, 132824]), array([113413, 109915,  52201, 143721, 134521,  51709, 122185,  84576,
         6580, 126767, 143281]), array([ 82638, 146276,  96140,  62269,  17879,  39607, 122819,  75582,
        69130,  84147,  45804]), array([112977, 143122, 150745,  37852,  10154,  59309,  16483,  66144,
       117286,  34702,  58414, 145672,  98468,  70523]), array([  2758, 110367,  71690,  42238, 119892,  51002, 110087, 134559,
        52754,  70631,  81432,  85112, 150140, 121504]), array([ 78624, 110403,   5055,  90188,  19959,  70775,  60712,  61501,
        74064,  95052,  95918, 118520,  59087,  85953,  91014]), array([ 15991,  74345,  34334, 106669, 146973, 110337,   2477, 109606,
        99651,  86229,  42782,  97744,  47101,   9460,  45907,  50122]), array([ 72880,  71198, 125542,  77495,  95162,  38251, 148815,  56748,
       145673,   1116, 151866, 123792, 145353,  80317,  92285,    955,
        28377,  72446]), array([103974, 118869, 112037,  36095, 100637, 141799,  93400,  57375,
         1944, 139169,  89019, 143384,  92516,   5967,  12511, 103589,
       113248,   6201]), array([ 98249, 107048,  36670,   6617, 103191,  40914, 136905,  58559,
       101970,  14827, 112217,  53895, 153034,  73646, 131501,   2956,
          631,  68143, 128588,  96917]), array([ 74183,  47361,  21208,  90916, 120593, 104505,  78391, 132144,
        78731,     76, 105895, 110268, 141499,  30136,  56797, 151383,
        63580,  25522,  23895, 135294,  62602]), array([  8560, 104803, 114346,  62986, 132162, 111036,  16653,  10113,
        66623, 109019,  56726,  26586,  22409,  35285,  16685,   8819,
        43431,  27086,  67767,  59670, 123975,  30356]), array([ 25595,   6381,  52385,  49569,  49208,  73249,  33796,  25947,
       104316,  40993,  15388, 144884,  76296,  54909, 144782,   3350,
        79006,  11543,  94648,  44804,  86687,  19168]), array([ 97827,  52561, 121390, 131769, 132501, 135092, 130424,   3224,
        73151,  57164,  54095, 140926,  61225,  87214,  38564, 121334,
       112368, 145947,  76457, 148186,  71311, 123838,   9198]), array([114075,  22215, 150291, 100922,   2707, 141964,  60423, 129902,
       108067, 123547, 117958, 123964, 116150,  16544, 137291,  67576,
        58249,  15521, 120668, 140353,  49872,  71949, 125936]), array([ 58287,  79172,   6923, 117891,  64555,   5290, 111888,  61489,
       114235,  25870,  82106,  82384,  74766, 118746, 108732,  36340,
        82249,  58404, 135427, 114863, 134109,  92908, 102180,  89780,
        96261,  43061,   4251, 146092]), array([  1246,  32150,  36113,  13986,  56309,  78932,  32731,  12694,
        13833, 127398,  81482, 117218,  55609,  51503,  58348,  52160,
        73873,  45117,  11403,  88626,  39932,   6153, 114469, 145933,
       152559,  92833,  79083, 110397]), array([  5012, 103635,  77991,  88099, 131951,  59746,  54374, 146652,
        60163,  37610,  88582,  50794, 108344, 149339,  82735,  42961,
        98061,  91575,  72484,  86881, 141433,  81997, 153070,  55607,
       147035, 136266,  91187,  67036]), array([125975,  57825,  99331, 126381,  65853,  10183, 137920,  50727,
       148024,  91215,  11149,  70443, 148569,  91920,  47334, 132971,
       105113,  85623,  22716, 106736,  12104,  71397,  31770,  29152,
        67005,  75904, 147325, 140578]), array([ 24352,  39811,  36358,  57706, 112798,  24286, 145640,  30936,
        65483,   2512, 117021, 152122, 122381,  90889,  21520,  44704,
        78325,  35210, 126305, 126583,  32119, 110355, 137709,  25335,
       151566, 123408, 116400, 112191]), array([ 16865,  24760, 119346,  38989,  59956,  53032,  18041,  40492,
        75286,  79158,   7833, 127223,  45147,  10647, 135258, 107499,
        63807,  27382,   1491,  78229,  83476,  49749,  50752, 123419,
       148607,   8994,  47134,    304]), array([114061,  10995, 153133,  71762, 113157,  80075,  29616,  91078,
       140230,  48783,  60804, 132513,  90512, 100876,  35403, 148536,
        58694, 133720,  72092, 137071, 129074,  36504, 100367,  47276,
        91635, 116976,  87527, 142154, 151034,  53377,  76031]), array([141971, 126329, 104279,  77823, 140624,  58922,  93717,  23902,
       150843, 120027, 118253, 135787,  21292,  89082, 122938,  33891,
         4188, 135360, 122953, 102293,  30046,  41281,  74385,  78582,
        95899,  13113,  80761, 101095,  68452, 135463,  93458, 119495]), array([ 62477,  22326,  54551, 119118,  82084,  74699,  45866, 121607,
        20098,  73020,  97547,  46009,  25771,  93039, 105062,   4774,
       147756,  89985, 127671, 108689,  64323,  52837, 152077,  83190,
        82201,  49957, 141688, 121547,  53527, 129474,  82501,  80611]), array([110507, 102016, 114756,  47225,  44086,  12481,  50086,  59606,
        53195,   5565, 118402,  26589, 116295, 144531,  49643,  27929,
        71622, 148846, 113053,  22106,  85960,  19701,  99575, 100904,
       100200, 126989,  94165,  25744, 111917,  63910,   9542,  25032,
       133206]), array([139760, 150653,  87074,  74965, 112508, 151360,  68004,  36531,
          790,  54582,  64728,  82260,  60404,  75479, 143231, 112978,
       105650, 148034,  72112,  99119, 113036,  85499, 145649,  20487,
        93993,  38465,  56538, 153455,  41985, 153813,  91562, 134096,
         1741]), array([ 79088,  16568, 127849,  75258,  71656,    237,  18896, 102705,
       103809,   5540,  80658, 137396,  60626, 136145,  29018, 111479,
        13261, 114164, 144187,  32163,  60821, 109329, 146792,  90242,
        51265,  61752, 105008,  59531,  46541,  52985,   2166, 118014,
       142607]), array([ 15834,  45149,  82755,  13161,  91110,  66393, 144488,  72167,
        25727,  24858,  64720, 149251, 127035,   7132,  56052, 125831,
        91172,  77460, 139509,  46163,  46329,  26991, 121123,  85808,
       124490,   2965, 115627, 101856,  17852, 152002,  15660,  25876,
       103341,  59430,   5862, 144241,  66031, 113179]), array([111405,  30385, 128589,  48164,  44442, 147565, 140690, 102985,
        79392,  27095, 116344,  35305,  45369, 142152, 132591,  54814,
        84335, 151711,   9235,  29776, 112393, 117725,  87314,  19544,
        94553,  23398,  30702,   9995, 121161,  49167,  42281,  54141,
       147938,  52179,  72802,  33488,  40761, 140054,  22297,  61789]), array([  2105,  63761, 145184,  25190, 103551,  79068, 119574,  12160,
        79861,  96696,  69067,   6913,   3826,  57330,  83525,  56257,
       129970,  43300,  76844,  42383,  49068,  40688, 117657,  24999,
       145070,  73754,  41649, 143534, 150708, 130257, 123338,  56571,
        94406, 118369, 108757,  45343,  43673, 152213,  21031, 146726,
       118880,  59042, 143830,  20866,  40042, 131991, 106891,  74331,
        38433, 122809,  18292, 151705,  79526,  94569]), array([141571,  43073, 118707,  99645, 125561,  29384,  89300, 146843,
        74285,  49291, 105647, 103287,  83089,  96560,  36572, 105452,
        37405,  49637, 122056,  25823,  72831,  12591,  53159,  17272,
       117522,  89581, 126544,  89799,   8646,  15161,  30366, 115236,
       129268, 123556, 144025,  61090, 139261,  33700, 123950,  83788,
       118195, 148508, 103130, 153151,  66194,  52549,  34225,  22628,
        96020,  60797,  59816,  37035,  71977,  43573, 127493,  49850,
       100870, 148694,  74778,   4302,  64763,  45496,   3136,  53554,
        58586, 145406,  94367,  32351, 139395,  57433]), array([120687,  45755,  86225, 103018, 138172,   9829,  52728,  90746,
        74096,  95443,  11510,  58393,  21833,  68572,  72883,   1406,
        84099,  12288,  67561, 138777,  24449,  36623, 128539, 143297,
        67024, 136391,  21984,  15713,  26027, 106765,  74879, 142077,
       147503, 115686, 136304,  24052,  15700, 105516,  51743,  20393,
       109083,  34431,  86047,  75271, 101818, 111616, 141054, 101058,
        27816,  76100, 120659,  22502, 151477, 136687,  92570,   5149,
        37143, 143892,  53144,  57419,  61612, 121493, 147909, 138067,
        20689, 112059,  38486,  18198, 111836,  11474,   3968,  65860]), array([148370,  12230,  31639,  43483, 120267,  35238,  93295,   8870,
        25378,  23399,  77344,  16918,  36368, 105426,  53488,  99163,
        50001,  42312,  87549,   7222,  18398, 120091, 114422, 110334,
        29151,  78145,  94381, 151168, 128034, 115594, 143592,  97416,
        47848,  35122, 125905, 146856,  11387,  91538,  78683,  85987,
       113508, 102845,  55675,   7407,   4811, 153671,  63950, 151106,
         7821,  87147,  43169,   3887,  13796,  10287,  79744,  16689,
        71963,  29654,  54028,  84233,  58864, 147195,  26903,  97341,
       146941, 149277,  18902,  66054,  65519, 108472,  40060, 139360,
       137313,  48360,  12345,  89121]), array([ 90286,  65947,  27873,  49154,  97136,   9293, 136410, 138046,
       110115,  52986,  59451,   1710, 113954,  54083,  54610,  50163,
        79489,  55812, 137431,  11522, 151546, 146779,  57057,  72530,
        56746, 111932, 142840, 123572, 130394,  74531,  78184,  75893,
        58828,  79052, 108349,  42086, 146247, 146100,  16264, 115808,
        34873, 150187, 151012,  91395, 123396,  79514,   4115, 103054,
       107861,  78515,  32308, 134483,  85988, 115072, 126054,  91643,
        69443, 113728,  38090,  63711,  93720, 108354, 108112, 130969,
        14814,  38026,  14514,  48738,  25932,  83306,  38336,  14593,
        46449,  84080,  82705,  95624, 140939,  28697,  96466,  20979,
        22090]), array([123083,  91590, 112829,  81729,  39287,  28369,   6865, 139485,
        33728, 123313, 122060,  51189,  42427, 100744,  27849,    481,
        25583,  11854,  61761, 149909, 118464, 138053,  99806,   6783,
       151699, 116455, 127742, 140080,   5523,  75212,  62209,  46858,
          823,  89166,   1234,  43015, 138996,  80448,  20874,  37886,
        83095, 144478,  21196, 100776, 148941, 118328, 121998,  64784,
        68217,  76939, 101487, 112864, 125082, 123459,  93032,  19539,
        61266,  88342, 149322, 150783, 141114,  69841,  37423,  38229,
       133134,  35850, 128689,  17020, 127336,   6502,  57561,  11386,
        43220,  39481, 114183, 107630, 153750, 131021, 137012,  33748,
       148445, 126360,  36821,  86233]), array([ 55629,   1921, 124104,  72716,  88594,  12650,  24970,  67254,
       121114, 112126, 141813,  90898,  21748,  92340,   9038,  83325,
        75052,  16213, 124341, 140132,  17635,  45051, 135129, 127275,
         8045, 131092,  19846, 128609, 142821,  32859, 153198,  41301,
       142796, 110621, 100992, 113762,  96666, 121317,  53275,  42827,
        71241, 142389,  24544,  94015, 109437, 108920, 115773, 149181,
        99603, 107451,  25557,   2493, 125287,  51467,  96692, 113553,
        67993,  69641,  11968,  26432,  82199, 114887, 117668,  46812,
        20624, 151954, 147791,  44765,  40869,  43538, 102139,   6728,
        45681,  31940,     16,  39236, 127474,  29596,  58209,  70843,
       119039,    982,  54154,  42020,  68207,  98446,  75054,  33209,
        21868,  26382,  49579]), array([ 37299,  11008, 119729,  83494,    108,  20294,  28467, 139482,
       136177, 129893,  85622,  18932,  42183, 122899,  58382,  32997,
       111727,  83235,  42413, 137362, 126373,  52944,  62635, 129064,
        33785,  69969, 120717,  14086,   1983,  45493,  96969, 126452,
        90418,  45238, 132477,   4300, 126668, 127637,  12791, 118146,
       102199,  61807,  27834, 133062, 110545,  72125, 131464, 103758,
       132063, 118135,  95784,  45870,  43273,  29666,  10066,   1023,
        21734, 134142,  41167, 126086,  34209,  29849, 147405,  46928,
        38740,  80425, 103621, 147655, 100047,  67441, 112965,  27405,
       142598,  79382, 131652,  11107,  42050,  29422,  77608,  90924,
       113532,   3822,  77691, 133095, 122463,  52041, 141165,  64715,
       136092, 147316,  70692, 151381, 101040, 135711, 136073,  48751,
       120408, 153557, 152451,  38330, 149414,  34440,  28399,  77504,
        85014]), array([ 47535,  33953, 143220, 100941, 118381,  77137,  87850,  48528,
        58062,  99841, 107809,  74461,  76442,  57710, 110967,  55077,
        35796,  25944,  21193,  83044,  28504,  35493,  54380, 135677,
         9634,  98564,  29729, 113166,  87550,  89570, 104230,  30535,
        22843, 119768,  80613,  86381, 146255,  97377,  90351,  73047,
         5707, 121383,  25495,  63094,  15251,  63577,  95544,  51180,
        26048, 129534, 142212,  29258,  10842, 143191,   7322,  43112,
        25859,  81003, 122502, 115421, 121159,  75651,  91297,  41760,
       109823,  12164,  25056,  45338,  57683,  16885,  12652, 143178,
        49514,  37425,  81420, 128925,  20830,  77101,  26981, 147173,
        64276, 108801,  92433,  46718, 126443, 113543,  17274, 127151,
        51276,  77884,  98861, 111703, 106101,  98036,  89678,  95339,
        45523,  41352,  62920, 107256, 142873,  57131,  45642, 141870,
       100885,  31216,  47496,   9654,  96014,  16637,  25149,  73358,
       144742,  53853,  33867,   5847,  19682, 128690, 152583,  98986,
       103948,  22293,  98813,  83686, 142145, 113187, 120410,   7108,
       113504,  62438,  48520,  27690, 125087,  74954,  19347,  11997,
        52910,  43879, 103073,  26063,  17804, 103239,  55119, 116583,
        11082, 135955,  16288,  34712,  41609,  23750, 113347,  83611,
        63196,  68889, 115578,  23758, 151707,  50419,  21112,  77987,
       138287, 114315,  86428, 104027,  51611,  45962,   1692,  18163,
       145108,  95306, 120639,  30686, 129384, 140689, 136488,  70720,
       140985, 149819,  70944,  71471, 141760,  99172, 141557,  21796,
        97072, 153186, 139337,   7119])]
shape of feat_train: (1539, 602)
Mean accuracy: [0.8545451259623379, 0.0032726540440442785]
