Namespace(dataset='reddit', dropout=0, epochs=400, gpu_id=0, hidden=256, inductive=1, keep_ratio=1.0, lr=0.01, method='herding', mlp=0, nlayers=2, normalize_features=True, reduction_rate=0.075, save=True, seed=120, weight_decay=0.0)
size of adj_train: (153932, 153932)
#edges in adj_train: 10753238.0
Test set results: loss= 0.4640 accuracy= 0.9409
idx_selected :  [array([ 13694, 111146, 140821,  14334, 115195,  16130,  55723, 150130,
        56593,  18095,  55016,   4947,  90507, 153131,  19330,  59367,
        93033]), array([ 97335,  54753, 139038, 114163,  39480, 134471,   3728,  75220,
       132075,  38008, 136234, 109506,  75459,  36543,  44289,  49905,
        94065,   2869,  71712,  32563,  82018, 152871,  13954,  66780,
        53126, 143129,  33734,  83106,   9896,  87547,  40992, 138790,
        21334,  79466, 134939, 102967,  47379,  71294,  17570, 108011,
       152479,  38138, 134926, 101935,   3454,  56855, 111716, 107255,
       136681,   9448,  33068,  25462, 118639,  29203]), array([ 74959,  67316,  29987,  79666,  67465, 151853,  66181,  11687,
       113487,  50989,  85304, 121834, 105521,  19161,  63981,  22796,
        52459,   5758, 133563,  84153,  10752,  64657, 135154,  87910,
       108455, 117367, 139821,   5992,  96494,  31146,  68325, 149581,
        84822,  58255,  80464,  10045, 134983,  56074, 117972,  74451,
       140447, 138708,   5040,  42138, 113983,  69599, 104095, 101505,
        16337,  18549,   3948, 142138, 116321,  57810,  56903,  43451,
       142903, 114005,  80143,  39309, 117525, 125410,  23562,  93262,
        66840, 141542,  27757, 141484, 109894,  12527, 104260,  15176,
        47849,  74440,  71759,  70056,  55058,  60391,  80764,  72146]), array([ 60223,  36456,  91819,  49871,   8569,  78966, 144219,  54399,
       102621,  94720, 132824,  61627,    393,  29208,  55040,  62910,
         3727, 130112, 142664,  84671, 105478, 112209,  12314,  14125,
        49240,  20561, 119133,  93928, 143014, 109665, 103307,  86600,
        85821,  28110, 126926,  81453,  79468, 128530,  14714,  59916,
       108038,  19336,   2506, 104044, 149821,  42141,  93060,  87308,
       145970,  55697,  34042, 126501,   7543,  69016,  34064, 106473,
        43321, 116835,  99348, 108407, 134961,  99667, 143900,  53763,
       122385,  96945,  75891,  23729,  92379,  80048, 109349,   4014,
        51144,  48958,  25555, 131873, 119798,  99671, 151560,   1706,
        54016,  32903]), array([113413, 109915,  52201, 143721, 134521,  51709, 122185,  84576,
         6580, 126767, 143281, 123541, 123696,  44701, 109495,  95486,
       135087,  48266,  63287,  50892, 152348,  32533, 116854,  32926,
       129395, 119857, 115060,  75931,  85731, 115852,  23303,  25441,
       126242,   9498,   6425,  37887,  58572, 104794, 142463, 124251,
       122035,  59835,   7608,  85059,  85202,  81497, 147440, 139095,
        43156, 112048, 109927,  49235,  38979,  24010,  87659,  38296,
        55496,   6977,  31262,  89681,  64268,   8605,   3185, 146494,
        54965, 144063, 132745, 103194,  33290,  60486, 119797, 111601,
        40364,  67596,  52741, 110607, 143295,  52926,   7964,  17941,
       127095,  25171,   1509, 120446]), array([ 82638, 146276,  96140,  62269,  17879,  39607, 122819,  75582,
        69130,  84147,  45804,  26383,  96492,  17577, 129823,  22682,
        31437, 104090,  49207, 101989,   7271, 141873,  50319, 116946,
       105661,  22740,  88841,  70102, 138939,  13813, 111678, 101542,
        48461, 141013,  41523,  83014,  43280,  51613, 142816,   5513,
        34306,  88081,  83448,  81629, 142871, 108616,  22208,  49452,
        46836,  12208, 138591,  14837,  62177, 139614,  85860,  78344,
       131749, 112200, 103849,  72669, 113755, 135607,  17340, 110928,
        51598, 138812,  52388,  58003,  25787, 140198,  65708, 152927,
        70390, 114026,    787,  42553, 130964,    415, 113678,  28260,
        22906,  57202, 127303,  22130,  10457,  80720]), array([112977, 143122, 150745,  37852,  10154,  59309,  16483,  66144,
       117286,  34702,  58414, 145672,  98468,  70523,  60723,  24081,
        67021,   9410, 114818, 104498,  95981,  14007,  96371, 135986,
        76024,  88598,  62546,  95555, 100758,  44102,  85532,  21954,
       133447,   7968,  75511, 135441,   4698,  95078,  82900, 112905,
        58492, 106239,  22284,  97781,  36331,  77462,  43865,  96408,
        14231,   5314,  35817, 148755, 131393,  30729,  75721,  10058,
        99293, 132989,  15629, 120640, 119255,  68801,  13894, 141783,
        83688,  29765,  30969, 121316,  18974, 133502, 106914,  38960,
        81126, 104300,  61107,  77182,   4752,  18544,  73009, 117905,
        54529,  66454,  60697,  34380,  46612,  55226,  38786, 115813,
        75648,  47984,  72205, 125530,  58774,  98571,    133, 129700,
       122152,  91129,  16594, 122347, 126903,   7008,  88308, 101461,
        72654, 101840,  29552, 106620, 136399]), array([  2758, 110367,  71690,  42238, 119892,  51002, 110087, 134559,
        52754,  70631,  81432,  85112, 150140, 121504,     82,  32042,
       138655, 128437, 115175,  11923,   6441,  41946,  67098,  29039,
        90815, 120221,  19891, 139617,   7814, 105574, 107456,  87540,
       132163,  92259,  82873,  63714,  16082, 116345,  40896, 129195,
        65470, 109218, 123949, 133830,   6154, 125012, 126449,  50518,
       122957,  81073,  27255,  36051,  41158,    851, 142634, 103181,
        33768,  39445, 122529,  60716,  38840,  40948, 106465,  97839,
       131760, 140232, 144041,  94369, 131578,  73129,  85663, 108111,
        60330, 121662, 107054,  97022,  76796, 134679,  85022,  88096,
        21252,  66754, 126960, 152050,  58017, 106980,   3407,  65275,
        62952,  77877,  96719, 139897, 117841, 112312, 140477,  14245,
        66197,   1600,  32435,  14076, 110152, 145644,  72107,  60151,
        34824,  35235, 137883, 142356,  20212,  93128,  74313]), array([ 78624, 110403,   5055,  90188,  19959,  70775,  60712,  61501,
        74064,  95052,  95918, 118520,  59087,  85953,  91014,  66790,
       123621,  59165,  20586, 115751,  76097, 132195,  55355,  77487,
       113151,   1070, 152329, 101665,  63586,  75439, 103284,  96251,
        92144,  35734,  50014,  75133,  26960,  98043, 131014, 107433,
        38565,  68528,  36462,  70810, 125254,  84350,  25951,  43435,
       114290,  40929,  20884,   4011, 117219,  95353,  26021,  85933,
        76718,  23841,   6253,  29516,  70171, 136457,   6992,  93059,
        36852,  58637,  92786,   1029,  31902,  11776, 106086,  82788,
        99686,   7136, 153400, 125171, 144337,  64869,  52912, 131964,
       147850,  50476,  81270,  88712, 129942,  22787,  15169, 125285,
        51119, 142027, 140197,  62298,  30581, 137261, 142399,   3942,
        80827,   4758, 142683, 153821,  51994, 118863, 128197,  64075,
        64769,  89439, 127055, 140680, 115580,  72121,  60120,  76896,
        26381,   6189,  88743,  23618,  61968,  12900]), array([ 15991,  74345,  34334, 106669, 146973, 110337,   2477, 109606,
        99651,  86229,  42782,  97744,  47101,   9460,  45907,  50122,
        11487,  63425,  27563,  34656, 129839,  12834,   8118,  14005,
       133750,  95213, 117527,  55875,  85010, 112166, 115258, 120477,
         1371,  73555,  67703, 133078,  31790,  38526, 127634, 139204,
       131116,  47401,  34880, 106053,  34364,  59410,  80505,  92194,
        96785, 103349, 113834,  70329,  48780,  51297, 113644,  24622,
        70827,  85978,  44493,  65128,  49542, 120518,  76345,  96765,
        16723,  33883,   3633, 133145,  47792,  36433,   7133,  91329,
        28638,  31818,  94379,  47185,    969,  82042, 109755,   1854,
       137424, 139735,  37705, 107624,  77315,  10872, 121789,  55189,
        74685, 142094,    588,  70570, 129575, 102363,  32181,  34764,
       110990, 100421,  71945,  77090,  15819, 124992,  41938, 118643,
        53351, 122228,  10704,  23449, 114652,  64462,  40765,  94597,
        84937,  24703, 132756,  68183,  41295,  21152,  56780,  10269,
        96527,  92241,  72712]), array([ 72880,  71198, 125542,  77495,  95162,  38251, 148815,  56748,
       145673,   1116, 151866, 123792, 145353,  80317,  92285,    955,
        28377,  72446,  31975,   5217,  59985,  76777,    961, 126479,
        18459, 123771, 132343,   2623,  78387, 150609, 133184,  77922,
        38144, 137374,  43246,   5983, 107908,  45170,  92006,  79113,
        62268,  22468, 141335,  55484, 111411, 128377, 120230,  98743,
        21870,  47243,   6200,  54230,   7744,  77490,   6852,   8929,
         6587, 125418,  11020, 125343,  41811,  59360,  55112, 124610,
        35453,  98555,   5489,  21258,   9824,  61751, 136002,  23157,
        73806,   7660,  83659,  45849,  45426,  29995,  26139, 151359,
       150020,  68137, 102112, 132586,  16709, 141777, 100963,  81155,
        68067, 113250,  25490, 103571,  74796, 107455,  48689,  97073,
       135732,   4905, 135357, 111577, 111728,  26527,  66142,  57750,
        50849,  14124,  47117, 148138,  91820,  17903,   8492, 131600,
        53043, 115574, 138859,  94288, 100804,  28882,   3118, 109720,
         4756,  97121, 122508, 102193, 118347,  89831,  18102,  59117,
       127712, 118341,  63859,  88733,   2111,  73518, 149943, 116172,
       142442, 111223,  72917,  25002,  60750,  96298]), array([103974, 118869, 112037,  36095, 100637, 141799,  93400,  57375,
         1944, 139169,  89019, 143384,  92516,   5967,  12511, 103589,
       113248,   6201,  29804,  89102,  79122, 126803, 116951, 134712,
        62361, 132898,  91743, 138667,  19214, 108579,  10828,  79913,
        22820,  58327, 102288, 111822, 102718,   6124, 105922,  97595,
       117509, 150260,  69462,  75706, 103313,  73784,  18255,  90475,
         1477,  58134,  14368,  57289, 101649,  47218,  96867,  57789,
        15304, 123366, 139417,  46790, 108493, 122384,  54055,  37879,
        50293,  52355,  55541,  99937,   1965,  67190,  20506,  22856,
        90565, 153926,  64298, 119052, 144330, 137859,  68826,  93840,
       143053,  95219,  44579,   7193, 140009, 147698,  13925,  58415,
        72068,  24675,  17688,  53866,  88691,  91154,  33305,  71131,
        51151, 144995, 125723, 112619,  62824, 121421,  40407,   9999,
        92297,  43077,  39638,  90805,  38241,  91532,  97585,  42340,
       102609, 108176,  25938, 144865,   7659, 107136,  83442,  92572,
        86957, 130812,  10766,  44354,  86470,   5903,  28678, 132135,
       112906, 107165,  61656, 106226,  13347,  36376, 146508, 101889,
        62114,  94708,  16341,   3705,  20901,  81624]), array([ 98249, 107048,  36670,   6617, 103191,  40914, 136905,  58559,
       101970,  14827, 112217,  53895, 153034,  73646, 131501,   2956,
          631,  68143, 128588,  96917,  45437,  94360,  91135, 135842,
        98307,  59930,  25150, 150205,  72705, 144176,  35779,  41317,
       150562,  47690,  62101,  66698,  49212, 128205, 107832, 110396,
       133593,  56093,  26653,  72677,  28057, 101681,  57964, 153685,
         3018,  36618,  94064,  71102,  66244,  28392,  21820,  48241,
       104762, 130323,  61625,  24601, 132041, 123727,   7025, 113731,
        59290,   3975, 134447,  72872,  52239,  46920,  26058,  72686,
       101549,  77967,  54371,  16623, 143563,   4696, 129417, 138345,
       141476,  63626,  36161,  53827, 118305,  96979,  48037, 143649,
       141296, 115074,  45345,  34067,  15918, 118301,  53670,  18591,
       112007,  94401, 148305, 109743,  23584,  15715,  96565, 144110,
        51911,  30025,  83815,    995,  69202,  54289,  99343,  26303,
        20840,  49395, 152540,  22154,  49743,  98557, 142837,  75660,
        29198,  58268, 133441,  10201, 141214,    863,  77435, 105049,
        89609,  90338,  68234,  28353,  30416, 137973,  80650, 140269,
        92556, 108071,  17946, 153452,  40699,  70708,  65880,  91519,
        78324, 118196,  78228,  80999,  92878, 106385]), array([ 74183,  47361,  21208,  90916, 120593, 104505,  78391, 132144,
        78731,     76, 105895, 110268, 141499,  30136,  56797, 151383,
        63580,  25522,  23895, 135294,  62602,   9221, 138987,  13864,
        21361, 117349,  38619,   2220, 145251, 103987,   9384, 126871,
        63152, 120612, 130032,  93558, 129399, 114309, 120546,  31424,
        19601,  30816, 133189, 138947, 104431, 115674, 105406,   1975,
        30465,   2949,  18307, 102867,  93786, 117352,  87713, 109759,
        95977, 119874,  86754, 108350,  86581, 113735, 146142,  15683,
        45306, 135952, 104304,  28308, 146267,  94862,  11591,  74360,
        67411,  98172, 105096,  76645,  20207, 143029, 149272,     53,
        85895, 133047,   6987,  84112,  83131,  38756,  52371,  65038,
       138129,  55698,  70247,  57075, 122225,  48823,  58902, 147577,
        65711, 147332,  10267,  30482,  57201, 128106,  18571, 109214,
       101157,   2104, 130968,  47118, 132964, 111058, 126136,  38630,
         1935, 130465, 119994,  35666,  58966,  29954,  93173, 101184,
       122104,  99813, 149579,   4719,  41187,  97679, 140311, 151099,
       148115, 119601,  53503,  88584,  68299,  71872, 123767,  91304,
       102745, 109445, 116435, 126798,   7206,  88876,  35532,  52850,
       138509,  46265,  96038,  90649,  42694,  54686, 104301, 125377,
        75541,  81423,  80112, 137237, 147555,  78148,  63673,  27173]), array([  8560, 104803, 114346,  62986, 132162, 111036,  16653,  10113,
        66623, 109019,  56726,  26586,  22409,  35285,  16685,   8819,
        43431,  27086,  67767,  59670, 123975,  30356,  61484,  18532,
        34803,  80169,  50827, 121242,  29075,  43551, 133482,  57726,
        44652,   6916, 153022, 134063,   2269,  47436, 104964, 127157,
         5403,  37347,  12968, 133545, 109783, 116286,  13923, 138437,
       145278,  61057,   1768,  95746, 150343,  67754,  61236,  28134,
       150687, 124615,  78263, 136363, 145243, 100873,  82757, 114694,
        15554,   5463,  70684,  23117, 150704, 122672,  12700, 123689,
        74293, 116281,  28657,  40602,   5096, 145489, 149331, 114279,
       134237,  55701,  86836,    676,  92062,  56658, 148321,  23225,
       118719, 142035,   6227, 132468,  81647, 110000,  91814,  76147,
        50729,    700,  70009,  82116,  59665,  76628,  12748, 104916,
       125843,  33775,  49310,  54775,  74121,   1926,  91516, 126697,
       130711,  85950,  64667,  10229,  46047,  90493,  85463, 105124,
       130696,  92521,  48896, 138001,  20292,  58402,  36515,  12226,
       143421,  89699,  27452,  56239,  54257,  29939, 108239, 146625,
       142031,  90913, 132571,  70471, 146509, 143991,  31807,  61157,
        85393,  26053, 152019,  70236,  65666,  13265,  15681,  83237,
       117593,  62712,  75227,  59357,  97020, 108625,  77584,  95933,
        77500,    660,  53571,  56064,  99869,  57741,  55117]), array([ 25595,   6381,  52385,  49569,  49208,  73249,  33796,  25947,
       104316,  40993,  15388, 144884,  76296,  54909, 144782,   3350,
        79006,  11543,  94648,  44804,  86687,  19168, 109646,  20755,
       118781,  42479, 150000, 115493,  93809,  11844, 109701,  84739,
       119557,  62314, 150675,  80003,  64198,   1379,  45236,  94651,
        66318,  19647,  17374,  28189,  61055,  28285, 142125,  87931,
       113064,  33746,  68006,  35872,  37712,   3802,  29096,  30373,
       115191,  57723,  19602,  47902,  21763,  82664,  80482,  13242,
        98263,  57535, 105486,  20391,  74453,   6642,  21940, 109918,
        63806, 129557,  72860,  19943,  80875,  39936, 147755,  11831,
       126889,  55831,  74127,  37843, 111740,  27561, 107442,  92892,
        98135,  92875,  41761, 106825, 148839,  26762,  17099, 113860,
        12430,  72098,  89635,  92412, 153153,  38040, 153333, 152181,
       104263, 102518,  43897,  74209,  28466,  51877, 136126, 152224,
       121244,  98094,  50401,  24671,  83708,   6325,  37388,  43585,
        76924, 121089,  17719,  85512,  40843, 149826,  28485,  96049,
         5488,  29653, 107571, 138783,  53511, 106220, 105214,   5776,
        35277, 102623,  87013,  78199,  14680, 142285, 106517,   1558,
        71288, 105682,   8814,  11945,  89081, 141424,  39599,  56731,
        97602,  60527,  86855,  92803,  56323,  91162, 151743,  27461,
         9440, 135411,  82653, 149456, 109405, 121632, 145643,  79446,
       142485,  36162]), array([ 97827,  52561, 121390, 131769, 132501, 135092, 130424,   3224,
        73151,  57164,  54095, 140926,  61225,  87214,  38564, 121334,
       112368, 145947,  76457, 148186,  71311, 123838,   9198,  13081,
       129995,  29737, 112345, 118385,  94920,  98615,  83216,   6544,
        35325,  42647, 102436, 128370, 148285,  73837, 112617,  91965,
       139197,  89505,  95809,    263,  37736, 153231, 146800,  53258,
        58397,  74302,  41228, 118047,  53917, 145132,  99462, 121668,
        87300,  96078,  96579,  83966,   5406, 151413, 102022,  52089,
         1030, 118618,  32208,  26937, 108515,  30911, 153841,   7886,
        59305,  60291, 144015,  50255, 129327,  75193, 147054,  34230,
        72158, 126562,  77966,  73879, 124418,  44427,  29902,  83836,
        33791,  70616,  27947,  64524, 147731, 148875,  94290, 123212,
        71336,   9023, 107854, 143354,  45955,  82989, 149746,  69576,
       136194,  97354, 109072,  64051, 125959,  72061,  41721, 148887,
        55047,  78138, 107435, 137109, 138815, 117002,  88480, 105808,
        15642,  26846, 124101,   7414, 136768, 118749, 126718,  10737,
        17317,  35193,  33504,  31816,  24811,  67444,  30984, 131476,
        84042,  70812,  46021,  34562,  95087,  68610,  32358,   4018,
       137257,  13458, 127989, 149808,  97164,  68406,  32305,    207,
       132270,  84001,  64854,  26247, 106060,  50529,  24532,  79332,
        50578,  28924,  95566, 128728, 131813, 140805, 100983,  72639,
       131437, 136667,  98494,  47615,  78792,  16071,   7056, 138986,
        62704]), array([114075,  22215, 150291, 100922,   2707, 141964,  60423, 129902,
       108067, 123547, 117958, 123964, 116150,  16544, 137291,  67576,
        58249,  15521, 120668, 140353,  49872,  71949, 125936,  29297,
       129903,   3564,  11213,  95969, 128252,  22272,  68204, 134629,
        15891,  28257,  48236,  51660, 144801,  97904,  89298,  58175,
        42843,  71000,  10444,  69870,  83693,  41806, 104453, 114354,
        47175,   9754,  68346,   1656,  76798,  27793,  54760,  57466,
       129726,    740, 133324,  84579, 148813, 104312,  19912, 136400,
         9121, 133509,  19832,  11341,  16804,  69304,  70700,  93713,
       148225,  35497, 139181, 109723,  40362, 149792, 100387, 108224,
        59524,   4960,  93587,  43024,  93816,  70870,  85487,  26716,
        81561,  57973,  35268,  59981,  59249, 127997,   8675,  14174,
       110390,  99094,  63611,  24048,  85205,  29343,  81296,  84562,
       127341,  52100,  38897,  59688, 136600,  65514,  40469, 122397,
       128296,  85422,  88763,  71922,  21976,   1242,  81033,  91180,
       122105,  47784, 132050, 129271,  25520, 102971,  46988,  24997,
       119216, 138398,  55892,  35201, 115974, 101937,  96650,  23019,
        99061, 110029,  60461, 150871,  96823, 109556,  37358, 106869,
       149408,  61392,  30462, 134501, 122191,  74218,  35508, 133682,
        78243, 145036, 136295,  68866,  56281,  61244,   8828,  54546,
       105861, 127635,  19155,  13750,  54139,  73811, 119907,  22408,
        76989,   4944, 113007,   7006,   5135,  27908,  78064,  85035,
       140732,  94113,   2722]), array([ 58287,  79172,   6923, 117891,  64555,   5290, 111888,  61489,
       114235,  25870,  82106,  82384,  74766, 118746, 108732,  36340,
        82249,  58404, 135427, 114863, 134109,  92908, 102180,  89780,
        96261,  43061,   4251, 146092,   1263,  46079, 102189,  37641,
        86493, 123723, 152800,  38708, 124805,  21807, 116028, 153757,
        63121,  72760,  68031, 125642,  94839, 100981,  97534, 153514,
        49960,  99312,  60122,  98602,  49656,  42530, 136300,  70860,
         7578,  76430,  38412, 117425, 114922, 137364,  39258,  49033,
        79141, 104846,  98727, 103338,  92758, 107674,  27148, 135316,
       133492,   4001,  55236, 114307, 106593,  55030,  45559,  83960,
       108380, 111267, 123241,   2948,   2885, 110583,  93494,  33343,
       110289, 108795, 114090,  31889, 126284, 123562,   7449, 152024,
        27632, 143288,  22717,  19265, 146733, 126648,  71673,  47903,
       141709,  68699,  54707,  10135, 134628,  16410, 143591,   2601,
        67810,  41445, 139845,   6813, 113960,  79612,     32,  66735,
        77633, 112097, 151128, 117911,  91021,   9666, 101296, 114095,
        45853,  88079,  68579,  51747, 109280,  28331, 106312,  23080,
        58695, 121361, 108410, 104639,  73136,  82835,  30265,  51532,
        40750,  84174,  93791,  54975, 116847, 135704,    330,  61351,
        79780, 123850,  71376, 111511,  33499, 123132, 120018,  88906,
        90901,  42743,  70269, 109652,  22540,  44683,  85476, 118158,
        97566, 113276,  88101,  62450,  71448, 123940, 131455, 129123,
        10834, 133575,  53472,  81414,  32382,  10543,  21345,  64345,
        65779, 119701,   7338,  61070,  46171,  57123,  46851,  23752,
        48999,  26275,  42226,  63975,  64021, 146186, 116975,  77329,
        51792, 108541,   5716, 150364,  60902,  31330,  62606,  88477,
        79808, 112800]), array([  1246,  32150,  36113,  13986,  56309,  78932,  32731,  12694,
        13833, 127398,  81482, 117218,  55609,  51503,  58348,  52160,
        73873,  45117,  11403,  88626,  39932,   6153, 114469, 145933,
       152559,  92833,  79083, 110397, 149584, 115996,  51671, 104049,
        83841,  64081, 105764,  61576, 125380,  42084, 143881,  92248,
        24055,   2365,  47104, 150900, 104294,  92295,   3992,  15825,
       120946,  19518,  29603,  49441, 129033, 151814, 129703,  13839,
        29648,  60915,  84773,  57718,  18702,  50917,  54442, 123504,
        54899,  93519, 110361,  93671,  81346, 134270,  72754,  15886,
       102896, 149068,  50767, 141881, 104922,    243,   3201,    923,
        63962,  69928,  75580, 129083,  51690,  35318,  23855,  58760,
        18602,   6294, 110703,  36700,  66947,  42327, 122390,   4711,
         2196,  97828, 107577,  97675,  50115,  22839, 151041,  92178,
       117845,  97380,  76392,  24331,  60254,  75646,  79575,  15219,
        52596,  21704, 136195,  98053,  81507,  54243, 130353,  98824,
        18635, 143348,   1319,  32843,  33602,  44413,  16148,      6,
        72693,  32573,  19112,  76824,  27056, 150696, 143329,  73086,
        53082, 109224, 123094,  33601,  14418, 123091,  19651,  70888,
        14219,  13235,  56235,  14789, 144999,  45043, 120417,  25188,
        12630,  58754, 121953, 119913,   8071,  82065, 106359, 150337,
       120038, 102565,  27247,  41119, 121004,  10476,  35141,  57544,
         4142,  45871, 118265,  74109, 117687,  86369, 145883, 118815,
        12795,  86303,  56863,  66555, 115828, 130857, 139774, 132192,
        56602,   6144,  51102,  28694,  19455,  14826,  51497,  77051,
       123951,   2327,  67075,  46184,  42750, 148338,  71830,  38461,
       148658,    367,  65607, 122682,  55368, 133523,  16252,   8458,
       139319, 115322]), array([  5012, 103635,  77991,  88099, 131951,  59746,  54374, 146652,
        60163,  37610,  88582,  50794, 108344, 149339,  82735,  42961,
        98061,  91575,  72484,  86881, 141433,  81997, 153070,  55607,
       147035, 136266,  91187,  67036,  59013, 114169, 147647,  44080,
        97878,  49789, 143229, 131943, 101295,  94993,  62883,  14216,
        88237,  52853, 125124,  44235,  85170, 137969, 116672,  22647,
       129147, 146961,  26353,  30736,  82155, 140028, 107572,  10583,
        99786,  81092, 108739,   3632,   8164,   3547,  52300, 111052,
        24446, 121073,   4897,  95938,  40105, 121980,  44145, 122340,
        25128,  17448,  73195,  41849,  55398, 126377, 137162, 152739,
        35679, 116992, 151467,  95224,  68504,  51860, 111448,  74414,
        58955,  10751, 122387,  82993, 119408, 111795,  24882,  25647,
        27263,  12826,  28602, 117399,  95167, 138571, 106575,  88931,
       131065,  71846, 130937,  70658,   8169,  56619, 124111, 139810,
        93354, 106854, 102429, 112091,  95407,  97772,  44010,  11225,
        87324, 111760, 139798,  82239, 113707,  61678, 139931, 110630,
       123081, 148635,  16160, 136131, 135011,  34058,  29223, 144254,
        74659,  51096, 100482, 143018, 135911, 129890,  94723, 131682,
       127607,  76710,  83760, 143586,  40918, 137497,  82558, 119010,
         8993,  96546,  66855, 113301,  46971, 110064,  65975, 123334,
        85646,  60306,  34188,  35874, 109169,  87569,  58790,  58905,
         6623,  45155,  64700,  47805, 133529,  50931,  36863,  19553,
       138846,  62325, 102670,  26083, 153553,  25172, 115124,  47015,
        42899,  92607, 108402, 144817,  63215, 124887,  61453, 134591,
        63220,  78982,  65242,  10642,  48465,  67951, 132853,  93307,
       125349,  16211,  73475,  99096,  32880,  16827, 136119,  37317,
       134804, 103113,  68184,  55367]), array([125975,  57825,  99331, 126381,  65853,  10183, 137920,  50727,
       148024,  91215,  11149,  70443, 148569,  91920,  47334, 132971,
       105113,  85623,  22716, 106736,  12104,  71397,  31770,  29152,
        67005,  75904, 147325, 140578, 133021,  88364,  62762,  58173,
        15192,  87328,  77469, 120475, 121727,  82567,  87611,  45460,
        23956,  21516, 126923, 112047,  14041,   6537,  54620, 144695,
        15856, 125348,  96547,  41832,  47749,  18336,  19774,  78066,
        67087, 122099,  46427,  63825,  43357, 141555,  50491,  90868,
        56370, 134656, 106099, 104927, 104614,  20170,  86166, 143903,
       150819,  80113,  26251, 127491,  55155,  35440,  17420, 148638,
        18441,  13740,  51492, 131182, 124357,  53105,   9415, 140319,
        76612,  55830, 131002, 149106,  46556, 144510,   8150,  46838,
        21589, 106162,  37209,  67821,   5679,   1247,  68439,  14684,
        49217, 137157,   4036,  27373, 145478,  84578,  32389,  10710,
       109837,  84146,  87440,  10428, 122834,    563, 117896,  92638,
        57705,  40414, 132319,  64711,   1129,  58776, 142156,  13238,
        87372, 148932,  16029,  73854, 145792,  17522, 100306,  46256,
        19672,  47285, 115517,  65105,  88835,  82140,   8464, 138394,
        65497,  25329,   5946, 140462,  64191, 109670,  69673, 122268,
       143795, 130397,  71149, 106381,  11181,    667,  70038,  53096,
        41803,  25039, 136222,  88776, 151989,  87564, 139144,  73013,
       138030,  68019,  12812,  95105,  50722,   3438,  79950,  52247,
        71123,  27147,  45294, 122506,  81849,  27358,  70221,  45865,
        64470, 105776,  75486,  95342,  98956,  75402,   5639,   8199,
        67769, 148196,  92727, 146495,  92109,  86429,  98293,  30487,
        43306,  61062, 131093,  84041,   1172, 110701,  87252,  10468,
          299, 135647,   4197,   9249, 122561]), array([ 24352,  39811,  36358,  57706, 112798,  24286, 145640,  30936,
        65483,   2512, 117021, 152122, 122381,  90889,  21520,  44704,
        78325,  35210, 126305, 126583,  32119, 110355, 137709,  25335,
       151566, 123408, 116400, 112191,  89911,  66040,   1973,  28649,
        26532,   1527,  92152,  37860, 137789,  34752,  15177,  86801,
       151184,  80958, 144611,  65548, 121621, 115920,  65356,  97412,
        20532,  21047,  65491,  25562,  86920,  90644,   1149,  21701,
        57643,   4084,  48527,  56049,  35486,  89731,  39400, 106574,
        43574, 100688, 143747,  79476,   9500,  39315, 146510, 124477,
        60807,  56814,   8152, 122635,  35936,  76507,  18313, 113410,
       122748, 105114,  77154,  33667,  21942,  41987,  20863,  66348,
       108310, 111908, 149972, 123249,   2437, 141898, 141897,  78842,
        88553,  75942,  42225, 132039,  78059,  86305, 121295,  74794,
         1034,   4222,    781,  96574,  36998,  30713,  97752,  61426,
       121726,  84502,  31626,  94069,  14443, 152404,  22057, 123291,
        88369,  75917,  47214, 121364, 152546,  41421, 105638,  92393,
        97439, 144764,   6016,  23054,  97233, 124510,  41954,  77349,
       141364,  29751, 112642, 132406,  85126,  23586, 107536,  12456,
        87443, 112077, 123521, 131722,  42305, 109166,  63430,  31497,
         3527,  72128, 143743, 136383,  32636,   6070, 153053,  52595,
       102724,  51459,  42760, 134977,  87733,  10749,  91192, 142584,
         3113,   8159,   2120,  82864,  74147, 106828, 122986, 134933,
       115467,  92373,  13104,  71708,  46388,  81975,  88133, 143337,
        72680,  94022,  40225,  74707, 144207,  44989, 138346, 124939,
        74028,  56633,  98621,    278, 130298,  80949,  69965,  14153,
        11463, 149162, 119295,  88836, 108357,  85081,  24447, 105054,
        67690,  23986, 131012,  50328, 109571, 105706]), array([ 16865,  24760, 119346,  38989,  59956,  53032,  18041,  40492,
        75286,  79158,   7833, 127223,  45147,  10647, 135258, 107499,
        63807,  27382,   1491,  78229,  83476,  49749,  50752, 123419,
       148607,   8994,  47134,    304,  55577, 150336,  70071,  22457,
       115028,  93822,  69940,  46349,  38216,   8404, 115308,   1261,
        58023, 105315,  35369, 105109, 104427, 130724, 111255, 133904,
        77297,  95620, 109299,  55889,   1788,  56854,  19387,  90928,
       115797, 152280, 126458,  11063, 104272,  94057,  54702, 116961,
        64419,  81071,  70439,  66625,  49390, 124037, 108755,  76172,
        84264,  73450, 144854,  65086, 103499,  25416, 102941,  62039,
        13620,   2781,  51594,   4478,  32746, 153832,  28878,  36371,
        22992,  46182,  86519,  58575,  76461,  69504, 114640,  57233,
       126777,  35944, 136454,  24224,  43123, 122608,  19529,  74666,
         1794,   9842,  59861,  16492,  82871,  44890,  99273, 139125,
          756,  92845, 131461, 153567, 144471, 148151,   7588,  25239,
        79015, 115132, 111257, 143645,  22122,  12779,  24861,  98525,
       101708, 117810, 122549,  84515,  73885,   2843,  93113,  49944,
        38854,  32541, 107225,  65618,  42731,  51923,  41698,  26931,
        46645,  96752,  53530,  32920, 116285, 133821,  42136,  63889,
       130864,  83285,  74653,  62112,   7399,  18297, 146128, 119309,
       110702, 103291,  19561,  87025,   1881,  31227, 142857, 145068,
        10030,  19614,  79828, 108490, 127594, 105685, 109249,  19700,
       106107,   5298,  26622, 141359, 119884,  15093,  67000,  14386,
        44860,   9597,  91023,  95887,  37773,  22726, 101025, 124922,
        76113, 112951,  32062,  96340,  77535, 102211, 121568,  60603,
        63296,  36619, 153574, 132206,  59445,  39476,   7585, 120574,
       142257, 103678, 104968, 134857,  89904,  60606,  73329,  57644]), array([114061,  10995, 153133,  71762, 113157,  80075,  29616,  91078,
       140230,  48783,  60804, 132513,  90512, 100876,  35403, 148536,
        58694, 133720,  72092, 137071, 129074,  36504, 100367,  47276,
        91635, 116976,  87527, 142154, 151034,  53377,  76031,  79959,
        15349,  42911,  88523,  93424,  96611,  29349, 146841, 107400,
        81035,  11799, 141503,    814,  95757,  54185, 119464,  86032,
        31278, 136373, 147144,  87275,  32548,  30319, 145715,  45770,
        32660,  96175, 133197, 143340,  30407, 140955, 102839,  63985,
       100645,  81078,  23811,  37968,  49878,  62192,  80519,  90597,
        12673, 140956,  12273, 125774,  74570,  98309,  67431, 142397,
         7689,  17854,   9142, 116990,  46348,   9552, 106510,  43872,
       126908,  73467, 145539,   8715,  85704, 130304,  48707,  51328,
       106735, 103931, 128127,  30422,  39228,  79645, 147500,  12272,
        68408,  86620, 129659, 113494,  59198,   8485,  87143, 116489,
        81871,  66736, 117787,  18194,  48234,  28129, 124857, 126299,
       146493,  22009,  86823,  66997, 153641, 100815, 148119,  26290,
        54407,   3966,  11865,  16618,  65661,  54225,  79607,  56148,
       136020,  90417,   2653,  28286,    952, 100693,  38906,  83613,
        86182, 119976,  84024,  48978,  31509,  89626,  15280,  26099,
       108909,  24306, 108614, 116674,  46121,  13432,  90093,  56862,
         1200, 135277,  80025, 116737,  53348, 150258,  76028,  99553,
         5947, 126296, 112649,  14503, 111395, 152961,   3314,   3834,
        62730,  19171, 150273,  75842, 130905, 151609,  99072,  62245,
        94327,  73068,  25972,  23642,  35254,  45130,  45599,   5686,
        81605, 105170,  92240,  79674,  74960, 139089,  94332, 140109,
        99507, 119967,  48510,  22802,  11070, 116128,  55696,  49176,
        32275, 119675, 120394, 116223,  95381,  52918,  30172,  58916,
        73916, 140061,  11943, 119008,  16743, 137898,  72758,  51292,
        72837, 141275, 121627, 120098,  46276,  54206,  82043, 148820,
       114112,  33370,  86359]), array([141971, 126329, 104279,  77823, 140624,  58922,  93717,  23902,
       150843, 120027, 118253, 135787,  21292,  89082, 122938,  33891,
         4188, 135360, 122953, 102293,  30046,  41281,  74385,  78582,
        95899,  13113,  80761, 101095,  68452, 135463,  93458, 119495,
         4496, 132172,  31879,  81564, 137517, 123876, 105118,  31747,
       102127, 136102,  96535,  94102,  19584,  49926,  69238,  85796,
        92925,  73597,   1730, 123981,  63472, 104583,  23804,  39206,
         9487,  81558, 117864,  65832,  85125,  17112, 140936,  29473,
        63648,   3147,  97258, 130122,  31503,   2868, 149933,   8074,
         8361,   3367,  26628,  38635,  42712,  48441, 124754, 134256,
        33577, 107275,  72753,  66345,  76235, 135549, 105306,  33385,
        73158,  68795,  58390, 117821,  56879, 118515,  16912, 113110,
        95472,  79992, 120309,   7867,  16620,  99484, 103463,  90051,
       145078,  79556,  56374,  28080,  56408,  16874,  49619,  92553,
       142899,   5073,  15726, 142339,  24922, 128246,   1368,  13345,
        99113, 110902,  15205,  23928, 140972, 121020,  75129,  92752,
        81320,  14609,  52381,   6768,   9298,  96299, 112669, 149489,
        20406,  57696,  83276,  75204, 128337,  95789, 111283,  59422,
        76130,  40669, 101108,  96089,  76143,  58607,  50242,  86266,
        15582, 151545, 123675,  48620,    865,  88783, 118617,  55524,
       127172,  80923, 123232,  15791,  84425, 124454, 120153, 139243,
       141815, 105728,  75251,  66275,   9036,  98257,   4915,  86940,
        77064, 140281,   4153,  76303, 153101,  91156,  20310, 115955,
       104780,  42941,  29805,  22172, 132819,  41127,  71051,  56458,
        48837,  51253, 148836,   5882,  86122,  61164,  90695, 120025,
        30597,  32600,   9492,  60863,  63695,  93421,  76337,  99354,
       111444,  46685, 121135,   1593, 123830,  45042,  28713, 122085,
       118378,  54505, 108278, 131522,  51118, 121875,  43588,   5374,
       107739,  71425, 116087,  84262, 135424,  69365, 104225,  82959,
        53801, 104283,  97260,  11724,  84295,  21756, 116520,  10498,
        91505,  75016]), array([ 62477,  22326,  54551, 119118,  82084,  74699,  45866, 121607,
        20098,  73020,  97547,  46009,  25771,  93039, 105062,   4774,
       147756,  89985, 127671, 108689,  64323,  52837, 152077,  83190,
        82201,  49957, 141688, 121547,  53527, 129474,  82501,  80611,
        20808,  39810,  52378,   1315,  64399,  21048,  74787,  32934,
        66763,  27527,  18899,   8685, 122891,  48034,  25525,  66029,
       101828,  66342,  92309,  22928, 100639,   7302,  11188, 105020,
        93795, 118089,  44737,  47681,  38919, 103929,  67070, 143996,
       134170, 147602,  59026,  16401,  56500,   5297,  88748,   1196,
       102186, 133921, 131136,    128, 135375,  85225, 138467, 127725,
        69759,  49657,  11208, 106429,  66442,  78770, 138070,  45575,
       121648, 118510,  40837,  25238,  18551,  12755,  54377,  80148,
       109675, 136846, 122706,  23918,  75906, 125651,  79072,  90632,
        56060,  98949,  53394,  89797, 128579, 130827,    474,  95463,
        80840,  69586,  14803,  89488,  85738,  16856,  17644, 112231,
       114480,  84999,  17794,  57968, 149764,  15609,  21849,  32608,
       145101, 130081,  36351,  71539,  68318, 105740,  88489, 109050,
       152461, 114021, 134149,  98363,  40519, 141966, 143665,  18319,
        81529, 128717,  39327, 103543, 110372,  16587,  71445, 149608,
        58335,  18100,  12027,  80820,  23138, 132864, 108002, 136406,
       144908, 141322,  67780,  67591, 125196, 148089,  96646,  82046,
       113598,   9692, 119302,  53395,  81374,  62070,  39769,  90668,
       139454,  49155, 129999,  50843, 129664, 114263, 132682, 139673,
       147747,  61921, 122264,  52488,   7027,  27584,  76280,  32767,
       111495, 139850, 152847,  66328,  95599,  29799, 139489, 126085,
        76554, 107802, 122526,  77553, 147207,  69652, 129496, 108766,
        65923,  51940,  79278, 133829,  94871,  23781,  57522,  32892,
        19831, 114008,  73762,  83649,  77476,  92219, 113721,  91620,
        19181,  24488,  87309,   7357, 124914,  45308,  67429,  82097,
       101960,  69566,  44939, 152907, 101609,  44793, 119896, 110954,
        67137,  14141,   9346,   1400, 143732]), array([110507, 102016, 114756,  47225,  44086,  12481,  50086,  59606,
        53195,   5565, 118402,  26589, 116295, 144531,  49643,  27929,
        71622, 148846, 113053,  22106,  85960,  19701,  99575, 100904,
       100200, 126989,  94165,  25744, 111917,  63910,   9542,  25032,
       133206, 137317, 122861,  75744,  84298,  45233,  87855,  35271,
       138778, 145298, 107083, 119243, 113942,  96179,  34914,  12355,
        94237,  56327,  23916,  29673, 146202, 148097,  90822,  88571,
       129174,    293, 122934,  64458, 101903,  73368, 103946,  36570,
         1949,  61820,  72003, 143318,  12165,  87927, 116986,  22837,
       105187, 139376,  87219, 125726, 145304,  56693,  66018, 143817,
        48728, 111175,  56750,   4836,  55890,  98930, 101880, 149800,
       148831, 123021,  94298,  98724,  53877,   3706, 136999, 145572,
       132495, 109769,  19607, 105381, 121966,  98994,  46386,  80568,
        74155,  92192,  74790, 143684,  29994,  83061,  51325,  47336,
       112808,   8496, 117969,  71482, 113005,  64801, 122784, 103485,
        75795,  10701, 113774,  57798,  54488,  84270,  39084,  68009,
        72115, 116066,  49581, 119398,  54790,  35346,  42150,  98554,
        42293, 148600, 129248,  41594,    767, 121038,  10507,  79536,
        45936,   4239, 103830, 138919,  22300,   3203, 119311,  84090,
        34291,  87707,   6765, 119061, 117742,  86818,  56799, 100161,
        11739,  14450,  21814,  72965, 148824,  15817, 118616,  77165,
        63432,  75066, 129199,  44900, 147961,  90790,  95949,  88114,
       130482, 118260,  62663, 111894, 110566, 114442, 143443,  28512,
       126372,  12089,  96061, 103056, 153056,  63788,  39082,  27967,
        91092, 144516, 128135, 113239,  68608, 121549,  35399, 138090,
       102498,  71496, 120643, 117577,  53557,  47494,  75909, 112029,
         1365, 152987,  15506,  35913, 100131,  70496,  29073, 131076,
        73121,  47366,  95336,  11755,  68570,  90465,  67964,  31251,
       137172, 137003, 125882,  74438,  46864,  23500,  74351, 151801,
       144829,  88997,  70528, 136267,  89905,  78519,  77433, 151907,
        43122,  68655,  17142, 136647, 124363,  33132,  27760, 143768,
        94946,  65967]), array([139760, 150653,  87074,  74965, 112508, 151360,  68004,  36531,
          790,  54582,  64728,  82260,  60404,  75479, 143231, 112978,
       105650, 148034,  72112,  99119, 113036,  85499, 145649,  20487,
        93993,  38465,  56538, 153455,  41985, 153813,  91562, 134096,
         1741,  99948,  60621,  53702,  41833,  11583,   8046,   8785,
       119026, 112781, 150909, 119564,   2310, 104339, 129490,  46138,
        40972,  52210,  43207,  94574, 103715, 122521, 109957, 150167,
       138241,  89054, 150824,   8109,  96583,  76464,   3063, 146192,
        35333,  23605, 140254,   9668,  50425,  55235,  85337, 145645,
       147368, 133660,  19225, 116206,  79387,  82584,  22443, 144761,
        28040, 127891, 141537,  12913,  44794,  35591,   6817,  87652,
       139464,  83881,  40094,  82328, 144292,  61935,  13681, 121782,
        18090,  37084,  30192, 117361, 151747,  40987, 134772, 107309,
        14590,  67540,  77160, 106112, 134916, 135319,  18242, 122816,
        99086,  50821,  86835,  14834,  55044,  24124,  80046,  76349,
        59507, 150235,  59344,  59505,  26482,  58310, 127351, 123336,
        56511,   7125,  60942,  13156, 153247,  29495,  69890, 104708,
        86222,  93886, 118805,  78639, 141670,  92755, 153091,  10281,
         6138,  75348,  71142,  38106,  95320,  59467,   3905,  87175,
        74580,  81273, 138012,  21703,  42490,  65807, 153871, 144747,
        13157,  18315,  90148,  91642, 131544, 142113, 130321,  80078,
        80299, 136301,  14551,  64830, 126797,  70884,  61876, 129459,
       109522,  21259,   7675, 138505,  69802,  14728, 117466,  46897,
        86187,  20043, 139775, 136407, 130442,  63933, 100483,  74281,
        44468,  93659,  38691,  94728, 135804,  55419,   8826,  35132,
        69600,  20827, 105899,  32367,  45823,  22413,  58128,  12175,
        39584,  14492,  52687,  93529,  26824, 148609,  45716,  66321,
        66202, 135260,  95776,  31971, 120910, 118799,  35095, 126895,
        92719,  14805,  34613,   2838, 129211,  98693,   1408, 135870,
        44785,  80726, 109879,  49567,  73448, 108026,   6202, 121376,
        64571,  48176, 105992, 147055,  15958,  16931, 124834,  27266,
        55809, 103730, 131903,  16720,  29913]), array([ 79088,  16568, 127849,  75258,  71656,    237,  18896, 102705,
       103809,   5540,  80658, 137396,  60626, 136145,  29018, 111479,
        13261, 114164, 144187,  32163,  60821, 109329, 146792,  90242,
        51265,  61752, 105008,  59531,  46541,  52985,   2166, 118014,
       142607, 146671,  37181,  62566, 108856,  29840,  81736,  37788,
        65919,  32073,  46207,  75581, 100771,  14931,  20240,  90798,
        32039, 113784, 107925, 121825,  23323, 108125,   7479,  15965,
          603,  21586, 100964, 128805,   2542, 153307,  20194, 148704,
       134199,  91217,  79127, 128976, 130915,  92375,  93528,  23789,
        31797, 101132,  98736, 136669,  27041,  15602,  68547,   2891,
        90917, 114372,  75869,  81543,  56404,   9610,  93449, 111896,
        79557, 126486, 132485,  92100,  42666, 104268,  13287,  16375,
         1726, 124662,  69104,  64997,  96217,  59860,   5827,  43536,
        84353,  45683,  10369,  98688,   1051,  62654, 131011, 144111,
       105588,  50999,  75494,  52428, 139742, 144790,  93035,  35547,
       153031,  48801,   5634,  11684, 125751,  93585,  30228, 120093,
        42208, 132376,  74419, 147007,  63456,  92609,  68098,  90097,
       131375, 128644,  90125,  53713,  79833,  90103,  56269,  52529,
        58985,  54973,  37203, 139021, 127503,  62340, 141404,  56400,
        31595,  84514,  83700, 153922,   3720,  17820, 110100,  67721,
       128676,  26873,  89477,   1833,  31875, 108079,  96393, 116273,
       126818, 117903,  88015, 118963, 132721, 101250,  10439, 153525,
        35245,  56487,  83666, 134082,  49566, 151009,  10982,  30238,
        41982,  83766, 110206,  27977, 114430,  42321,  14740,  25704,
        36502, 127496, 108121,  64928, 105542, 123216,  59342,  72848,
        76159,  52591, 122894,   2785,  78859, 122133, 102843,  56630,
        49185,   3328, 108646,  65881,  10951, 147018,  92364,  97609,
       147124, 113161,  78063,  48421, 144265, 101647,  98533,  51614,
       114645, 124133, 129250,  51985, 101664, 124062, 149583,  97553,
        19258,  20640, 118890,   3861,  32778, 143311,  12533,  29404,
        40986,  48469,  46811,  91762,  44360,  76425,  12090, 143867,
       129072, 104416,  72581, 144629, 110161]), array([ 15834,  45149,  82755,  13161,  91110,  66393, 144488,  72167,
        25727,  24858,  64720, 149251, 127035,   7132,  56052, 125831,
        91172,  77460, 139509,  46163,  46329,  26991, 121123,  85808,
       124490,   2965, 115627, 101856,  17852, 152002,  15660,  25876,
       103341,  59430,   5862, 144241,  66031, 113179,  35922, 151824,
       100219,  65316, 140187,  14694,  69728,  12214,  67826, 126083,
        35736,  18282,  84173,  87506, 150580,  54342,  32202, 111406,
       128397,   3550,   1662,   2081, 124075, 133652,  75477,  48844,
        76428,  50696,  92576, 100790, 141372,  64190,  52686, 126244,
       120312,  64915,  69249,  93776,  98075,  97294, 145144, 106267,
        99337, 111570,  39141,  80493, 106534,  74006,  41611,  28310,
        17113,  10664,  17739,  46390,  59353, 135777,  16741,  34566,
        14820,  35983,   1694,   6061,  41745,  59597,  64625,   1609,
        21557,  71086,  49391,   7526,   5117, 140423,   5123,  10035,
        23123,   1333,  40053,  83394,  64751, 130207,  85705, 135481,
        31686, 124753,  89171,  36754, 113950, 144890, 152296,  59624,
       126826,  77255, 145000,  76354,  58490,  66388,  87115, 118137,
        54393,  35063,  90320,  55925,  61567, 140787,  22671,  89903,
       141566, 125442, 121012, 119909, 145105,  56376, 127675,  31997,
        53410, 143408,  70187,   9270,  65794,  66117, 119068,  99617,
       128732, 141808,  41955,  46601, 140563,  58796, 125631,  86181,
        79324,  63269,  44681, 108620,  53553,  37746,  97206,  36310,
        95016, 109641,  99700, 147708,  67259,  11023, 108429,  82395,
       123335,   1564,  91201,  71828, 137369,   8021, 143119, 124668,
       100942, 113419, 132527, 144181,  67099,  46865,   2903,  18059,
        26111,  75558, 123865, 148038,  96363,  64355,  12172,  32936,
       107189, 136449, 117297,  41475,  36900,   8256, 113498, 122616,
       110875, 124783,  17352,  28410, 142116, 148513,  59025,  50560,
        49140,  15220,  56782, 105506,  20254,  53298,  47197,  18845,
       130835,  90976,  84563, 122922, 111424,  95764,  13127,  66256,
       115884, 107907, 127685, 146181, 133714,  45029,  51524,  70745,
        26666,  78884, 114823,  26936,  79983,  54483,  38852, 126071,
        64531,  98196, 110850, 122728,  22985,  43572, 146950,  26950,
       115111,  56927, 130898,  75418, 126158,  23812, 141650,   7904,
        66428,  39014, 147057,   3467,  93787, 103075, 129263, 120077,
         8593,  26324,  61048,  15279,  45405, 105028, 107939,  87431,
        42202]), array([111405,  30385, 128589,  48164,  44442, 147565, 140690, 102985,
        79392,  27095, 116344,  35305,  45369, 142152, 132591,  54814,
        84335, 151711,   9235,  29776, 112393, 117725,  87314,  19544,
        94553,  23398,  30702,   9995, 121161,  49167,  42281,  54141,
       147938,  52179,  72802,  33488,  40761, 140054,  22297,  61789,
        37638, 127919,  98538,  98717,  37216, 129402, 110534,  38499,
        20511,  92822, 120201,  30572,  65119,  60927, 121275, 123825,
        88368, 125409, 103402,  40729,  27943,  56724, 115393,  48253,
       126167, 112342,  13371,   2529,  78001, 119589,  81935,  98942,
       114219,  70519,  87751, 124273,   4537, 145425,  35103, 106802,
        16806,  30490,  79560, 120016,  74551,  20654,  68854,  89682,
       120113,  40307,  24214,  30284,  41261, 116747,  41652,  29541,
          432,  89807,  46250, 139023,  26286,  20709, 142597, 100154,
        36969,  19611,  26651, 149010, 118390,  41176, 137540, 134928,
        26332,  22932,  37314,  79716,  84445,   4447,  26484,  99381,
       111457, 104060, 104567,   6691,  67102,  14207,  42181,  64859,
       152078, 122236,  26491, 140760, 123352, 135261, 136439,   1805,
        96839, 126312,  84886,  33852,  81731,  67526,  18874,   1009,
       126126, 115444,  83868,   5652,  68868,  57316, 145965,  33835,
        85652,   3206, 118456,  31845,  58919,  42778, 143487,  31111,
       125154, 103434, 139945,   1409,  76480,  58077,  90595, 139942,
        44574, 116163, 125982,  35765,  80825,  97984,  51215,  82503,
        20336,  80470, 150730,  15194,  37258,  15132,  77921,  94301,
       126956,  54244, 129016, 132551,  26691, 148341, 102925, 135351,
        19634,  53450,  52833, 143973,  82855,  35754,  92381,  20852,
        85544, 153550, 138377,  12450,  44169,  52234, 151535, 114948,
         1476,  16678, 126597, 103666, 139102, 108114,  22103,  80781,
       144936,  82966, 128931, 149947, 101676,  95287, 118874,  90662,
       153480,  64820, 113788,  94245,  14693,  97514,  56301,  46022,
        33498,  59634,  64646,  36520, 151300, 114376,  34807, 118583,
        65339, 129296,  19859,  43795,   7046,   2988, 126159, 147637,
       139852, 138098,   3107, 142218, 134780, 103064,  30637,  86134,
        16261, 108876, 152014, 127371, 130815, 133819, 125106,  49210,
       114487,  41373, 145559,  22836,  71845,  40925, 110106,  91678,
       145112, 122755, 122483,  55991,  86721,  19082, 124165, 134657,
        23135,  40001,  51658, 146348, 124295,  36503, 115505,  21647,
        50570,  41901, 139725,  35809,  88203, 150954, 129119, 133984,
       130287,  99518,   3000,  17673, 109082,  99896, 104886, 113427,
        48375,   8001]), array([  2105,  63761, 145184,  25190, 103551,  79068, 119574,  12160,
        79861,  96696,  69067,   6913,   3826,  57330,  83525,  56257,
       129970,  43300,  76844,  42383,  49068,  40688, 117657,  24999,
       145070,  73754,  41649, 143534, 150708, 130257, 123338,  56571,
        94406, 118369, 108757,  45343,  43673, 152213,  21031, 146726,
       118880,  59042, 143830,  20866,  40042, 131991, 106891,  74331,
        38433, 122809,  18292, 151705,  79526,  94569,  64082,  58646,
        28278,   7815,  99648,  59392, 129952, 107844, 129098, 109438,
         4723,  84093,  93231,  65010, 120800,  74378,   6131, 119805,
       126849,  94070, 142155,  25544,  15449,  60324,  51435, 138432,
       129393,  26803,  64506,  56662,  64508,  34406,  19186,  32863,
       100152,  11429, 100785,   2901,  83854, 119479, 100166, 150374,
       133524, 105845,  85336,  12962,  25551, 142303,  16449,  24579,
        56610, 119138,  67543,  42044,  43759,  42733,  61894,  85430,
        25941, 142776, 123407, 106971,  62472, 133937,  74045,  62727,
        49861,  53295,  68368,  70251,  63896,  99208,  46582,  37808,
        79736,  22741,  67675, 106466,   4622, 119228,  40130,  99350,
       112984, 140562, 125533,  57032, 129057,  20587, 113899, 127642,
       113231,  40525,  42304, 103336, 126178,  33970,  71475, 107912,
        67691, 129740, 150199,  76281, 125617, 143820, 142674,  94149,
       127047,  24823,  90792,  74932, 132402,  49650,  44324,  62510,
        26391,  62258,  99620,  60242,  10939,  69324, 135648, 147449,
        91439, 131138,  83165,  76773,  56472, 116412, 134948,  81042,
        27596,  91373,  25982,  11741,   1053,  17460,   8078,  45012,
        91858,  66566, 104757,  19232,  45889,  49257, 145551, 135934,
       133618, 118380,   8807,  89450,  46185, 105632,  86247,  48646,
        64789,  42799,  35003,  78856,  70099,   6482,  57648,  32987,
       142228, 117082, 117655,  47975,  72546, 130547,  94898, 136216,
        18199,  28227,  52298, 112015, 135614,      2, 144424,  17277,
       144918,  87022,  62235, 116439, 111253,  37408,   6082,  12866,
       123822,  90073,  22079, 140181,  79288,  27746, 116040,  94729,
       108051,  33919,    819,  75330,  67468, 104084,  68948,  73870,
       105947,  23358,  96947,   9736,  27784,  25519,  55465,  61962,
       110016,  61278,  46994,  63336, 117239, 133608,  76776,  91250,
        66271,  41026, 131353, 146178, 146489,  81859,  65619,  61614,
        48910, 103174,  81051,   7088,  11519,   6427, 137565,  39137,
        15173, 149549, 143876, 130528, 128386, 133409,  71984,  21138,
       120184,  58095, 142024,  68065,  64550,  36850,  72136, 129647,
        78628,  84324,  65008,  72432,  34319,  97763,  48570,  49731,
        47766,   9827, 127319,  69415,  15025, 138281,  27481,  74494,
        25182,  92320,  12571, 144990, 118066, 112306,  12956,  74242,
        63613,  75057, 150411,  53588,  74980,  54031,  85712, 129435,
       112403,  82833,  43390,  87161,  34942,  11379, 101389, 114939,
       126877,  37660, 144444,   6891,  25473, 145092, 150950,  48405,
        85556,  15343,  77390,  93273, 137825, 142406,  30500, 101602,
        66005, 126614, 128255,  97340,  68301,  91450,  20340, 151945,
       111595,   5586,  43287, 124063,  91967, 115801,  47857, 103445,
        10961, 120726,  35236,  65895, 109377, 140629,  37385,  11452,
       120675,  45474,  98148,  65492, 107733,  14813,  88956,  21501,
        61653, 118753, 146981, 133252,  68435,  85847, 113768,  25054,
       135267,  57279,  78340,  89897, 128447,  17892]), array([141571,  43073, 118707,  99645, 125561,  29384,  89300, 146843,
        74285,  49291, 105647, 103287,  83089,  96560,  36572, 105452,
        37405,  49637, 122056,  25823,  72831,  12591,  53159,  17272,
       117522,  89581, 126544,  89799,   8646,  15161,  30366, 115236,
       129268, 123556, 144025,  61090, 139261,  33700, 123950,  83788,
       118195, 148508, 103130, 153151,  66194,  52549,  34225,  22628,
        96020,  60797,  59816,  37035,  71977,  43573, 127493,  49850,
       100870, 148694,  74778,   4302,  64763,  45496,   3136,  53554,
        58586, 145406,  94367,  32351, 139395,  57433, 141950,  87789,
       130808,  75536,  95625,  20913, 131884,  93275, 115115,  78342,
        12638,   4134,  95661,  66658,  41544,  56581,  19541,  86676,
        44568,  44976, 132897,  92270, 113956, 121098,  95640, 153569,
       111339,  83983, 137903,  46832,  18480,  55483,  43558,  12227,
       142322,  66243,  40546,  62497,  17537,   5721,     58, 116667,
       101852,  79071, 117337,   1916,   3135,  10610, 122695,  56505,
       128272,  34587, 130206,  42701, 144631, 120833,  38020,   6598,
        40213, 116408,  91571,  26424, 100220,  39348,  56265, 136117,
        40694,  41379,   1037, 128400,  78814,  37911,  26112, 110382,
        57582, 124315,  99005,  30584,  90452, 105435,  77387,  25987,
        44365,  18380,  70273, 113309, 153810,  18813, 136272,  83369,
        43095, 116907,  36893, 118113, 135428, 120584, 106235,  33663,
        47629, 110389,  97075,  73631,  54696, 121083,  96735,  62315,
         7436,  68231,  46839,  68755, 116591, 109291, 114684, 109163,
        73939,  99213,  61714,  73346, 149652,  18810, 118844, 151795,
        55782,  12422,   3692,  55678,  25376, 149452,  10381, 147519,
        78486,  31900,  30087, 128112, 100093, 137860, 133536,  69743,
         8061, 131470,  97409,   9369, 129180, 151881, 130098,  73613,
         9196,  26361,  55869,  94373,  37426,   6179,  59399, 138195,
        50785,  11260,  50109, 127717,  72062, 107833,  63964, 124305,
       119859,  17865,  59273,  58856,  14448, 108092,  98466, 111840,
        89519,   2950, 108367,  73065, 153458,  40183,  74526,  34026,
       106952,  40223,  14577,  47876, 152047,  84397,  65250, 104206,
       135541, 104772, 143954,  33427,  70681, 144625,    329,  95217,
        84154, 123260,  88169,   3957, 124655, 104842, 141726,  95473,
        29742,  23277, 144049,  32291, 109858,  34965,  66725,  35530,
        30695,    500,  88290, 104559, 152618,  66287,  18881,  88910,
        58596,  47662,   4686,  33732, 103166,  73764,   8528,   7220,
        10453, 145097, 124776,  56091, 124080, 106731, 104867, 119081,
        64855,  55185,  68516,  70091, 112187,  73228, 133831, 145844,
       116194,  78716, 113349,  10852,  16910,  29537, 103091,  20352,
       139604, 119935, 147350, 147138,  85464,  38930, 141178,  40040,
        64236,  47103, 134465,  70041,  80028,  99833,  75167, 149462,
       116080,  67562, 140590, 130184, 137046,  34261,  11756,  68567,
       144021, 113871,  23152,  17558,  60253, 136908,  89480,  67715,
        18045, 119246, 126853,  80275,  33638, 142734,  19496,  35866,
       152788, 110586,   7625,  24014, 126984,  45549,   5995, 136000,
       100514, 152439, 118494, 129613, 108142,  61645,  61652, 138273,
         6171, 114882,  61109, 142798, 105093, 113218, 124412, 105505,
        19840,  89086, 125085,  72056,  58524,  74078,  72072,  42036,
       146975, 136061,  54720, 122260, 104898,  42188,  55768, 104713,
        13519, 104699, 109980, 126249, 151483, 113112,  36094, 127731,
        34626, 110495, 112952,  50312,  89825,   4851,  57776,  56372,
       103740,  83793,  28455,  87832,  67170, 105656,  91954,  60924,
       129550,  43186, 144915, 134128,  92469,  15544,   5788,  37098,
       153560,  90160,    973,  65761,  62045,  60250, 115021,  36501,
        35057,  20321, 142791,  48428,  85621, 110024, 130176,  14229,
       117012, 140059, 100114, 133667,  13045,  84927, 132907,  95862,
        53646,  48336,  74493,  28701,  81833, 107720,  91305, 115452,
       134767, 111909,  24275,   8268,  56913,  80664, 135241, 130288,
        24222,  21732,  73053,  78862,  65747, 111373, 104327,   2367,
        82422,    903, 141748,  77282, 133270,  75488, 137163, 108899,
        46384,  76335,  12434,  36536,  46477,  59163, 151335, 110897,
       130401,  23057, 134090,  11091,  25157,  16038,  74636,  11935,
         7596, 104584, 144721, 153710,   3806, 112693, 118578,  86004,
        50261,  96341, 146759, 135022,  56140, 106986,  65861,  12793,
       105953,  64073, 136530,  36695,  57658,  30344,  71444, 131895,
        91228,  50145,  74849]), array([120687,  45755,  86225, 103018, 138172,   9829,  52728,  90746,
        74096,  95443,  11510,  58393,  21833,  68572,  72883,   1406,
        84099,  12288,  67561, 138777,  24449,  36623, 128539, 143297,
        67024, 136391,  21984,  15713,  26027, 106765,  74879, 142077,
       147503, 115686, 136304,  24052,  15700, 105516,  51743,  20393,
       109083,  34431,  86047,  75271, 101818, 111616, 141054, 101058,
        27816,  76100, 120659,  22502, 151477, 136687,  92570,   5149,
        37143, 143892,  53144,  57419,  61612, 121493, 147909, 138067,
        20689, 112059,  38486,  18198, 111836,  11474,   3968,  65860,
       120008,  79098, 136678,  65055,  83586,  42401,  18442,   9644,
        93968,  95222,  33827,  22916,  62640,  51965, 144412,  51018,
        13149, 133226, 140834,  33243, 136814, 121933,  37981,  67042,
        29506,  20122,  53612, 153170,  19000,  92257,  22679,  74574,
       115403,  88985,    486,  27246, 144763,  81744, 122020,  37024,
        98771, 142451, 110587,  72239,  69168,  47489, 117353,  24988,
        36318,  63237, 123613, 129259, 142967, 137588, 118738,  33000,
        39793,  23852,   7929,   4125, 112700, 119984, 100417,  62228,
       123523,  74300, 103209, 103456, 117508,  95923,  77532, 133137,
        70506,  61908,   8398,  67436,  98454, 144637,  87270,  34733,
        61100, 110787,  52050, 142959, 109210,  16055, 117011,  19144,
        35942,  85024, 115507, 103454,  78994,  72345,   5317,  46260,
        23621,  36974,  55734,  42144,  11328, 112821,  25934, 118860,
        45231, 134803, 120705,  60894,  84198, 124689,  26137,  41250,
        86512,  95384, 136968, 129565,  96185,  24754,  14865, 105107,
       101478,  67602,  51841,  11214,  22997,  16842,  31724,  94411,
        68788,  75709, 102937,  85865,  13271, 115129,  12091, 144287,
       141608, 151717,  61032,  97611,  75268, 141105,  25701, 136741,
       113790,  78271, 134358,  65053, 115872, 104483,  96908,  59316,
       119025, 153790,   6828, 137678, 143081, 108195,  49904,  80907,
         1087, 115603,   7918, 109622, 118853,  37308, 147045,  75724,
       141702, 116196, 134166, 136892, 110163,  57257, 105058,  62436,
        88339,  78448,  38892,  33590,  59297, 151111, 104684, 102103,
        47687,  14127,  30877, 143641,  46084,  81367,  77773, 137900,
        38509, 153123, 120232, 138495,  84617,  73902, 128141, 109841,
       141284, 127411,  73171,  35267,   7466,  54339, 108547,  56409,
       152610,  69587,  34890,   8547,  15047, 140369,  51880,  37507,
       135049,  20607,  68771,  44956,  54817,  74898, 121563, 115422,
       124029, 131968,  36052,  80370,  34303,  73736,  68512,  95023,
        62547,  44981,  64138, 153293, 125737, 149279,  84394, 118783,
        19741,  17197,  96174, 101201,  16159,  17575, 122278, 152184,
        49876,  87036, 121780,  19172,  61465,  51787, 139548,   7980,
        81608, 107076, 112334,  58279,  44120, 128944,  51654,   7085,
        97278, 115013, 116547,  27810, 126423, 115811, 150252, 124112,
       135967,  52141,  82329,  85864,  39794, 111994,  50028, 100392,
       125061, 149932, 143899, 129586,  16762, 121367,  26318,  48523,
       132358, 134137,  86666,  82560,  26110,  12500, 104102,  26297,
        55289,  42642,  67226,  43835,  35344,  87554, 101392,  84347,
        47961, 131495,  62512,  18679, 140852, 122121, 152958,  93000,
        34826, 121274,  97245,  12338, 105390,  20367,  76369,  17617,
       126599, 142746,  62631,  42001,  39320, 118001,  16862, 112574,
       103794,  21720, 143006, 138949,  10903,  13937,  78365,  42705,
        23964,  51975, 113138, 147499, 120602,  91725, 104546,  81141,
        88453, 120920, 102037,  83371,  91943, 122214, 133673, 140541,
       133397, 110713,  55271, 146674, 133613,  64498, 139563,  43182,
        50223, 124441,  74290, 150768,  34197,  59565,  32053,  27300,
       112376, 128413,  80787,  98330,  21644, 128967,  91375, 100474,
        68960,  79946,  46658, 104526,  69063, 137990,  55219,  50679,
         8484,  58723,  88962, 118470,  62953, 143925, 132036, 138386,
       138343,  17874,  52228,   3737,  55466, 122625,  83176,  53198,
        83500,  91715,   3906,  65682,  39834,  45512, 128150, 138349,
        52272,  14303,  89130,  17984,    302,  99407, 117347,  21751,
        35425,  76570,  51718, 127058,  27064,  78439, 147064, 103554,
        16277,  93828,  71058, 134055,    183,  25131,  16963,  47765,
       134138, 116133, 129283, 150835,     92, 144461, 137447,  49152,
       124885,  85070,  43050,  83472, 113106, 146502,   2432,  35915,
       122787,  17725,  79616,  66963,  96028,  47551,  81875, 134143,
       108702, 143893,  82658,  92666, 121203,  46883,  90705,  28233,
        83776,  11269,  84760, 123783,  89982, 149180,   9312,  66892,
        50901,  29206,  79294]), array([148370,  12230,  31639,  43483, 120267,  35238,  93295,   8870,
        25378,  23399,  77344,  16918,  36368, 105426,  53488,  99163,
        50001,  42312,  87549,   7222,  18398, 120091, 114422, 110334,
        29151,  78145,  94381, 151168, 128034, 115594, 143592,  97416,
        47848,  35122, 125905, 146856,  11387,  91538,  78683,  85987,
       113508, 102845,  55675,   7407,   4811, 153671,  63950, 151106,
         7821,  87147,  43169,   3887,  13796,  10287,  79744,  16689,
        71963,  29654,  54028,  84233,  58864, 147195,  26903,  97341,
       146941, 149277,  18902,  66054,  65519, 108472,  40060, 139360,
       137313,  48360,  12345,  89121,  51372, 114755,   6583,   3243,
        49324, 152964, 132068,  93425,  85260,  59890,  37814, 152206,
       125973,  53946, 104861,  11285,  23945,   3067, 137090,  23319,
          949,  79051,  14416, 120421, 139157, 145631,  64297,  11500,
        51537,  10975,  71167, 148738,  69760, 100613,  51221, 123790,
       138045, 149830,  86221,  64172,  54590, 124972,  88914, 110919,
        13481,  99466,  69848,  87645,  85414,  89013,  84925,  79107,
        37261,  54315,  20305,   1297, 121228,   6510, 141337, 124566,
       122312, 116318, 114772,  84057,  32094,    405,  98502,  31581,
       140067,  27178, 110360,  57488,  63734,  48714,   6874,  77116,
        84356, 137967, 131364,  18798, 143538,  18749,  85388,  20100,
       108309,  59803, 125307, 136824,  41040,  75617, 117211, 121436,
        79186,  88417, 111278, 146916,  51971,  60280,  77275, 141189,
       143667,  41265,   4023,    795,  65856,  97890,  16475,   7832,
        63836,  98887, 121303,  90344, 107098, 153184,  16491,  63548,
        24551,  91311,  26066, 118268,  88637,  48972,  55417,  82172,
        89253,  88375,  84634,  99156, 150964,  86264,  72801, 117830,
        36829,  93420,   7982,  78234,  86607, 145102, 145217,  84557,
        47651, 137311, 132731,  35284,  23330, 100553,  77850,  67192,
        98623,  23533, 113629, 132931,  49336, 145225,  37693,   5726,
        69366,  21721,  26746, 126023,  66206, 127274, 124995,  92254,
        36303,  24846,  32800, 105120,  66600, 148912, 123903,  27440,
       120858,  40271, 108308, 110830, 133149,  38582,  26542,  87980,
       153484,  31414, 152880,  25252,  23058,  66691,    825,  77258,
       118867,  52448,  64641,  61675,  67193, 112660, 107199,  96033,
        55134,  97899,  56776,  74279,   5646, 127521,  45867,  98337,
       152143, 152908,  89938,  59677,  95100,  76499, 151694, 100789,
       110140, 134979,  31231,   5462,  50321,  22281,  25407,  99907,
        95505, 147133,  55084,  54994,  37160,  94281,  97490,  62717,
          343, 144114,  65206, 114647,  59847,   8594,  32630,  16781,
        86425,  43601, 112179,  19468,  54942, 152527, 148360,  13355,
       119241, 131238, 153465,  90020,  18872,  57979,  95911, 144899,
       116539, 146738,  96316,  48020, 106767,  97658,  52827,  83795,
        82652,  62770,  98100, 145655,  84499,   5712,  36806,  60609,
       147114,  23549, 121490,  20948, 103461,  11314,  37636, 102057,
         6662,  81129,  63680, 113383,  71821,  32946,  39566,  37793,
       106973,  24804,  72789,  62900,  52156,   8488,  27321,  87778,
        80211, 118717,  20005, 105502, 118352,  32004,   3704,   1731,
         1579, 145990,  17842,  86527,  89507, 134050,  78393,  83470,
       117514,  81469, 119273, 129631, 115962, 127589,   6304, 111233,
       153304, 112105,   7043,  29382,  86740,  86516,  84791,   1780,
       129877,    458,  14018, 127984,  91644,  82497, 114854,  32104,
       145951, 130952,  38358,    698,  53070,  40680,  47130,  83834,
        96980, 135873,  95651,  58098,  70152,  11884, 149741,  46663,
       144223,  73298, 117610, 138220, 100647,   3661,  56082, 145290,
        51418,  84191, 142824, 116252, 106546,  71433,  68457, 104273,
        89320,  29295,   1894,  51504,  88171, 115607,  45680,  71052,
        17856,  67486,  88732,  30761,  37027,  54972,  70500,  55157,
        82550,  76852,  46244, 120951,  98433, 122623, 115676,  73334,
       132194,  12951,  54673,  53237, 139566, 124965, 120406,  79547,
        53161, 144777, 114204,  10047, 123622,  14257, 129526, 129352,
        40958,  12552,  32994, 141237,  91243, 141638,  16583,  38474,
        74434,  67211,  59664, 145582,  41690,  15830, 138556,  30020,
        71514,  46395, 117414, 139409,  42902,  51285,  65341,   6886,
        22212,  20877,  45467,  37003,  78820,  12897, 130877,  81329,
       153654,  29166, 116982,  20373,  12647,  36166,  14294,   8879,
        55082, 137470,   4924, 116924,  48365,  90031,  17154,  59935,
       104342,  21387,  84408,  79065, 133338,  67548,  86728,  96454,
       127068,  46763,  96888,  42404,  77581,  47377,  79401,  16809,
       152520,  95542,  24000, 134588,  17908, 134233,  21821,  12741,
        68037,   4633, 153003,  47280,  65962,  61052,  26499, 127211,
        38824,  92949, 116701, 148587, 113930,  95260,  69700,  38338,
        31229, 112463, 138695,  21105, 125648, 114625,  83529,   7581]), array([ 90286,  65947,  27873,  49154,  97136,   9293, 136410, 138046,
       110115,  52986,  59451,   1710, 113954,  54083,  54610,  50163,
        79489,  55812, 137431,  11522, 151546, 146779,  57057,  72530,
        56746, 111932, 142840, 123572, 130394,  74531,  78184,  75893,
        58828,  79052, 108349,  42086, 146247, 146100,  16264, 115808,
        34873, 150187, 151012,  91395, 123396,  79514,   4115, 103054,
       107861,  78515,  32308, 134483,  85988, 115072, 126054,  91643,
        69443, 113728,  38090,  63711,  93720, 108354, 108112, 130969,
        14814,  38026,  14514,  48738,  25932,  83306,  38336,  14593,
        46449,  84080,  82705,  95624, 140939,  28697,  96466,  20979,
        22090,  30364,  85326, 102674,  16772,  19096,  16028,  33211,
       153869,  68149,  83548,  31095, 146599,  43194,  96382, 139366,
         3377, 129528,  31720,  84575,  87788,   2962,  85828,  75837,
        39744,  78173,  79142,   8014,  42897, 144198,  32057,  81535,
        66891,  82171,  29010,    172,  56420,  99170, 151844,   3181,
        42970,  77181, 109173, 101928, 112172, 100559,  32592,  23476,
       111807, 118039,  79795,  46677,  66637,  65239,  72583,  66387,
       128174, 138649,   3280,  51516,  92214,  39698, 138136,  34954,
       153161, 120721,  46334, 112229,  31019,  17261,   6284,  52237,
        39045, 133784,  54935,   4591,  52419, 152631, 130632,  64933,
        20343,  50750,  39586,  41341,  15370,   8493,  53741, 149582,
        44082, 106310,  26932,  51198,  92546, 102010,  75945,  76448,
        31501,  22653, 134775, 153166,  71681, 102704, 102182, 104175,
         6210,  60525,   7966,  56391,  30763,  11019, 112569,  59361,
        68926,  51667,  86356, 102962,  47093,  94331,  90371,   2064,
        83569,  57621,  97689,  26214, 102258, 142136,  91987,  22586,
        53457,  76567, 138997,  28175,  45754,  17503, 146020, 108974,
        82380,   7854, 100794,  56013, 113485, 146240,  54144,  62294,
         9459,  43853,  82878,  91633,  97398,  35303,  60076,  99731,
       110908,  12056,  88680,  68382,  75333, 140057, 106841, 127288,
       151038,  90971,  57543,   4453,  39065, 133214,  25347, 131872,
       144023,  75957,  40449,  87965, 104100,  59605,  84398,  35564,
        63068,  84610,  31342,  19930, 101940, 146796, 146645,  95683,
        84813,  84404,  49195, 102117,  66021,  96039,  55104, 101286,
        78605, 132517,  65989, 131394, 148213, 152176, 127632,  93688,
         9074,  61223,   9840,  47290,   5254,  96118, 134244,  29017,
       111958,  38357,  69348,  16686,  38117,  34655, 107781,  93654,
       116828, 146913,  43097,  31192, 148662,  77053,  53219,  50709,
        49508,   4225,  95026, 109155,  85030, 128752, 129069,   3392,
       148122,  18268,   4726, 150030, 147808, 107100, 138642,  53832,
          693,  92676,  39405, 127923,  45248,  84665,  84637, 105679,
        77976,  23402, 118201,  34888,  61195,   1803,  71158, 139004,
        51095,  63260,  83939,  65477, 122426, 152596,  80157, 153609,
        85827, 139133,  40950,   1755, 111181, 130130,   6143,  43741,
        18436, 118767,  63210,   4293, 105870,  56053,  71834,  14412,
       134592,  67980,  96345,  75947,   4779,  21179,   1497,   5710,
        75382,  27019, 135126, 133598, 103528,   4887,  10641,   1086,
        14893,  73343,  95022,  17929, 107094,  82442,  40899,  31268,
        52662, 141200,  97663, 100930,  44931, 106535,  38556,  86713,
        27617, 120669,  64797,   7834,  32310,  66333, 114262,  16808,
         9944,  38124, 132857,  12353,  76344,  22431,  58736,  11912,
       134094, 121681, 114859, 120543,  52555,   6792, 145255,  34310,
       106180, 124258,  90357, 115729,  44366,  52322,  39058,  97598,
         4331, 121847,  13686, 149444,  96768,  66538,  36831,  56590,
        26768, 113643, 144445, 134251,  98010,  88026,   9464, 114119,
        54758,  91118,  82876, 105357,  39732, 113221,  49843, 113460,
       118118, 141617,  16990,  39692,  44848,  51522, 101496,   2361,
       104788, 130162, 113621, 132183, 107675,  55105,  78557,  69451,
        66545, 109368, 145721,  81171, 104704,  28559,  10308, 108854,
       105526,  85195,  42461,  84812,   1081,  99494,  15303,  10694,
       125292,  27970,  14643,  71185,  80911, 132014,  34390, 122768,
       151931,  79327,  78197,  90970,  43605,  51210,  83522, 114345,
       138813, 103498,  31044,  58465, 109925,  88003, 150331,  92197,
       113254,   7658,  87686,  88609,  21253, 108881, 128939,  28594,
        26064,  63290,  82272,  93194, 123393,  52564,  58234,  90734,
       124032,  22075,  72727,  99695,  42147, 135223,  75037,  44724,
       123578,  86265, 134907,  58050, 116349, 142676,  55566, 144482,
        12848, 102006,  89399,  87329,  49753,  77813, 125769,  78963,
       100238,  19136, 106533, 111033,  56246,  79207,  92436,  83342,
       131864,   1720, 135752, 143845,  17778,  47931,  21902, 145727,
        13288,  63166, 136393,  23474, 110676,   4341,  26486, 103290,
       153642,  38846,  81184, 132231,  75750, 113730,  19867,  36839,
       138801, 143857,  58369,  16050,  41418,  33969,  70614,  36551,
       140122, 149492,  83844, 145899, 153157,  94492,  34041,  82351,
        52071,  81810,  44978,  54320, 144665,  37554,  42179, 129444,
        93775,  83142, 121971,  62990,  78185,  49394,  79455, 149107,
        83074, 134428,  55558]), array([123083,  91590, 112829,  81729,  39287,  28369,   6865, 139485,
        33728, 123313, 122060,  51189,  42427, 100744,  27849,    481,
        25583,  11854,  61761, 149909, 118464, 138053,  99806,   6783,
       151699, 116455, 127742, 140080,   5523,  75212,  62209,  46858,
          823,  89166,   1234,  43015, 138996,  80448,  20874,  37886,
        83095, 144478,  21196, 100776, 148941, 118328, 121998,  64784,
        68217,  76939, 101487, 112864, 125082, 123459,  93032,  19539,
        61266,  88342, 149322, 150783, 141114,  69841,  37423,  38229,
       133134,  35850, 128689,  17020, 127336,   6502,  57561,  11386,
        43220,  39481, 114183, 107630, 153750, 131021, 137012,  33748,
       148445, 126360,  36821,  86233,  23771, 130117,  44930,  13564,
        25998,  15939,  13381, 144213,  99779,  89658, 140940,  41181,
       131500,  17501,    196,  93323,  53095, 140377, 106371,  11305,
       142246, 104071,  26600,  48550, 111251,  20706, 140814,  69329,
        80558,  66116, 101039,  86118,  61344,  44250, 130240, 128756,
        16779,  71113, 108193,  85352, 126587,  57957,  93565,   9005,
        39595, 143302, 102504, 100874,  66720,  12018,  11340,  55010,
        55770, 152443, 141175, 114616, 121507, 111952,  79927,  32842,
        81162,  34061,  96649, 100914,  72448,  66521, 134520, 100080,
        51318, 102550,  14060, 151082,  36994, 122024,  49416,  19637,
       141979, 130782, 138431,  45609,  11109,   3548, 142991,  87052,
       141370, 153403,  40308, 146930, 103216,  30478,  60131,  81965,
       101952,    991,   2609, 133513,  55500,  99797,  84098, 144185,
       146422, 134065,  61925, 137036,  54663,  76640, 117119,  26276,
       147507,  90195, 122652,  52716, 115618, 124628, 136359,  96488,
       116120,  85815,  22450,    501, 141782,  64987,  29004, 107892,
        38700, 125456, 110088,  46050,  52409,  75440, 144648,  88611,
        22145,  21541,  62293,  55563,  33497,  32827, 106179,  12536,
        60706,  71772, 152629,  70563, 134885,  93093,  68898, 126225,
        71629,  38642, 146122, 135194,  56414,  93830,  64530, 131039,
       127921,  25568, 129031,   2738, 104474, 125665, 123908,  52079,
        40982,  34781,  23948,  99750,  87172, 146339,   6290, 124472,
        79269,  61003,  14575, 107182,  37662,  26516,  43395,  73426,
        26627, 132249, 149071,  56560,  30084,  59053,  75130, 111205,
        71282,  42260,  19933,  12403,  94609,  77998,  13213,  69962,
        76970, 115392,  47226,   5494, 139817, 153797,  49877,  35774,
        55627, 130271, 150940,  96234, 131720, 142533,  48267,  88020,
        87588,  61411,  15904, 105717, 140333,  43948, 141255, 120481,
        56465, 126962, 115418,   8175,  77188,  64024, 105073,  50619,
       149859,  66406,   2967,  56966, 150525,  44694,  87484, 129335,
       133075, 124061,  89932, 123633,  87878, 129591,  87429, 100227,
       151123, 153440,   8210,  28328,  11073, 100950, 132449,  82753,
       136248, 116876, 135061,  84441,  59435,  45527,  84971,  57040,
        74946,  51482, 149531,  55362,  41835,  33049,  91598,  87463,
        69350, 138593,  88621, 147454,  82774,  68458,  81813,  68709,
        35892,  52950,  23558, 150404, 152779,  78905,  11168, 143632,
       132422,  56843,  88925,  93999,  51212,  81336, 107463,  41712,
        93620, 122418,  87186, 149915, 139387, 113627,   7052, 103351,
       123015,  24162, 134910,  27522,  43249,  53039,  44516,  73004,
        78471,  44792, 146487, 143470, 109254,  99145, 106672, 147852,
       127405,  69664,  49900, 150264,  40363, 113952, 141209,  70770,
       149431,  29386, 145852, 110696,    777,  91350,  87976, 124843,
       138422, 136125,  25879,  40383,  63399,  75679,  60778,  86634,
        60926,  65449,  39687, 131990,  82749, 153345,  85478,  49232,
       149412,  97513,   7197,  55320,  11689, 102827, 100343,   7427,
       153562, 140797,  26875,  18828,  19213, 140619, 132610,  42129,
        47440,  38224, 106185,   9687,  69571,  46654, 122663,  10673,
        12167, 135523,  88916, 124814,  26433,  40030,  81998,  99742,
        20541, 114087, 128241,  83528, 127740, 118794, 151266, 102365,
       117201,  92443,  26867, 138174, 130451,  67901,  77693, 148547,
        36140,  56650, 107152,  68509,  49117,   1713,   1083,  25133,
        32340,  41013,  54494, 129963,   9104,  17396,  91749,  28394,
         4272, 137641,  61851,  27992,  41274,  76122, 106333,  16947,
       106954,  68364,   1522,  52444, 102412,  85591, 148823,  16317,
       137968,  89137, 116676,  22112,  22455, 111483,  18431,   7284,
        10604,  71073,  17470,  86837, 112891,  96540,   6689,  40086,
         8614,  21926, 143524,  61335,  83274, 132480,  45639, 103803,
       141265, 130284,   7457, 127268, 152885,  14966,  47414,  16603,
        77590,  32001,  75078,  18151,  67417,  33776,  89379,  95695,
        26400,  33809,  53002,  62152,  17026,  52717, 151102,   2428,
       142807,  57272,   6233,  67974,  78669,  67037,  18956, 137737,
        15707,   6165,  59091,  72925,  97882, 111198,  39060, 131788,
        60407,  17159,  65355,  50472, 131491,  46779, 128639, 153587,
       118977, 149042,   8549, 139654,  32449,  25905, 136206,  48702,
       117458,  92064,  30126,  34294, 134432, 113115, 107364,  16251,
       120468, 118067,  29819, 131158, 107917,  67972, 106394,  29637,
        86537,  37741,   7682, 123943,   1597, 121429,  24681,  68152,
       152516,  59243, 119287,  37515,  90516,  71221,  39363,  40187,
        97995,  10414,  57910,   2925,  40394,  38818, 107865, 127359,
        98985,   6310, 140166]), array([ 55629,   1921, 124104,  72716,  88594,  12650,  24970,  67254,
       121114, 112126, 141813,  90898,  21748,  92340,   9038,  83325,
        75052,  16213, 124341, 140132,  17635,  45051, 135129, 127275,
         8045, 131092,  19846, 128609, 142821,  32859, 153198,  41301,
       142796, 110621, 100992, 113762,  96666, 121317,  53275,  42827,
        71241, 142389,  24544,  94015, 109437, 108920, 115773, 149181,
        99603, 107451,  25557,   2493, 125287,  51467,  96692, 113553,
        67993,  69641,  11968,  26432,  82199, 114887, 117668,  46812,
        20624, 151954, 147791,  44765,  40869,  43538, 102139,   6728,
        45681,  31940,     16,  39236, 127474,  29596,  58209,  70843,
       119039,    982,  54154,  42020,  68207,  98446,  75054,  33209,
        21868,  26382,  49579,  90468,  78992,  71122,  51917, 134915,
        49895,  74193,   3475,  59103,  73949,  81991,  22087,    531,
       107758,   2884, 102132, 116512, 152265, 120190,  60186,  80274,
         9491,  54338,  28114, 109964, 117423,  12558,  15851,  87654,
       133590,  18623,  73119,  41581, 123789,  50833, 128793,  61825,
        84212,  68417, 106529,  30068,  13626,   3123,  25260, 132229,
       112326, 109222,  17702, 146850,  47511,  70201,  54074, 121955,
        85084,  53699,  69281,  33373,  28406,  77843, 125158,  22379,
       145986, 101300,  72869,  74791, 149095, 112646, 115922, 116290,
         5909, 111829,  78326,  39274,  68852,  45041,  15553, 106642,
        61632, 141930,  83359,  37140, 104287,  13800,  64135,  83233,
        62116,  96750, 139893,  50280,   5393, 110822,   3303,  61832,
         3318, 146668,   7892,  97666,  23078,  72399,  11577, 151893,
        12867,  89260,  36360, 111734,  91409,  57615,  87893,  58405,
        37378,   3046, 121810,  83445,  55718, 120604,  41942,  49783,
        91664,  12334,  36892,   1683,  20512, 128879, 145328,  23904,
       133070,  72800, 127746, 128459,  99515, 143091,  15533, 144739,
        18012,  81479,  88999, 134909,  88687,  79542,  52391, 142480,
         5361,  92544,  94937,  29413,  41859, 112370, 129137,  78295,
       117355,  70697,  92040, 131033,  90353,  97491, 119074,  45638,
       133924,  64034,  12602,  93031,  71112,  73187,  29204, 119391,
       151489,  74024, 130760, 148106,  15667,  40448, 106855,  55476,
        45850,  76881,  42421,  19498, 125151, 111388, 131799, 106188,
       118414,  77687,  20633,  84933,  63678,  59668,  82654, 105055,
       143152, 116803,   3311,  47169,  89575, 115420, 117334, 145735,
         1395,  77692,   8051,  86793, 132980,   1455,  69910,  73572,
       124591,  60484,  92929, 115099, 129908,  58082,  87263,  88790,
        50471,  62511,  86963,  38480,   2544,  64382, 153173, 118203,
        36521, 143928,   4129,  75381,  89701, 118778,  21024, 151550,
       122630,  71277,  31532, 123059,   1002,  21697,  85269,  28760,
       143703, 149864,  89771,  76613,  54542,  89901,  76426,   3927,
         3662,  40266, 130041,  70662,  99556, 110077,  57175,   9129,
         4503, 140698,  36959, 132243, 146485, 128780,  52286, 120552,
        13653, 119898,  79452,  92067,  41879,  74672,  45650,   8389,
        96335,  56995, 102331,  49107, 153876,   7856, 130471,  68462,
        26551,  86569,  89815, 147762, 113544,  98918,  49457,  82151,
        87505,  59493,  33234,  40121,  37923, 124189,  31921,  43405,
        15927, 108568,  39961,  73326,  10213,  90777,  26326,  73255,
       153210,   3059,  16067,  50625,  90147, 127262,  19452,  40924,
         5375,  63692, 149179,  33249, 147927, 110267,  11171,   3164,
       147156,  78611,  95288, 123615,  12557,   6858, 121397,  60346,
        61802, 140643, 131883,   7290, 116592,  14195, 138176,  23961,
        39926,  98776,  49626, 145560, 124415,  87582, 107742,  11697,
        23038,  97396,  54612,  38434,  18546,  47337, 110350, 113545,
        22516,  98781,  50736, 138384,  48071,  22346,  47433,  86403,
        37998,  22733,  29306, 147132,  28408,  36530,  41063, 110061,
         1206,   3544,  39939,  48649,  50036,   6005,  51414,  60504,
        84710,  11671,  68829,  47824,   1050,  16930, 122208,  20392,
       114287,  61975,  99555,  88713,  42444, 110153,  99867,  32678,
       123558,  50370,  18598, 151515,  43069,  69043,  22549,   1193,
       111162,  64839, 100450, 144644,  61821,   1451,  89341, 130689,
        28583, 100570,  33641, 126204,  51696,  49617,  62279,  94903,
       109863,  86771, 126559,  72228,  72473,   7331, 142069, 152060,
        83132,  55962, 117561,  81853,  50524,  44135, 114445,  22144,
        94189, 103426,   4284,  30427,  43600,  80417, 138648, 151165,
       137690, 102366,  59189, 129679, 130599, 121775, 149870,  69750,
       100895, 126622,  74106,  70976,    644,  17054, 152380,  38725,
        82926,  60320,  17927,  80072,  32536, 125054, 128213,  58841,
       121712, 117532, 140694, 117616,  58843, 131258, 124899,  18325,
       144313,  36955, 132158,  91607, 143017,  13173, 144948,  69496,
        36213,  80054,  20739, 120716,  11909, 124047, 103500,  21498,
        42133, 115337,  26635,  14309,  50169,  16795,  13035,   5539,
        25197, 144190,  72636,  41773,   7372, 123211,  72057,  74832,
        46529, 105044, 114229,  75036,  25858,  15694,  13473,   2702,
        98958,  20805, 129245,  82003, 106927,  94258,  45176,  16943,
        42008,  95755,  89579,  23543,  75621,  73258,  10199,  89794,
       123911,  31828,  30953,  83333,  34829,  31704, 137557,  47606,
        58353,   7314,  76851, 102538, 150693,  43437,   9522, 139159,
       113492, 149846,  17710,  66667,  20029, 151870, 121929, 121864,
        78201,  31505, 153233,  90007,  77056, 120615,  32699,  95389,
        96260, 100249,  46815,  25281,  23933,  80937, 151732, 108786,
        40456,  14905,  31102, 116958,  21767,  82600,  77335, 110709,
        39774,  93248, 100955,  98033,  23407,  64539,  24011, 133132,
       119883, 151582, 103047,  92783, 138891,   2264, 129615,  74325,
       108098, 101023,  14746]), array([ 37299,  11008, 119729,  83494,    108,  20294,  28467, 139482,
       136177, 129893,  85622,  18932,  42183, 122899,  58382,  32997,
       111727,  83235,  42413, 137362, 126373,  52944,  62635, 129064,
        33785,  69969, 120717,  14086,   1983,  45493,  96969, 126452,
        90418,  45238, 132477,   4300, 126668, 127637,  12791, 118146,
       102199,  61807,  27834, 133062, 110545,  72125, 131464, 103758,
       132063, 118135,  95784,  45870,  43273,  29666,  10066,   1023,
        21734, 134142,  41167, 126086,  34209,  29849, 147405,  46928,
        38740,  80425, 103621, 147655, 100047,  67441, 112965,  27405,
       142598,  79382, 131652,  11107,  42050,  29422,  77608,  90924,
       113532,   3822,  77691, 133095, 122463,  52041, 141165,  64715,
       136092, 147316,  70692, 151381, 101040, 135711, 136073,  48751,
       120408, 153557, 152451,  38330, 149414,  34440,  28399,  77504,
        85014,  78433,  20573,  75983, 107655, 111852, 114004, 122510,
        62353,  92105,  56137, 114196,  21963,  95749, 147794, 119140,
        28067,  92087,   6908,  60162, 117889, 152240, 150033,  82660,
        12746, 118294, 100119, 136911,  83246,  15218,  56274,  55902,
        52187,  67701,  36549,  91441, 115334,  11908, 129362, 107452,
        49725,  33996,  96281, 151552,   4707, 111824, 105665, 111735,
       122244,  81284,   2005, 111631, 115854,  91069, 148160,  99906,
       105630,  53537,  29540, 119528,  17669, 147649, 133776,  76684,
       139665, 148746,  19226, 136220,  60164,  58887,  32269,  79266,
        33093,  22120,  73865,  73300, 115642,  20265,   7106,  47500,
        86923, 115328,  44207, 114701,   9475,  65997, 149695, 107533,
       112736,  60699,  99456, 130054,  20344,  13711, 152483,  79434,
        92458,  89217, 103230,  28097,  90977,  48337,   7623,  77631,
        41188, 137067,  97353,  70227,  32856,   8091,  63960,  31051,
       116471,  40671, 119931,  16217, 108106,  83698,  72106, 152741,
         7240,  73356,   3695, 146334, 153294,  75490,  11043,  88606,
       133954, 102028, 130378,  48906,  62879, 138359, 134935, 100330,
        47641, 147648, 147102, 104383, 150610, 116257, 118267, 123986,
       140711,   4933,  35320,  23208,  41273, 132486,  13819,  13037,
       136367,  27377, 137304, 134524,  16688, 153930, 152906,  50871,
         8473,  19293, 138299, 133186, 112372,  26501, 150855, 142465,
       137297,  34175, 118913,  84126, 129167,  68545, 106366,   7062,
        75088,  70846,  76243,  95874,  87680, 132401, 139348,  91486,
        52597,   1712,  67499, 144039,  41799, 113028,  76275, 134219,
       136903, 130875, 152553, 123674,  16903,  32046,  92584, 116111,
        28360,  46722,   5869,  22199,  93017,  53953,  53391, 125050,
        21062, 132098,  30732,  99735,   3282,  29579, 131533,  74327,
       120265,  11823,  14432,   9733,  76865,  54092,  49655,  65964,
        63230,  67815, 144316,  38153,  81458, 151024, 101045,  55149,
       137030,    875,  90562,  39146,  94973,  36399,  25580,  92998,
        50415, 136205, 131651, 152719,  91984,  65701,  24113,  38965,
       120442,   3080, 101382,  73135, 150817,  96875,  53956,  87571,
        94877, 128111,  68469,  39463,  95186,  85655,  10759,  51248,
        86848,  40458,  74501,  23681, 148999, 129595,  47209,  39239,
        21102,  56267, 131224,  76109, 109981,  65935,  29280,  78684,
        65033, 121307,  61849, 110956,   2232,  42389, 134217, 127229,
        28926,  72633,  34708,  77722, 148628,  58307,  87005, 116953,
        66522,   7124,  10532,  41144,  65222,  47068,  24184,  96780,
        92193, 119571, 101866, 142330, 130752, 153297,  19462,  98349,
        50539,      7,  54583,   6287,  47514, 134956,  74824,   1153,
        17896, 142000, 129574,  71181,  77073,  55267,   3292, 123741,
       143483, 141998,  26221,  50832, 151593, 145610,   6917,  63901,
        69778, 102762,  52047,  68928,  42918,  31870, 101578,  51926,
       142225, 135136, 141968, 144667, 134716,  84085, 151181,  57600,
       137334,  36758,  48265,  40473,  11088,    649, 110432, 125956,
        21167,  72687,  61659,  21828,  43686,  67046, 119364, 133817,
        39152,  25653, 106599, 105631,  56088,  41142, 141067,  32093,
       145487,  29604,  96926, 139193, 138076, 117195, 118293,  73699,
        98442,   7036,  89332,   8835,  37034,  83446, 133011, 128342,
        16377,  70145,  55307,  26776,  54549,  88275,  31252,  86126,
       151064,  24900,  91751,  16396, 128136,  12596, 113066, 119709,
       147594, 136580, 145957,  19025,  38667,  17910,  88282, 104066,
        81712,  73156,  48975,  28234,   2069, 102301,  71323, 125057,
         9891, 124293,  35895,  28937,  13822,  39089, 116351,  98118,
       150884,  97571, 105402,  86251,  23823,  85909,  69341, 140441,
        30557,  61779,  29120,  32124, 115144,  40490, 150544, 139651,
          446,  44408,  69786,  53158, 149985, 129713, 108499,   3258,
       117332, 107754,  84893,  15727,  30494,  89620, 152923,  26792,
        77709, 113593,  36355,  27682,  21937,  50730,  91573, 111230,
        40850, 119704, 151861, 113968,   7686,  39779,  17802, 140679,
        96057,  19287,  86798,   8241,  59863,  97681,  41708, 145084,
        38172, 131369, 148458,  27183,  15831,  57091,  26772, 120842,
       105414,  25814,  25243, 124658,  39234, 106321, 152303,  27805,
       104099, 146082, 131766,   2116,  74658, 142449, 152941, 116112,
       121467, 137875, 116271,  89927,  62642,  39483,  99329,  18346,
        51888,   8219, 145518,  29060, 138525,  86003,  78119, 127676,
        83087, 123539, 141990,  93754,  54353,  47680, 138237, 100970,
        23942, 106987,  47888, 140300,  70107,  63862,     41,  19055,
        99000, 149905,     83, 135337, 139511, 132676,  52479,  27449,
       135105, 109552,  71881,  51830,  10126,  77677, 124937,  89721,
       137891, 152956, 151998,  30776, 109815, 149115, 149713, 119906,
        69174,   3116,  14379, 121456,  87882, 108659,  84176, 130292,
        16031, 128914,  90937, 145145,  18171,  20894, 108943,  71643,
       122552, 143204,  22505,  18849, 130525,  87811,  60954,  57604,
        20888, 148080, 136318, 121892, 108364,   4846, 148044,  97229,
       148832,   6419, 130572,  18314,  31962,  89358, 112123, 115305,
        63501,  34828,  79272, 120990, 100111,  61785,  40550, 112806,
        41584,  91877,   6268,  13086, 112131, 125076,  69094,  31445,
        96663, 150799, 136133,  73791,  23757, 143711,  27189,  47748,
        82845,  93235, 124909,  80889,  65240,  16208,  24226,  50111,
       147101, 128185,  11757,  41068,  72879, 115142,  38348, 148082,
       126060, 127494, 126208,  11031,  78902,  99663, 127645,  46636,
        36610,   3890, 117523,  62604,  29626, 135060, 125206, 115881,
       146936,  93102,  55221,  36575, 134593, 135468, 119310,  40754,
       127290,  17322, 136900,  95193,  48272,  96855, 114243,  50582,
        71634,  73380,  74749, 134533,  31587, 121382,   9071,  74017,
       103481, 131741]), array([ 47535,  33953, 143220, ..., 145500,  77311,  69052])]
shape of feat_train: (11544, 602)
Mean accuracy: [0.9273376224382839, 0.000457480486678129]
