Namespace(dataset='reddit', dropout=0, epochs=400, gpu_id=0, hidden=256, inductive=1, keep_ratio=1.0, lr=0.01, method='herding', mlp=0, nlayers=2, normalize_features=True, reduction_rate=0.005, save=True, seed=85, weight_decay=0.0)
size of adj_train: (153932, 153932)
#edges in adj_train: 10753238.0
Test set results: loss= 0.4403 accuracy= 0.9413
idx_selected :  [array([13694]), array([ 97335, 109506,  54753]), array([ 67316, 151853,  66181,  67465, 113487]), array([36456, 28110, 25555, 54399, 55040]), array([123541,  84576, 122185, 120446, 113413]), array([ 82638, 134123,  39607,   6699,  69130]), array([150745, 112905, 117286,  86261,  27305,  24081,  60723]), array([ 92259, 110367,  78092, 128437,  16082,  70631,  66754]), array([ 78624, 110403,  35734,  59165,  70775,   1070,  82788]), array([110337,  15991,  28638, 146973,  86229, 106669, 120477,  27563]), array([ 77495, 125542, 145353,  10969,   1116, 125343, 148815, 126479,
        11052]), array([118869, 103974, 112037,  36095, 100637,  57375,  58327,  90805,
       112619]), array([ 98249,    631,  36670,  48037, 103191,   6617,  94360,  21820,
       128588, 153034]), array([115565, 135952, 104505, 132144, 108350,   1975,  52850,  74183,
       105895,   9384]), array([132162, 111036,  62986,  26586,  16653,  43551, 123975,  27086,
        80169, 109019,  10113]), array([25595, 44804, 49208, 73249, 33796, 25947,  6642, 19602, 93809,
       15388, 80003]), array([ 26937,  74741, 130424,  24532, 123838, 118385, 136667, 148186,
       131769,  89505,  73151]), array([ 67576,  58175, 144801, 129902, 123964, 150291, 140353, 136600,
         2707,  83693, 128296]), array([120018, 151156,  41445,  64555,   6923,  82249,  76430,  72760,
         5290,  38412, 104846,  55030, 123132, 134628]), array([  1246,  13833,  18702, 104049,  97675, 152559,  81482,  47768,
       127398, 117218,  45117,  73873,  42084,  13986]), array([131943,  97878,  28602, 147035,  77991,  91187,  37610,  88099,
        91575, 103113,  22647,  82155,  92319,  44235]), array([ 50727, 148024,  65853, 137920, 148569,  62762,  32775, 120475,
         4036,  47334,  63631,  82567,  11149,  70443]), array([ 24352,  39811, 132406, 110355, 137709,   1527, 117021,  26532,
        56049, 152122, 151566,  65491,  33667,  34752]), array([ 91023, 119346,  40492,  89904,  65899,   1491,  51594,  27382,
        54576,  10647,  95620,  82871,  83476, 107499]), array([114061, 129074,  15024, 120098,  29616,  80075, 113157, 100876,
        10995,  90597, 106510, 133720,  79959,  15349, 132513]), array([ 77823,  92553,   4188,  93717,  89082, 104279, 135360,  58922,
       132936,  75204, 101095,  68452, 119495, 123876,  33891, 122938]), array([ 62477,  95463, 136846,  32892,  45866, 129680,  82084, 119118,
        21048,  56060,  69759, 152077,  64399,   8685,  54551, 131136]), array([ 12481, 144531,  19701,  59606,  49643,  22106, 113053,  50086,
        53195,  56750, 116295,  71622, 148846,  47225, 122934, 102016]), array([139760,  75479,  87074,  91562,  85499,  55235,    790, 112978,
       123336, 133660,   8785, 143231,  82260, 113036,  68004, 121782]), array([ 79088,  16568,  80658,  71656, 103809, 139021,  75258,  92634,
        37203,  18896,    237, 102705, 118014,   2166,  90103, 127849]), array([ 13161,  82755,  25727,  35983,   3550, 144241, 149251,  28310,
        91110,  66393, 144488,  64720,  24858, 127035,   7132, 128397,
       125831, 111406,  52686]), array([  9166,  35305,  44442,  48164,  64695,  30385, 147565, 122236,
       113653, 128589,  54814,  37216, 129543, 151300, 121275, 111457,
       111405,  41652,  49167,  52179]), array([ 68271,  68948,  63761, 133524,   2105, 118880,  71475,  79068,
       117655, 129098, 104084,  25190,  99208, 103551,  24999,  85847,
         3826,  10939, 129393,  34942, 109438,  24731,  83525, 117984,
        59751,  18199,  62727]), array([  3151,  53159,  74285,  12591,  45496, 103130,  16910,  22628,
       106235,  29384,   1996,  89799, 117337,  49291,  30366,  17272,
       117522,  91305,  89300, 148694,  61090,  83089,  41544,  20913,
       139261, 103740,  92270,  33700,  89480, 153810, 125561,  57433,
       126544,  47629, 148508]), array([110587,  52728,  16762,  65860, 120687,   9644, 103018, 138172,
        53144,  24052,  36623, 141054,  92257,  72883, 143081, 105516,
       104546,  76100,  18442,  74096,  95443,  21833,  20650,  60894,
        67561,  95222, 143297,  67024,  11510,  24449, 133137,  21984,
        35942,  11474, 101818,  58393]), array([  7832,  65519, 146856,  20305,  87147,  71821,  12230,  93295,
        86607,  37814,   7821, 137313, 129877,  87549,  42312,  99163,
        86264,   4811, 147195,  78145,  36368,  43483, 146738, 151168,
        71167,  36303, 148370, 146941,  25378,  53488, 124972,  77344,
       137090,  12345,  26903,  18749,  41040,   6874]), array([100794,  63290,   9293,  91395,  54610,  54083,   1710, 136410,
       151546,   6284,  17929,  26768,  14514,  59451,  92546,  29010,
       137431,  83306,  16772,  49843, 103054, 146247, 110676,  35388,
        82705,  86265,  49508,  60525,  38336,  84813,    172, 111932,
        29017,  58828,  44848,  23476, 111807,  42086, 129069,  96039]), array([138053,  11854,  11386,  91590, 122582,  62209, 112829,  35850,
       130782, 106371, 123313,  32842, 140080, 141209, 105073,  81729,
         4646,  86118, 151699,  54263, 101487,  19539, 117433,  15939,
        80448,  19213,  78905,  83095,   6783, 104071,  33728,  45609,
        46858, 144478,  17020, 128689,  64024, 125082,    196,  10986,
       140940,  84916]), array([124341, 113762, 142821,  67254,  10805,  36959,   8045, 135129,
       127275,  44765, 124104, 145986,  19846,  55629,  40869,  59103,
        99603,  67993,  20624,  96666, 100992, 116512,  46812,  96692,
        49783,  21024, 142796,  58405,  17635, 134915, 128793, 128609,
       110621,     16, 151954, 112126, 147132, 112370,  71241,  31921,
         9491,  81991, 153198,  25557,  21748]), array([ 37299, 139482,  45493, 145610,  85622, 118135, 126452, 136073,
       147405,  62635,  92458,  90418, 129595, 112965, 113532,  62353,
       111735,  77504,  72125, 137362, 118913,  21734,  83494,  43273,
        58382,  11008, 118146,  41167,  20265,  67046,  83246,  61807,
        69969,  18932,  91441, 133776,  83235,  55149, 127290, 132063,
         4707, 135711,  33785,  29540, 119729, 119528, 133062, 129064,
        87571,  28467,  14086,  20294]), array([ 57710,  99729,  85292,  36076,  27193,  58733,  30117,  83044,
        87850, 107809,  37425,  69396, 122502,  47535,  35493, 145317,
       116583,  16288,  21112,  77884, 121159, 104027, 114315,  41760,
       128974,  54431, 104230,  75651,  48528,   9224,  51499,  55126,
        64276,  38495, 103948,  43112, 101397,  99841,  24801, 143799,
       110356, 130458,  67882, 126443,  45272,  98813,  57131,  91968,
        51180,  25944, 113166,  21440,  17274,  58791,   9634, 101189,
        53853,  43879,  88411, 134759, 142873,  51611,  43047,  45629,
       102892,  29729,  89570, 125087,  63483,  25149,  19201,  95265,
        63196,  10357,  23758, 123896,  83686, 142212, 134009,  41352,
        65976, 108801, 118919, 144204,  77962, 113187,  98564, 110967,
        58062,   5707,  77987, 120225, 144136,  53565,  93351,  75505,
       141760,  73358,  95132, 115421,  45953])]
shape of feat_train: (769, 602)
Mean accuracy: [0.793790436259804, 0.006210633455776772]
