Namespace(dataset='reddit', dropout=0, epochs=400, gpu_id=0, hidden=256, inductive=1, keep_ratio=1.0, lr=0.01, method='herding', mlp=0, nlayers=2, normalize_features=True, reduction_rate=0.02, save=True, seed=1000, weight_decay=0.0)
size of adj_train: (153932, 153932)
#edges in adj_train: 10753238.0
Test set results: loss= 0.4835 accuracy= 0.9394
idx_selected :  [array([ 13694, 111146, 140821,  14334]), array([ 97335,  54753, 139038, 114163, 134471,  39480,  71294,  38008,
       132075,  75220,  84516,  90230,  33734,  44289]), array([ 67316, 105521, 151853,  19161,  74959,  22796,  29987,  67465,
        79666,  80464,  25111,  80143, 121834,  10045,  85304,  52459,
        46023,  84153, 109894, 135154,  64657]), array([ 94720,  25555,  54399,  55040, 103307, 132824,  36456,  91819,
        84671,  78966, 119133,   2506,  53763,  49871, 105478,  12314,
       102621,  19336,  61627,  62910, 126501, 143014]), array([113413, 109915,  85059, 122185, 115852,  31262,  50892, 143721,
       152348, 134521,  52201,  63287,  51709, 115060,  84576,  95486,
       143281,   8605, 126767,  44701,  48266, 123696]), array([ 82638, 146276,  96140,  62269, 135607,  84147,  17577,  47412,
        69130,   6699, 116946, 105661, 111678, 142871,  70102,   7271,
         2000,  17340,  14837,  22682,  28260,  39607, 104090]), array([150745, 119490,  81197,  60723,  36331,  58492,  10154,  88598,
       133447,  75721, 143122,  98468,  72654,  66144,  24081,  88308,
         9410,   7968,    133, 120640,   5314,  23718,  43141,  34702,
        67021, 112866, 145672, 119255,  18974]), array([110367, 119892,  70631,  82873, 120221, 128437, 109218,  11923,
        57260, 126449,  51002,  52754, 139617,  16082, 112312,  50518,
       107456,  41946,  67098,   7814, 123949,  38840,  71690, 152050,
        92703,  19891, 114473, 108582, 134559]), array([118520, 101665, 139685,  61501,  38565,  95052, 113151,  77487,
        55355, 115751,  29516,  60712,  70775,  59087,  85953,  96251,
        95918,  35734,  50476, 108634, 125254,  40929,  26960, 123621,
         4011,   1070,  53783,  20586,  66790, 152329,  84350]), array([110337,  11487,   2477,  14005,  47101,  65128,  86229,  74345,
        15991, 146973,  45907,  97744,  34334, 106669,  34880,  99651,
        84937,   9460,  70827, 115258, 113644,  34364,  34656,  55875,
        48780,   1371,  16723,  24622,  38526,  96785,  63425, 133750,
        77315]), array([ 56748,  71198, 136002,  77495, 125542, 148815,   6852,   8929,
         1116, 145673,  62764,  77922, 124610,   2623,  80317,  92006,
        76777,  47281, 153834,  78387,  59985, 126479,    961,  28377,
        35453,   5983,  95162,  55112,  45170, 119753,  57750, 128377,
       123792,   7744, 107908,  17338, 150609]), array([118869, 103974,   6201, 112037,  57375,  58327,  93400,  29804,
        92297, 108579,  92516, 132898,  36095, 139169, 142930,   7193,
        46736,  56211,  55142, 152464, 116951,  90805, 112619, 153926,
       103589, 153411,  19214,  79913,  85496,  58134, 150260,  57789,
        84111,  42340,  57289,  91743, 125535]), array([ 72677,  36670,   6617,  62101,  72652, 107832,  40914, 101970,
       128588,  68143,    631,  48037,  98249,  35779, 136905,  28057,
        59930, 129417,  26303,   2956, 107048,  47690, 143563, 144176,
        72705, 131501,  45930,  21820, 112217,  92556,  24601, 103191,
        49212,  94360,  57964, 153685,   4696, 143649, 153034,  53895]), array([135952, 104505,  47361,  56797,  86581,  21208,  74183,  90916,
       110268,  31424,  19601, 106988,   9384,  71209, 145251,  83459,
       129399, 132964, 113735, 151383,   1975, 104431,  87713, 131692,
       119601,  97606,  94862,   4171,  95977,  31677,   6365,  23132,
        11591, 136371, 114309, 111058, 135294,  42865,   6987,  65038,
        90649,  41187]), array([  8560,  62986, 133545, 132162, 111036,  43551,  80169,  10113,
        16653, 121242,  50827, 104803,  12700,  26586, 110635,  47436,
        16685,  91516, 122672, 153022,  23117,  70684,  43431,  27086,
       109019,  74293,  51959,   8819,  56726,  59670, 133482,  82757,
        96995, 127157,  15554, 114346, 150687,  34803,  22409, 123975,
       116286,  44652,  92062,   4430]), array([ 49569,  52385,  42479,  49208,  73249,  64198, 144884,  25595,
        45236,  40993, 150000, 126889, 109701,  19602,  11543,  20755,
        79006,  33796, 119557,  94648, 109646,  54909, 144782,   3350,
        29566,  93809,  15388,  76296, 136126,  20391,   3802,  80003,
        25947,  37712,  11844,  80482,  47902,  62314, 109918,  80875,
        84739,  28285,   1379,  44804,  19647]), array([ 92122,  98615, 131807, 130424, 131769,  61602,  52561,  87214,
          263, 148186,   7414,  89505, 135092, 136667, 123838,  71311,
       127526,   3224, 129995,  29737,  46021,  83216, 102436,  45955,
        58397,  95809,  33791,  12952,  68406, 140926,  35367,  74302,
       152652,  37736, 117002,  73837, 148285,  38564, 124418,  47615,
        53258, 104601, 118385, 132501, 123212,  72158,   9198]), array([114075,  67576, 129902,   2707,  96823, 150291,  11341, 144801,
        58249,  11213,  16544, 114354, 100922,  60423, 117958, 140353,
        28257,  40362,  68204,  47784,  99094, 104312,  29297,  83693,
        69870,  10444,  95969, 134629,  16804,  85487, 120668, 123547,
       108067,  22215, 129903,   3564,  85422, 127635,  27793, 113007,
        15521,  47175,  48236,  68346, 104453,  19155, 148813]), array([112097,  25870,  83960,  51792,  64555,  63121,  86493,  74766,
       102180,  36340,  49033,  77633, 147311,  92758,   6923,  82249,
       111888,   5290,  82384, 102189,  37641,  49960, 114090,  54707,
       114863,  89780,  61489, 153757,  51481,  21807,  82106,  84174,
       152800,   1263, 135427, 123132,  55030, 125642, 124805,  51747,
        92908,  70860, 107674,  98602,  60122,  38708, 116028,  79141,
       106593,  45559,  72760,  58695,  47903, 123723,  43061,  42530]), array([  1246,  13833,  51102,  36113,  73873,  45117,  11403,  50917,
        46937,  49441,  32731,  41119, 130353,  92248, 104922,  52160,
       127398,  29648, 115996,  56602,    367, 110443,  32150, 145933,
       114469,  92833,  93671, 123108,  97828, 149584, 110397,    243,
        86369,  19518,  29603,  23855,  76824,  81482,  92295,  14418,
        58348,  63299, 151814,  10476, 117218,  76174, 151041,  13839,
       122390, 104049, 105764,   4142, 133523,  57718, 125380,  56309]), array([103635, 131951,  97878,  37610, 146961,  36863,  95938,  86881,
        22647,  55607,  70658,  88099,  52853, 129147, 153070,  88582,
       103113,  44080,  16211,   8164,  27263,  91575, 121980,  45155,
        59746,  59013, 110630,  11225,  49789, 123334,  92319,  67036,
       149339,  62883,  40105,  85170, 139810,  25128, 143229,  77991,
        73195,  87324, 135011,  81092,  99786, 119408,  17093,  72484,
       130937, 125349, 131943,  60163, 113707, 125124,  83760,  24446]), array([137920,  70221,  50727, 148024, 120475,  57825,  65853,  47334,
       126381,  29152,  78066,  85623, 106736, 125348,  91215,  77469,
        67005,  75904,  70443,  10183,  82567,  67087, 149106,  21516,
       133021,  88364,  31770, 140578, 105113,  63631, 122099, 125975,
        87328,  62762,  11149,  58173,  12812,  92727, 112047,  12104,
        71397,  22716, 132971,  55155,  45460,   4036,  18441, 141555,
        15192,  87611,  84146,  11181,  23956,  10428,  18336,  54620]), array([145640,  24352,  65491,  36358, 151566, 137709, 117021,  66040,
         1973,  89731, 152122, 122381,  20532,  21047, 123408, 152404,
        89911,  21520,  11723,  65356,  78325,  35210,  42225,  24286,
        33667, 110355,  30713, 121621,  77154,   2512, 126305,  41987,
         9500, 137789,  21942,  57706,  45747,  90644, 132039,  92393,
        97412,  56049, 124510,  86305,  35486,   2437,  86920,   8159,
       116400, 106574,  34752,  30936,  39400, 112191, 115920,  37860,
        26532]), array([119609,  74666,  53032,  91608,  24760, 119346, 115308, 150336,
        28099,    304,  55577, 146498,  16865,  75286,  40492,  59956,
       126458,  19387,  36371,  66625, 130724, 103499,  90928,  93822,
        26622,   2781,  27382,  46349,  53111,  95620,   1491,  95536,
        54702,  70439,  10647, 131461,   4478,  77297, 135258, 136454,
       109299,  43822,  65326, 152280,  43123, 135913,  83476,  51594,
        51853,  50752, 116961,  15661,  55889, 112951, 115028,  69504,
       104272]), array([114061,  49878,  48707, 129074, 120098,  29616, 140230, 100876,
        10995, 137071,  96611,  54407, 142154,  60804,  80075,  47276,
        90512,  15349,  18194,  72092, 116976,  79959,  76031,  90417,
        45770,  92240,    814, 148536,  58694,  48783,  54185, 140956,
        91078, 133720,  36504,  32548,  88523,  53377, 151034, 107400,
        81035, 106510, 102839,  63985,  80519,  91635, 132513,  96175,
        80025, 113157, 100645,  26290,   8715,  30319,  73467,   6991,
        23811, 125774,  74570,  98309, 133197,  90597]), array([141971, 126329, 104279, 135360,  75204,  93717,   4188,  77823,
       101059,  30046, 120027,  13113,  95899,  92925,  78582, 111283,
        68452, 142899, 137517, 140972,  96535, 119495,  64403,  76235,
       142339, 136102,  31503,  85125,  16620,  21292,   9487,   3367,
       150843,  88195, 132172,  33891,  75129,  51253,  73158,  31747,
        29473,  41281, 122938,  31879,  99354, 122953,  81564,  58922,
        63472,   1730, 117864,   9298, 107739, 110902,  65832,  28080,
       104583, 130122, 118253,  23472,   8361, 102127,  99484,  48441]), array([ 62477, 131136,  54551, 119118,  20098,  45866, 129680,  83190,
        25771,  73020, 129474, 152077, 121547,  39810,  47681, 103474,
         4774,  97547,  21048,  53527, 138467,  49957,  32892, 121607,
         1196,  93039,  78770,  56500,  82501,  17644,  22326,  82084,
        85225,  23918, 127671, 108689,   7302,  19181,  53394, 131151,
        95463, 136846,  52378,  21849,  66342, 100639, 109675, 147756,
       117403, 105740,  93795,  10700, 105062,  69759,  56060,  44737,
        46009,  67070,  54377,   8685, 101609,  20808, 122891,  11188,
        32608]), array([110507, 102016, 114756, 148846, 122934, 100904, 114442,  53195,
        19701,  22106,  49643, 113053,  71622,  98554,  94237,  53877,
       137317,  10701,  45233, 123021, 132495, 111917, 116295,  26589,
       118402,  23916,  87855,  12481,  50086, 107083, 138778,  27929,
       144531,  59606,  99575,  29994, 122861,  80568,  27760,  12355,
        51325, 133206, 125726, 144829,  34914, 129174,  53557,  36570,
        56557,  39084,  94165,  63910,  47225,  96179,  72003, 146202,
         9542,  25032, 103946,  72965,  12165, 145304, 103485,  35271,
       105381,  75744]), array([139760,  85499, 151360, 146192,    790, 133660,  75479, 148034,
        82260, 112978,  22413,  93993,  87074,   6817,  38465,  29495,
        91562,  20487,  80299, 153455, 121376,  12913,  44794,  99153,
        41833,  54582,  16931,   1741, 134096, 134772,  60621,  75513,
        14728,  73448,  15958,   9668,  30192, 150167,   8785, 135804,
        55235,  50425, 103715,  59344,  76464, 139464,  44468, 144292,
        95320,  46138,  99119, 150824,  70884,  82584, 150653,  60942,
       127351, 122521, 140822, 145649,  20827, 121782,  28040, 103213,
         6138,  77160,  67540]), array([ 79088,  16568,  80658,  71656, 105008, 103809,  96393,  75258,
        21586,  60626, 113784, 114164,   5540,  37203, 118014,    237,
        37788,   2166, 108125,  92375,  18896,  46541,  51265, 101647,
        90798, 127496,  13261, 142607,  29840,  15602,  75581, 146671,
        32163, 102705, 136669, 100964, 100771, 139021,  32073,  46207,
        37181,  90103, 121825, 116273,  65919,   7479, 147007,  90917,
        52985,    603,  15965, 109329, 146792, 153307,  81736, 126486,
       137396,  27041,  23789, 111896,  93585, 134199,  59860,  50999,
       101250, 114372,  12278]), array([ 13161, 101856, 152002,  25727,  33341,  67826,   7132,  77460,
       125831,  66393, 127035,   2965, 150580,  15660,  91110, 144488,
       139509,  47283,  51149,  64915,  45149,  65316,   3550,  69728,
       135481,  91172,  72167,   7526,  18282,  59025,  89903,   2081,
       141566,   5862,  14694, 140187, 120312,  24858,  85808, 141037,
        97199,  52686,   5117,  32202,  39141, 143408,  45405, 108429,
       145105,   5123,  90320,  56052,  84173,   1694,  59624,   1662,
        10035,  64190, 153732,  47554,  53410,  46329,  31997, 144241,
        46601,  17852,  43654, 115627,  93776, 150809,  50560,  34566,
        46236, 106534,  55925,  15834, 144890]), array([  9166,  35305, 128589,  30385, 147565, 107077, 116344,  48164,
        54814,  92822,  87314, 102985,  44442,  84335,  18874,  26491,
        40761,  19544, 120201,  98538, 126597,  27095, 129402, 132591,
       142152, 151711, 121275,  79392,  27943,   9235,  16261,  49167,
        76480, 121161, 111405,  72802, 111457,  38499,  20511,  37216,
       118390,  37638, 122912,  47556,  40307, 113653,  79711,   2529,
       101676, 145425,  23135,  29776,  74551,   2140, 114376,  77330,
        86721,   5652,  83868,  41176, 138377, 138753, 120113,  89682,
        30490,  81731,  42181,  20336, 151300,  41652,  52179,  90595,
       143973,  97984,  34323, 115444, 128931,   7654,  22297,  29541,
        98670]), array([  2105,  24999,  25190,  73754, 103551,  83525,  91250,  62858,
        79068,  64789,  49068, 118380, 106891,  18199,  20587,  56257,
       120800,  91439,  21138, 118880,  25551, 137691,  67675, 117657,
        30500,  12962, 143830,  42383,  62727,  56610,   6866,  41026,
        28128,  99208, 138281,  76844,  24579,  40130,   6427,   1053,
        46994, 143534,  94406, 107646,  41649,  90792,  34942,  32167,
       152213, 122809, 103174,   6913,  53049, 142674, 123407,  57330,
       130257,  33970, 126178,  19186,  65010, 119479,   3826, 108846,
       126849,  20866,  71475, 107912, 106383, 133618, 107844,  61014,
        46051, 146726, 101330,  25544,  59042,   7815,  11452,  66566,
        67543,  56662, 119574,  85430, 129952,  85626, 104757,  79861,
        94898, 121078,  64082,  15449,  28278, 109438, 102334,  64550,
        53295,  59392, 120675,  63761, 133524, 147889,  32987, 117655,
        45343, 119516,  92320,   2565]), array([141571, 125561,  36572, 114684,  49291,  12638,  40546,  72831,
        37035,  53159,  64763,  89799,  74285, 117337, 146759,  62045,
        66658,  66194, 122056,   4302,   5721, 115236,  55782,  30366,
        16910,  22628,  43573,  71977,  87848,  58586,  26424,  41544,
        17272, 105452,  99005, 116080, 147519, 105647,   4134,  89519,
       141950,  15575,  89300, 126544, 152439,  35530, 144021,  95640,
       110382,  65861, 112187,  33700, 108092, 123556,  79071, 103287,
       113309,  92270,  25376,  20913,   3136, 136272,  19541,  37911,
        50109,  53554,  25987,  45496, 145097, 121083, 122695,  68231,
       106235, 139261, 100870,  96020,  78342, 148508,  55483,  25637,
       118707, 141726,  77387,  32351, 148694, 151881, 105435,  56505,
        66243,  56917,  26112,  66725, 136908,  62497,  83089,  97075,
       131884,  29742, 147138, 101852,  47629,  18480,  83788, 116913,
         1916,  62315,  73346,  40694, 109858, 129268,  94367, 130098,
        43186,  58596,  49637, 118113, 103130,  70681,   3135, 153151,
        42188, 135428, 123260,  12591,  57433, 116591, 144631, 120833,
       116566,  95625,  98220,  96560,   1996,   8646,  58524,  46839,
        85464, 107833,  83241,   1037,  83597]), array([110587,   9829,  86225,  84099,  67561, 118738, 103018,  53144,
        68572,  72883,   9644, 138777,  10292, 132358, 138172, 143892,
        67024, 120687, 105516, 128539,  57419,  95222,  65860, 111616,
        61612,  58393,  51743, 142967,   5149,  37143,  69168,  24052,
       152184, 147503,  80370, 141054,  74096,  75271,  15700,  92570,
        18442,  76100,  52728,  74879, 112821,  20650, 136687,  24449,
         1406, 124689, 133613, 143297,  36623, 109083,  46260,  11510,
       136814, 138067,  22502,  19000,  72345, 142451, 115686,  83586,
       106765,  20393,  23621, 142077, 104546,  11474, 143081, 123523,
        67226,  98454,  20122,   8713, 140834,  22679, 112700,  34431,
       103454,  22916,  62640, 115507,  74574,  24754,  42401, 112059,
        79098, 152958,  95923, 122020, 144637,  65055,  38486,  39793,
        52050,  22997,  26297,  95443, 111836,  51965,   7929, 117011,
        19172,  88962,   8398, 126423, 117508,  53612,  19144, 123613,
        24988,  67042,  25701, 119984, 108195,  47780, 153170, 110713,
       121493, 120659,  29506,  56409,  57257,  21984,  15713, 147909,
       134803, 129586, 136678,  43735, 105058,  75709, 104483,  61908,
        33827,   3968,  12288,  21833,  88985,    486,  51018,  72239,
         8648]), array([148370, 102845,  25378,   8870,  87549,  36368,  59890,    405,
        71963, 116539,  63950,   7982, 110334, 124972,   7222,  78145,
       114755, 139157,  42312,  79744,  99163,  94381,  35238,  86425,
        22281,  20005, 139360,  50001, 116318,   6583,  53488,  16689,
         8264,  12230,  20305,  77344,   4811, 146941,  83169,   3243,
        91538,  35122, 115594, 128034, 121436, 151168,  37814, 147195,
        54590, 132731,  79051, 143592,  93295,  87147,  55675, 113508,
         6510,  47848,  63734,  66600, 114422, 108472,  97341, 146856,
       102057, 149277,   7821,  85987,  16475,  40060,  92254,  41040,
         6874,  88914,  23319,  85414,  65519,  51372, 140308,  55417,
        63548, 137090, 127521,  65856,   7407,   6824,  71821,  66054,
        43483,  87980,  84925, 125307,  27178,  17842,  36303,  31231,
        14257,   3067,  21821, 153671, 132068, 144146,  58864,  65251,
       138045, 125211,  99466,  23399,  29654, 129631, 108309,  69848,
        18620, 143667, 121228, 112105,  29151,  14416, 145631, 114772,
        54315,  55157,    949,   3687,  20100, 124995,  97899,  91311,
        85260,   3887,  13796, 116701, 125905,  79107, 132931,  26746,
        69760,  64297,   3871,  86607, 123790,  97890,  98502, 151106,
       111278,  84557,   1297,  71167,    343,  54028,  97490,  53070,
        63836]), array([100794,  95683, 107094,  29010, 129528,   4115,  59451,  83306,
       105679,   9293, 124032, 108854,  14814,  54610,  79514,   1710,
         6284,  10694,  17929, 136410, 150187,  38336,   9074, 144198,
       102962,  63711,  96382, 137431,  84404,  34699,  52986,    693,
        39744, 111932,  49843,  38026,  28697, 151012, 142840,  50163,
        85326,  74531, 113643,  42086,  58828,    172,  78515,  66545,
        58700, 115808,  62201,  54144, 142136,  27873,  29592,  22090,
        11522,  46449,  82171,  39045,  78184, 108349,  96291,   4453,
        55812, 124322, 139366,  59033,  51198, 102010, 115072,  95624,
       132517,  53457, 138997,  34873,  49508,  32308, 146895,  48662,
        64218, 132014,   4726, 149582,  72530,  49195,  54083,  79052,
        97136, 138046, 134094,  14643,  38090, 104175, 103054,  39586,
        57057,  97398, 100559,  96768,   4779, 113730, 118039,  20343,
       102117,  31192, 151931,   2962, 112229,  59605,  57923,  40449,
        82442, 110115,  83522,   3280,  51516,  43097,  46966,  43853,
       120721,  96039, 151546,  30364, 140939,  79795, 108974,  75837,
        44094, 146779,  25932,  66766,  46677,  35564,  34954,  21625,
       112569,  53507, 132857,  87788,  23476,  53137,  53741, 146247,
        90731,  11963,  94331, 140057,  30114,  15603, 138849,  66333,
       146100,  81184,  46393, 110908,  86265, 134907,  91633,  68926,
        90371,  10308,  58736]), array([ 87186, 123083,  81729,  33728,  91590, 123313,  23771,  57957,
       151085, 126360,  11854, 130117,  62209, 101039,   5523, 140940,
         6805, 116876,  37423,  15939, 151699,  41712, 122060,  61761,
        46858, 114616,  20706, 140814,  17501, 115618,  99145,  61266,
       143302,  34464,  12018,  25998,  89166, 135061,  27849, 144648,
       149909,  41835,  33497, 149322, 124362, 139485, 150783, 140688,
       100776,  36821, 112829,  97678, 127921,  81162,  75400,  56966,
       140080, 138431,  41274, 109737,  22573, 102550, 148445, 133134,
        40030,  40308,  32481,  51189,  64987,  39481,  93032,   4646,
        33049,  30478,  76939, 111205,  74946, 114366, 124814, 125456,
        66521, 134520, 129031,  71565,  12119,  69350,  20874,  87481,
        88925,  87172, 118464,  85478,  42129,  60778,   9104,  89379,
        78905,  43015, 114183,  84098,  39595, 138053, 146930,  37662,
        93565,  72887, 133513,  33748, 141209,  47226, 107892, 151082,
       153750,  50619, 131720,  11305,  93830,  50472,  16779,  75771,
       144213,  72448,    196,   6783, 116455, 124628,  70563,  74213,
       106697,   7052, 143390, 117433,  71772,  48935, 104523, 106371,
        25583, 127742, 107152,  19933, 116105,  84441, 135523,  77188,
        92487,  57561, 131021, 121507,  64024,  80448,  89658,  51318,
       149531,  68364,  99742, 152443,  11073,  55500,  86537,  91638,
        26276,  32449, 111952, 153562,  34781,  19213, 136248, 153345,
        60926]), array([ 55629, 124341,  77843, 124104,  72716,  89901,  12650,  44765,
        67254,  71241, 119039,  98451, 100992,   8045,  21748,  57919,
       128879,  84212, 142796,  81991,  29596, 147791,  92115, 128793,
        26382, 117334,  70201,  90468, 108920, 135129,   1921,  45051,
       112126, 113553,  17635,  91664,  61825,  45041,   6728, 119898,
        23961,  23651,  99603,  75054, 127275,  80274, 110621, 149095,
       131092,  25557,  64406,  67993,  17702, 125287,  40869,  36959,
        22087,  50833,  24544,  69641,  37998,  58082,  28114,  75381,
       109863, 128609,  74024,  98446, 121114, 107758,  80417, 134915,
        37378, 114887, 102132,   3303, 116512,  71122,  43405,  56805,
       121317,  83359, 142389, 124591, 142821, 113762,  19846,  41301,
        12558,  54154,  22379,  70843, 131799,  76873, 130471,  68207,
        54612,   9491,  73949,  24970, 133590,  74193, 141813,  79452,
       149864,  41879, 117668, 120190,  39236,  90898,  73187,  72399,
       142480,  47511,  22144,  78929,  81479,  83325, 112370,  87654,
       106855,  13800,  90353, 106642,   3318,  87802,  88790, 121955,
        61632, 134868, 144644,  94015, 151489,  16213, 116958,  59103,
        87403,  74791, 115922,  21767,  69281,  33373, 109222, 113545,
         6858,   2493,    531,   5909,  53275,  84933,  73119, 142069,
       146485, 148106,  26551,  46812, 144739,  18623,  47433,  42827,
         3046,  39926, 117355,  54338, 149181, 139893, 110350,  92040,
       127474, 125158,  88687, 134909, 102139,   3475,  75052,  43538,
        49895,  97666, 152265,  29770, 101300, 138384]), array([ 37299, 118135,  85622, 137362,  83494,  45493, 139482,  28467,
        58307,    108, 134142,  26772,  77608,  21734, 107452,  42050,
        52041,  36758,  64715,  32997,  58382, 111735,  96969,  11008,
        34209, 136073,  29666,  38740, 133095,  95784, 136177,  75983,
        77504, 134593, 119729, 126452,  79434, 132477,  77631,  41167,
        73300,  10066, 113532, 101578,  45870, 118146,  29849, 127637,
        43273, 133186,  14086,  13711,  49655,   4707,  42183, 111631,
        56274, 136092, 131464,  69969,  83235,  99456, 142465,  55902,
       129595, 133062,  62353, 151552,  27834,  61807, 147794, 135711,
       122510, 100119, 147655, 111852,  88653,  62635, 147405,  96875,
        33093, 137304,  66522, 122899, 110545,  20265, 149695,  33785,
        28097, 139348,  67441,  85655,  29540,  12791,  38965, 150649,
        23208,  90418, 103230, 134935,  20294, 111727,  92458,  89217,
       148746, 115642,  21167, 131652,  73865,  18932, 112736,  65997,
        29422,  90924,   4300,  31051,  49725,  48337, 103758,  78433,
        79382,  36399,  27405,  47888,  91441, 112123,  81284, 105665,
       120717,  87571,  46928, 100047, 150855, 118913, 126668,  72125,
         9475,  26501, 123674,  65033, 130054, 130752, 131224,  88673,
        39463, 118267,  11107,   2005, 130378, 148160,  56137,  16377,
        63960,  77691,  28067, 116953,  27377,  70692,  83246, 122244,
       147649,  76865,  34440,  28399,  86923, 123986, 152719,  76275,
       140711,  27449, 140679,  65240,  72633,  38330, 100330, 105630,
        11088, 125057,  33996,  88275, 129167, 153930,  20888,  76243,
       147316,  54092, 116257,  41188,  34175,  20573,  17910,  60949,
       147594,  51248,   8091, 142598,  34708,  92998, 122463, 129064,
       119528,  73356,  79266,  19293, 101866,  41584,   7106,  72687,
        11823, 148458,  55149]), array([ 47535,  33953,   9281, 125087,  65976,  49514,  91297,   8320,
        98861,  24901, 145317,  36076,  48528, 119768, 113166,  21112,
        82580,  25944, 121159, 104027,  57710,   3344,  58733,  29729,
        86381,  46332,  80696,    584,  12164,  77137, 129418, 107256,
        57131, 107809,  55119,  89570, 110967, 128925, 128974,  41760,
       129384, 134009, 118809,  18523,  58062,  63094,   1692,   3445,
        83044, 114315, 145257,  55077,  30237,  47496,  61736,  31958,
       142212,  53652,  46718,  54380, 113187,   9634,  52910,  21193,
       115421,  94549,  81054, 116583,  51180,  20599,   9224,  31145,
        97143,  43047, 147173,  43879,  14394,  35493,  73047, 104469,
        67882,  57777,  81003, 146255,  11997,  64276, 104230,  95390,
        28504, 142145,   9131, 103839, 150382,   5847,  39921, 120410,
       110356, 113347,  76617,  26981,  95265,  63196, 129383,  98182,
        98036,  79303, 145939,  30117,   2063, 126443,   8119,  45523,
       152000,  76826, 143220,  37425, 132603,  56568,  50726,  75651,
       138287,  61018, 129534,  17804,  95132, 141760, 130403,  16941,
        83686, 118919,  89678,  43112, 100941,  22843,  32705, 140985,
       141557,  68996,  89271, 141870,  93484,  88331, 142873,  19927,
       103073, 143191,  53853,  82469,  16885, 111543,  87850,  77884,
        45962,  45669,  21639, 101189, 143047,  18870, 124883, 111547,
        35674,   7322,   5707,  36956, 149819,  90351,  79485, 143643,
        80203,  48520,  16288,  25859,  70834, 122502, 143799, 113543,
          331,  26884, 120225, 106004, 118169,  33046,  44904, 144960,
        43265, 145108,  31216,  61740, 140891,  63563,  98564,   7119,
        27655,  26706, 109823, 152583,  99729,  30074,  32270,  23758,
       143178, 135955,  11082, 153186, 122769,  88281,  52721,  30686,
       113504,  62438, 117209,  14533, 137532,  78449,  93633,  41352,
       103048, 118182,    657, 138416, 120497,  81420,  95339, 100698,
       112443,  55354,  83611,  10357,  52220,  42801,   7724,   1524,
       127454,  79463, 124482,  74919,   1602,  70720,  52651,  17274,
        21796,  94181,  98813,  50419,  33867, 106520,  17422,  67820,
        45629,    928,  87243, 150027,  54233,   6584,  92433,  98972,
        51353,  64745,  91968,  19347,  31632,  53532, 105958, 143579,
        13115,  51580,  73358,  75481, 123398,  78377, 136756,  45280,
        71988,  26144,  56365, 133178,  17580,  62920,  73436,  59370,
       135044,  21450,  69079,  54431,  15352,  52445, 115578,  71184,
       107043,   1953,  25554,  30833,  30503,  33281,  22293,  26119,
        54012, 115718, 104770,  55622,  12179,  74665,  26520,  28413,
       138620,   1959,  80613,   9910, 130458,  77962,  97377,  61629,
         3182,  26063, 118690, 139839, 105707,  58635,  84802, 139337,
        54333, 127212, 113448, 135677, 151236,  70542,  34712, 109690,
        31395,  33597,  68889,  52904,  38831,  93351,  25942,  51499,
        63483, 151707,  47195, 107505,  99841,  16986,  92316, 105412,
         4470,  74568,  23750,  55126, 120536, 122722,  77101,  99254])]
shape of feat_train: (3078, 602)
Mean accuracy: [0.8858080023132253, 0.003423549188827735]
