Namespace(dataset='reddit', dropout=0, epochs=400, gpu_id=0, hidden=256, inductive=1, keep_ratio=1.0, lr=0.01, method='herding', mlp=0, nlayers=2, normalize_features=True, reduction_rate=0.01, save=True, seed=1000, weight_decay=0.0)
size of adj_train: (153932, 153932)
#edges in adj_train: 10753238.0
Test set results: loss= 0.4835 accuracy= 0.9394
idx_selected :  [array([ 13694, 111146]), array([ 97335,  54753, 139038, 114163, 134471,  39480,  71294]), array([ 67316, 105521, 151853,  19161,  74959,  22796,  29987,  67465,
        79666,  80464]), array([ 94720,  25555,  54399,  55040, 103307, 132824,  36456,  91819,
        84671,  78966, 119133]), array([113413, 109915,  85059, 122185, 115852,  31262,  50892, 143721,
       152348, 134521,  52201]), array([ 82638, 146276,  96140,  62269, 135607,  84147,  17577,  47412,
        69130,   6699, 116946]), array([150745, 119490,  81197,  60723,  36331,  58492,  10154,  88598,
       133447,  75721, 143122,  98468,  72654,  66144]), array([110367, 119892,  70631,  82873, 120221, 128437, 109218,  11923,
        57260, 126449,  51002,  52754, 139617,  16082]), array([118520, 101665, 139685,  61501,  38565,  95052, 113151,  77487,
        55355, 115751,  29516,  60712,  70775,  59087,  85953]), array([110337,  11487,   2477,  14005,  47101,  65128,  86229,  74345,
        15991, 146973,  45907,  97744,  34334, 106669,  34880,  99651]), array([ 56748,  71198, 136002,  77495, 125542, 148815,   6852,   8929,
         1116, 145673,  62764,  77922, 124610,   2623,  80317,  92006,
        76777,  47281]), array([118869, 103974,   6201, 112037,  57375,  58327,  93400,  29804,
        92297, 108579,  92516, 132898,  36095, 139169, 142930,   7193,
        46736,  56211]), array([ 72677,  36670,   6617,  62101,  72652, 107832,  40914, 101970,
       128588,  68143,    631,  48037,  98249,  35779, 136905,  28057,
        59930, 129417,  26303,   2956]), array([135952, 104505,  47361,  56797,  86581,  21208,  74183,  90916,
       110268,  31424,  19601, 106988,   9384,  71209, 145251,  83459,
       129399, 132964, 113735, 151383,   1975]), array([  8560,  62986, 133545, 132162, 111036,  43551,  80169,  10113,
        16653, 121242,  50827, 104803,  12700,  26586, 110635,  47436,
        16685,  91516, 122672, 153022,  23117,  70684]), array([ 49569,  52385,  42479,  49208,  73249,  64198, 144884,  25595,
        45236,  40993, 150000, 126889, 109701,  19602,  11543,  20755,
        79006,  33796, 119557,  94648, 109646,  54909]), array([ 92122,  98615, 131807, 130424, 131769,  61602,  52561,  87214,
          263, 148186,   7414,  89505, 135092, 136667, 123838,  71311,
       127526,   3224, 129995,  29737,  46021,  83216, 102436]), array([114075,  67576, 129902,   2707,  96823, 150291,  11341, 144801,
        58249,  11213,  16544, 114354, 100922,  60423, 117958, 140353,
        28257,  40362,  68204,  47784,  99094, 104312,  29297]), array([112097,  25870,  83960,  51792,  64555,  63121,  86493,  74766,
       102180,  36340,  49033,  77633, 147311,  92758,   6923,  82249,
       111888,   5290,  82384, 102189,  37641,  49960, 114090,  54707,
       114863,  89780,  61489, 153757]), array([  1246,  13833,  51102,  36113,  73873,  45117,  11403,  50917,
        46937,  49441,  32731,  41119, 130353,  92248, 104922,  52160,
       127398,  29648, 115996,  56602,    367, 110443,  32150, 145933,
       114469,  92833,  93671, 123108]), array([103635, 131951,  97878,  37610, 146961,  36863,  95938,  86881,
        22647,  55607,  70658,  88099,  52853, 129147, 153070,  88582,
       103113,  44080,  16211,   8164,  27263,  91575, 121980,  45155,
        59746,  59013, 110630,  11225]), array([137920,  70221,  50727, 148024, 120475,  57825,  65853,  47334,
       126381,  29152,  78066,  85623, 106736, 125348,  91215,  77469,
        67005,  75904,  70443,  10183,  82567,  67087, 149106,  21516,
       133021,  88364,  31770, 140578]), array([145640,  24352,  65491,  36358, 151566, 137709, 117021,  66040,
         1973,  89731, 152122, 122381,  20532,  21047, 123408, 152404,
        89911,  21520,  11723,  65356,  78325,  35210,  42225,  24286,
        33667, 110355,  30713, 121621]), array([119609,  74666,  53032,  91608,  24760, 119346, 115308, 150336,
        28099,    304,  55577, 146498,  16865,  75286,  40492,  59956,
       126458,  19387,  36371,  66625, 130724, 103499,  90928,  93822,
        26622,   2781,  27382,  46349]), array([114061,  49878,  48707, 129074, 120098,  29616, 140230, 100876,
        10995, 137071,  96611,  54407, 142154,  60804,  80075,  47276,
        90512,  15349,  18194,  72092, 116976,  79959,  76031,  90417,
        45770,  92240,    814, 148536,  58694,  48783,  54185]), array([141971, 126329, 104279, 135360,  75204,  93717,   4188,  77823,
       101059,  30046, 120027,  13113,  95899,  92925,  78582, 111283,
        68452, 142899, 137517, 140972,  96535, 119495,  64403,  76235,
       142339, 136102,  31503,  85125,  16620,  21292,   9487,   3367]), array([ 62477, 131136,  54551, 119118,  20098,  45866, 129680,  83190,
        25771,  73020, 129474, 152077, 121547,  39810,  47681, 103474,
         4774,  97547,  21048,  53527, 138467,  49957,  32892, 121607,
         1196,  93039,  78770,  56500,  82501,  17644,  22326,  82084]), array([110507, 102016, 114756, 148846, 122934, 100904, 114442,  53195,
        19701,  22106,  49643, 113053,  71622,  98554,  94237,  53877,
       137317,  10701,  45233, 123021, 132495, 111917, 116295,  26589,
       118402,  23916,  87855,  12481,  50086, 107083, 138778,  27929,
       144531]), array([139760,  85499, 151360, 146192,    790, 133660,  75479, 148034,
        82260, 112978,  22413,  93993,  87074,   6817,  38465,  29495,
        91562,  20487,  80299, 153455, 121376,  12913,  44794,  99153,
        41833,  54582,  16931,   1741, 134096, 134772,  60621,  75513,
        14728]), array([ 79088,  16568,  80658,  71656, 105008, 103809,  96393,  75258,
        21586,  60626, 113784, 114164,   5540,  37203, 118014,    237,
        37788,   2166, 108125,  92375,  18896,  46541,  51265, 101647,
        90798, 127496,  13261, 142607,  29840,  15602,  75581, 146671,
        32163]), array([ 13161, 101856, 152002,  25727,  33341,  67826,   7132,  77460,
       125831,  66393, 127035,   2965, 150580,  15660,  91110, 144488,
       139509,  47283,  51149,  64915,  45149,  65316,   3550,  69728,
       135481,  91172,  72167,   7526,  18282,  59025,  89903,   2081,
       141566,   5862,  14694, 140187, 120312,  24858]), array([  9166,  35305, 128589,  30385, 147565, 107077, 116344,  48164,
        54814,  92822,  87314, 102985,  44442,  84335,  18874,  26491,
        40761,  19544, 120201,  98538, 126597,  27095, 129402, 132591,
       142152, 151711, 121275,  79392,  27943,   9235,  16261,  49167,
        76480, 121161, 111405,  72802, 111457,  38499,  20511,  37216]), array([  2105,  24999,  25190,  73754, 103551,  83525,  91250,  62858,
        79068,  64789,  49068, 118380, 106891,  18199,  20587,  56257,
       120800,  91439,  21138, 118880,  25551, 137691,  67675, 117657,
        30500,  12962, 143830,  42383,  62727,  56610,   6866,  41026,
        28128,  99208, 138281,  76844,  24579,  40130,   6427,   1053,
        46994, 143534,  94406, 107646,  41649,  90792,  34942,  32167,
       152213, 122809, 103174,   6913,  53049, 142674]), array([141571, 125561,  36572, 114684,  49291,  12638,  40546,  72831,
        37035,  53159,  64763,  89799,  74285, 117337, 146759,  62045,
        66658,  66194, 122056,   4302,   5721, 115236,  55782,  30366,
        16910,  22628,  43573,  71977,  87848,  58586,  26424,  41544,
        17272, 105452,  99005, 116080, 147519, 105647,   4134,  89519,
       141950,  15575,  89300, 126544, 152439,  35530, 144021,  95640,
       110382,  65861, 112187,  33700, 108092, 123556,  79071, 103287,
       113309,  92270,  25376,  20913,   3136, 136272,  19541,  37911,
        50109,  53554,  25987,  45496, 145097, 121083]), array([110587,   9829,  86225,  84099,  67561, 118738, 103018,  53144,
        68572,  72883,   9644, 138777,  10292, 132358, 138172, 143892,
        67024, 120687, 105516, 128539,  57419,  95222,  65860, 111616,
        61612,  58393,  51743, 142967,   5149,  37143,  69168,  24052,
       152184, 147503,  80370, 141054,  74096,  75271,  15700,  92570,
        18442,  76100,  52728,  74879, 112821,  20650, 136687,  24449,
         1406, 124689, 133613, 143297,  36623, 109083,  46260,  11510,
       136814, 138067,  22502,  19000,  72345, 142451, 115686,  83586,
       106765,  20393,  23621, 142077, 104546,  11474, 143081, 123523]), array([148370, 102845,  25378,   8870,  87549,  36368,  59890,    405,
        71963, 116539,  63950,   7982, 110334, 124972,   7222,  78145,
       114755, 139157,  42312,  79744,  99163,  94381,  35238,  86425,
        22281,  20005, 139360,  50001, 116318,   6583,  53488,  16689,
         8264,  12230,  20305,  77344,   4811, 146941,  83169,   3243,
        91538,  35122, 115594, 128034, 121436, 151168,  37814, 147195,
        54590, 132731,  79051, 143592,  93295,  87147,  55675, 113508,
         6510,  47848,  63734,  66600, 114422, 108472,  97341, 146856,
       102057, 149277,   7821,  85987,  16475,  40060,  92254,  41040,
         6874,  88914,  23319,  85414]), array([100794,  95683, 107094,  29010, 129528,   4115,  59451,  83306,
       105679,   9293, 124032, 108854,  14814,  54610,  79514,   1710,
         6284,  10694,  17929, 136410, 150187,  38336,   9074, 144198,
       102962,  63711,  96382, 137431,  84404,  34699,  52986,    693,
        39744, 111932,  49843,  38026,  28697, 151012, 142840,  50163,
        85326,  74531, 113643,  42086,  58828,    172,  78515,  66545,
        58700, 115808,  62201,  54144, 142136,  27873,  29592,  22090,
        11522,  46449,  82171,  39045,  78184, 108349,  96291,   4453,
        55812, 124322, 139366,  59033,  51198, 102010, 115072,  95624,
       132517,  53457, 138997,  34873,  49508,  32308, 146895,  48662,
        64218]), array([ 87186, 123083,  81729,  33728,  91590, 123313,  23771,  57957,
       151085, 126360,  11854, 130117,  62209, 101039,   5523, 140940,
         6805, 116876,  37423,  15939, 151699,  41712, 122060,  61761,
        46858, 114616,  20706, 140814,  17501, 115618,  99145,  61266,
       143302,  34464,  12018,  25998,  89166, 135061,  27849, 144648,
       149909,  41835,  33497, 149322, 124362, 139485, 150783, 140688,
       100776,  36821, 112829,  97678, 127921,  81162,  75400,  56966,
       140080, 138431,  41274, 109737,  22573, 102550, 148445, 133134,
        40030,  40308,  32481,  51189,  64987,  39481,  93032,   4646,
        33049,  30478,  76939, 111205,  74946, 114366, 124814, 125456,
        66521, 134520, 129031,  71565]), array([ 55629, 124341,  77843, 124104,  72716,  89901,  12650,  44765,
        67254,  71241, 119039,  98451, 100992,   8045,  21748,  57919,
       128879,  84212, 142796,  81991,  29596, 147791,  92115, 128793,
        26382, 117334,  70201,  90468, 108920, 135129,   1921,  45051,
       112126, 113553,  17635,  91664,  61825,  45041,   6728, 119898,
        23961,  23651,  99603,  75054, 127275,  80274, 110621, 149095,
       131092,  25557,  64406,  67993,  17702, 125287,  40869,  36959,
        22087,  50833,  24544,  69641,  37998,  58082,  28114,  75381,
       109863, 128609,  74024,  98446, 121114, 107758,  80417, 134915,
        37378, 114887, 102132,   3303, 116512,  71122,  43405,  56805,
       121317,  83359, 142389, 124591, 142821, 113762,  19846,  41301,
        12558,  54154,  22379]), array([ 37299, 118135,  85622, 137362,  83494,  45493, 139482,  28467,
        58307,    108, 134142,  26772,  77608,  21734, 107452,  42050,
        52041,  36758,  64715,  32997,  58382, 111735,  96969,  11008,
        34209, 136073,  29666,  38740, 133095,  95784, 136177,  75983,
        77504, 134593, 119729, 126452,  79434, 132477,  77631,  41167,
        73300,  10066, 113532, 101578,  45870, 118146,  29849, 127637,
        43273, 133186,  14086,  13711,  49655,   4707,  42183, 111631,
        56274, 136092, 131464,  69969,  83235,  99456, 142465,  55902,
       129595, 133062,  62353, 151552,  27834,  61807, 147794, 135711,
       122510, 100119, 147655, 111852,  88653,  62635, 147405,  96875,
        33093, 137304,  66522, 122899, 110545,  20265, 149695,  33785,
        28097, 139348,  67441,  85655,  29540,  12791,  38965, 150649,
        23208,  90418, 103230, 134935,  20294, 111727,  92458,  89217,
       148746]), array([ 47535,  33953,   9281, 125087,  65976,  49514,  91297,   8320,
        98861,  24901, 145317,  36076,  48528, 119768, 113166,  21112,
        82580,  25944, 121159, 104027,  57710,   3344,  58733,  29729,
        86381,  46332,  80696,    584,  12164,  77137, 129418, 107256,
        57131, 107809,  55119,  89570, 110967, 128925, 128974,  41760,
       129384, 134009, 118809,  18523,  58062,  63094,   1692,   3445,
        83044, 114315, 145257,  55077,  30237,  47496,  61736,  31958,
       142212,  53652,  46718,  54380, 113187,   9634,  52910,  21193,
       115421,  94549,  81054, 116583,  51180,  20599,   9224,  31145,
        97143,  43047, 147173,  43879,  14394,  35493,  73047, 104469,
        67882,  57777,  81003, 146255,  11997,  64276, 104230,  95390,
        28504, 142145,   9131, 103839, 150382,   5847,  39921, 120410,
       110356, 113347,  76617,  26981,  95265,  63196, 129383,  98182,
        98036,  79303, 145939,  30117,   2063, 126443,   8119,  45523,
       152000,  76826, 143220,  37425, 132603,  56568,  50726,  75651,
       138287,  61018, 129534,  17804,  95132, 141760, 130403,  16941,
        83686, 118919,  89678,  43112, 100941,  22843,  32705, 140985,
       141557,  68996,  89271, 141870,  93484,  88331, 142873,  19927,
       103073, 143191,  53853,  82469,  16885, 111543,  87850,  77884,
        45962,  45669,  21639, 101189, 143047,  18870, 124883, 111547,
        35674,   7322,   5707,  36956, 149819,  90351,  79485, 143643,
        80203,  48520,  16288,  25859,  70834, 122502, 143799, 113543,
          331,  26884, 120225, 106004, 118169,  33046,  44904, 144960,
        43265, 145108,  31216,  61740])]
shape of feat_train: (1539, 602)
Mean accuracy: [0.8585137528463515, 0.002403571910907853]
