Namespace(dataset='flickr', dropout=0.0, epochs=400, gpu_id=0, hidden=256, inductive=1, keep_ratio=1.0, lr=0.01, method='herding', mlp=0, nlayers=2, normalize_features=True, reduction_rate=0.01, save=True, seed=15, weight_decay=0.005)
size of adj_train: (44625, 44625)
#edges in adj_train: 218140
Test set results: loss= 1.5456 accuracy= 0.4714
idx_selected :  [array([10109, 13036, 20803, 24367, 29387, 34528,  8286, 19084, 38377,
       21342, 37860,  9465, 26205, 30816, 16106, 26208, 12491]), array([23596,  6304,  2718,  3847, 27627,  7060, 31223, 21587, 36966,
       36427, 33310,  7764, 35471, 31676, 37065, 22442, 22525, 42287,
        8625, 11300, 39036,  3123,  8356, 14590]), array([10631, 40715, 23647,  2708,  7405, 25834, 38469, 10154,   949,
       35583, 13449, 30188,  3813,  8210, 10517,  9936, 38545, 22388,
        4077, 26673,  1080, 40696, 18167,    97, 41829, 40807]), array([34029,  6027, 21380, 20802, 44037, 27683, 38204, 13675, 10526,
        8373, 32288, 25665,  6692,  9074, 31635, 36873, 33715,  1388,
       30328,  6529, 25975, 18329, 32969, 22983, 27607,  9924, 15920,
       38544,  1615, 23961, 42857]), array([34047, 10040, 13468, 26232,  6083, 41217, 18174,  6674,  4758,
       22522, 25782, 11187, 34458, 34860, 15959, 22954, 32530, 21368,
       28237,  5480, 36543, 22034, 17989,  5488,  7174, 30948, 12569,
       26475, 11026,  8402, 27313, 31782, 15149, 18505, 33518, 20361,
       31915, 36257, 31332,  6191,  9451, 29886, 35858]), array([13630, 18467, 28316,  3310,  9518, 32284, 26332, 23943, 44458,
       19102, 16338,  1932, 20908, 10409, 15999, 44080,  2758,  4598,
       37798, 28205, 37337,  2513, 20887,  4978,  4706,  1401,  6957,
       11041,  1750,  7552, 26282, 40236, 33297, 24691, 17734, 16735,
         798, 29556,   711, 32731, 16210,  1497, 35073, 22836, 16379,
       32246, 40599,  6060,  2310,  5389, 26200,  6205, 34562, 13494,
        8301,  6837, 20512, 17566, 39975, 15000,  1327,  6094, 27448,
       40433, 20243, 18619, 10855, 24893, 26859,  8687, 11270, 23721,
       28006, 41044, 40604, 12501, 21039,  9104, 38994, 16094, 33007,
       33450, 39132, 14423, 14752, 40288,  2914,   152,  3286, 34387,
       16255,  1345, 22649, 19433, 10607, 20555, 11141, 13024, 27492,
       16100, 10530, 25535, 17519, 10646,  6916,  9746, 12517, 13379,
        7327,  2559,  9925, 35783,  4780, 39368,  2153]), array([ 5948, 18914,   911,  1659, 11702, 11257, 35194, 27864, 15783,
        3961, 42792, 44189, 35304, 38221, 34379, 26270, 34825, 19152,
       26904, 31103, 37747, 43975, 18637, 42589, 40976, 24698,  7523,
       43959, 35563, 24659, 32995, 23049, 21038,  1457, 38215, 29671,
       23404, 19643, 34264,  6525, 14459, 23663, 14755, 38276, 19340,
       13632, 24314, 17678, 43601, 11860,  7780, 24996, 10900, 29564,
       44239, 30086, 14994, 43193, 29547, 20527,  3833, 34660, 31896,
       22803, 37881,  2297,  5910,  7957, 28685, 42456,  3912, 22539,
       33665, 27993, 10035, 26428, 25943, 17393,  3154, 18435, 20576,
       30217, 33414, 43903, 31950, 17554, 40311, 23634, 23437, 34272,
       22047, 19870,  9354, 29496, 40118, 13877,  6777, 31770, 42460,
       16648, 29815, 32274, 26791, 21092, 11480, 31339, 21410, 28945,
         363, 10584, 26721,  3076, 17685,  7197, 31841, 24073,  7131,
       24825,  7224, 15690, 41812, 15767,  3952, 22705, 23670, 22628,
        4354, 31227, 40549, 27617, 27997, 44440, 40039,  3791,  4202,
       10334,  1527, 35395, 37552, 21331, 28751, 15517, 41394, 21270,
        9928, 23369, 37332, 24217, 27825, 42219, 36535, 42806, 33977,
       23181, 36332, 30760, 23977, 22377,  7390,  8040, 30787, 38040,
        7799, 35255, 41746, 31089, 28895, 34626, 11011, 22571, 24143,
        5301, 17099, 13089, 17186, 32200, 40227, 41476,  1476,  7282,
       33296, 38151, 11254, 24493, 35209,  8186, 19665,  3303,    20,
       10829])]
shape of feat_train: (446, 500)
Mean accuracy: [0.43692914444494246, 0.007406972445430074]
