Namespace(dataset='reddit', dropout=0, epochs=400, gpu_id=0, hidden=256, inductive=1, keep_ratio=1.0, lr=0.01, method='herding', mlp=0, nlayers=2, normalize_features=True, reduction_rate=0.005, save=True, seed=120, weight_decay=0.0)
size of adj_train: (153932, 153932)
#edges in adj_train: 10753238.0
Test set results: loss= 0.4640 accuracy= 0.9409
idx_selected :  [array([13694]), array([ 97335,  54753, 139038]), array([74959, 67316, 29987, 79666, 67465]), array([60223, 36456, 91819, 49871,  8569]), array([113413, 109915,  52201, 143721, 134521]), array([ 82638, 146276,  96140,  62269,  17879]), array([112977, 143122, 150745,  37852,  10154,  59309,  16483]), array([  2758, 110367,  71690,  42238, 119892,  51002, 110087]), array([ 78624, 110403,   5055,  90188,  19959,  70775,  60712]), array([ 15991,  74345,  34334, 106669, 146973, 110337,   2477, 109606]), array([ 72880,  71198, 125542,  77495,  95162,  38251, 148815,  56748,
       145673]), array([103974, 118869, 112037,  36095, 100637, 141799,  93400,  57375,
         1944]), array([ 98249, 107048,  36670,   6617, 103191,  40914, 136905,  58559,
       101970,  14827]), array([ 74183,  47361,  21208,  90916, 120593, 104505,  78391, 132144,
        78731,     76]), array([  8560, 104803, 114346,  62986, 132162, 111036,  16653,  10113,
        66623, 109019,  56726]), array([ 25595,   6381,  52385,  49569,  49208,  73249,  33796,  25947,
       104316,  40993,  15388]), array([ 97827,  52561, 121390, 131769, 132501, 135092, 130424,   3224,
        73151,  57164,  54095]), array([114075,  22215, 150291, 100922,   2707, 141964,  60423, 129902,
       108067, 123547, 117958]), array([ 58287,  79172,   6923, 117891,  64555,   5290, 111888,  61489,
       114235,  25870,  82106,  82384,  74766, 118746]), array([  1246,  32150,  36113,  13986,  56309,  78932,  32731,  12694,
        13833, 127398,  81482, 117218,  55609,  51503]), array([  5012, 103635,  77991,  88099, 131951,  59746,  54374, 146652,
        60163,  37610,  88582,  50794, 108344, 149339]), array([125975,  57825,  99331, 126381,  65853,  10183, 137920,  50727,
       148024,  91215,  11149,  70443, 148569,  91920]), array([ 24352,  39811,  36358,  57706, 112798,  24286, 145640,  30936,
        65483,   2512, 117021, 152122, 122381,  90889]), array([ 16865,  24760, 119346,  38989,  59956,  53032,  18041,  40492,
        75286,  79158,   7833, 127223,  45147,  10647]), array([114061,  10995, 153133,  71762, 113157,  80075,  29616,  91078,
       140230,  48783,  60804, 132513,  90512, 100876,  35403]), array([141971, 126329, 104279,  77823, 140624,  58922,  93717,  23902,
       150843, 120027, 118253, 135787,  21292,  89082, 122938,  33891]), array([ 62477,  22326,  54551, 119118,  82084,  74699,  45866, 121607,
        20098,  73020,  97547,  46009,  25771,  93039, 105062,   4774]), array([110507, 102016, 114756,  47225,  44086,  12481,  50086,  59606,
        53195,   5565, 118402,  26589, 116295, 144531,  49643,  27929]), array([139760, 150653,  87074,  74965, 112508, 151360,  68004,  36531,
          790,  54582,  64728,  82260,  60404,  75479, 143231, 112978]), array([ 79088,  16568, 127849,  75258,  71656,    237,  18896, 102705,
       103809,   5540,  80658, 137396,  60626, 136145,  29018, 111479]), array([ 15834,  45149,  82755,  13161,  91110,  66393, 144488,  72167,
        25727,  24858,  64720, 149251, 127035,   7132,  56052, 125831,
        91172,  77460, 139509]), array([111405,  30385, 128589,  48164,  44442, 147565, 140690, 102985,
        79392,  27095, 116344,  35305,  45369, 142152, 132591,  54814,
        84335, 151711,   9235,  29776]), array([  2105,  63761, 145184,  25190, 103551,  79068, 119574,  12160,
        79861,  96696,  69067,   6913,   3826,  57330,  83525,  56257,
       129970,  43300,  76844,  42383,  49068,  40688, 117657,  24999,
       145070,  73754,  41649]), array([141571,  43073, 118707,  99645, 125561,  29384,  89300, 146843,
        74285,  49291, 105647, 103287,  83089,  96560,  36572, 105452,
        37405,  49637, 122056,  25823,  72831,  12591,  53159,  17272,
       117522,  89581, 126544,  89799,   8646,  15161,  30366, 115236,
       129268, 123556, 144025]), array([120687,  45755,  86225, 103018, 138172,   9829,  52728,  90746,
        74096,  95443,  11510,  58393,  21833,  68572,  72883,   1406,
        84099,  12288,  67561, 138777,  24449,  36623, 128539, 143297,
        67024, 136391,  21984,  15713,  26027, 106765,  74879, 142077,
       147503, 115686, 136304,  24052]), array([148370,  12230,  31639,  43483, 120267,  35238,  93295,   8870,
        25378,  23399,  77344,  16918,  36368, 105426,  53488,  99163,
        50001,  42312,  87549,   7222,  18398, 120091, 114422, 110334,
        29151,  78145,  94381, 151168, 128034, 115594, 143592,  97416,
        47848,  35122, 125905, 146856,  11387,  91538]), array([ 90286,  65947,  27873,  49154,  97136,   9293, 136410, 138046,
       110115,  52986,  59451,   1710, 113954,  54083,  54610,  50163,
        79489,  55812, 137431,  11522, 151546, 146779,  57057,  72530,
        56746, 111932, 142840, 123572, 130394,  74531,  78184,  75893,
        58828,  79052, 108349,  42086, 146247, 146100,  16264, 115808]), array([123083,  91590, 112829,  81729,  39287,  28369,   6865, 139485,
        33728, 123313, 122060,  51189,  42427, 100744,  27849,    481,
        25583,  11854,  61761, 149909, 118464, 138053,  99806,   6783,
       151699, 116455, 127742, 140080,   5523,  75212,  62209,  46858,
          823,  89166,   1234,  43015, 138996,  80448,  20874,  37886,
        83095, 144478]), array([ 55629,   1921, 124104,  72716,  88594,  12650,  24970,  67254,
       121114, 112126, 141813,  90898,  21748,  92340,   9038,  83325,
        75052,  16213, 124341, 140132,  17635,  45051, 135129, 127275,
         8045, 131092,  19846, 128609, 142821,  32859, 153198,  41301,
       142796, 110621, 100992, 113762,  96666, 121317,  53275,  42827,
        71241, 142389,  24544,  94015, 109437]), array([ 37299,  11008, 119729,  83494,    108,  20294,  28467, 139482,
       136177, 129893,  85622,  18932,  42183, 122899,  58382,  32997,
       111727,  83235,  42413, 137362, 126373,  52944,  62635, 129064,
        33785,  69969, 120717,  14086,   1983,  45493,  96969, 126452,
        90418,  45238, 132477,   4300, 126668, 127637,  12791, 118146,
       102199,  61807,  27834, 133062, 110545,  72125, 131464, 103758,
       132063, 118135,  95784,  45870]), array([ 47535,  33953, 143220, 100941, 118381,  77137,  87850,  48528,
        58062,  99841, 107809,  74461,  76442,  57710, 110967,  55077,
        35796,  25944,  21193,  83044,  28504,  35493,  54380, 135677,
         9634,  98564,  29729, 113166,  87550,  89570, 104230,  30535,
        22843, 119768,  80613,  86381, 146255,  97377,  90351,  73047,
         5707, 121383,  25495,  63094,  15251,  63577,  95544,  51180,
        26048, 129534, 142212,  29258,  10842, 143191,   7322,  43112,
        25859,  81003, 122502, 115421, 121159,  75651,  91297,  41760,
       109823,  12164,  25056,  45338,  57683,  16885,  12652, 143178,
        49514,  37425,  81420, 128925,  20830,  77101,  26981, 147173,
        64276, 108801,  92433,  46718, 126443, 113543,  17274, 127151,
        51276,  77884,  98861, 111703, 106101,  98036,  89678,  95339,
        45523,  41352,  62920, 107256, 142873])]
shape of feat_train: (769, 602)
Mean accuracy: [0.8088661582390575, 0.005310051891032555]
