Namespace(dataset='reddit', dropout=0, epochs=400, gpu_id=0, hidden=256, inductive=1, keep_ratio=1.0, lr=0.01, method='herding', mlp=0, nlayers=2, normalize_features=True, reduction_rate=0.075, save=True, seed=1, weight_decay=0.0)
size of adj_train: (153932, 153932)
#edges in adj_train: 10753238.0
Test set results: loss= 0.4898 accuracy= 0.9398
idx_selected :  [array([ 13694, 111146, 140821,  88293, 115195,  16130,   4947,  90507,
        55723,  14334,  93033,  19330,  34713,  55016,  18095, 150130,
        66823]), array([ 97335, 109506,  54753, 139038, 114163,  39480, 134471, 111716,
       132075,  38008, 139551,  75459,  12032,  49905,  40992,  84516,
        83106, 102967,  53126, 143129,  66780, 136350,   8872,  32563,
         2869,  12304,  13102,  60680,  92608,  17570,  40571, 109081,
        87547,  71712, 134926,  71541, 117176,  79466,   3454,  64167,
        61755,  33734,  47379,  70604, 152871, 100281, 136681,  89772,
       146535, 100237,  55356,  99427, 143678, 112134]), array([ 67316,  96494, 151853,  56074,  23562,  11687,  63981,  19161,
       133563,  10045,  29987, 134983,  67465,  87910, 149581,  79666,
        64657, 112333,  56903,  52459,  85304, 104260,  31146, 105521,
       125410,  80143, 141542, 122715,  80464,  16337, 102913,  50989,
        74451,  84153,  60472,  66840,   7351,  57810, 144924,  81343,
       141484,  93262, 142138, 138708, 113925, 140892,  12527, 109894,
       101505, 121834,  22796, 113487, 117525, 116071,   9994,  84822,
        58255, 130604, 139821, 107140,  42138, 117972, 107509,   5992,
        63676, 133255,  59303,  43451, 142903,   3169,  70056,  44387,
        68325,  69599, 117367,  55058, 111394,  18549,  74440, 116321]), array([ 94720, 115630,  55040,  49871,  19336,   3727,  54399, 145970,
       143014, 112209,  62910, 145457, 122385, 114533, 103307,  12314,
        25555,  34064, 104044,  78966, 109349,  14125, 105478,  99667,
        61627, 128530, 132824,  84671,  36456,   2506, 122883,  48958,
       142664,  79468,  75891, 108407, 102621,   8569,  93060,  87308,
       143900,  91819,  60223,  14714, 106473,  28110,  25559, 126501,
       102701, 108038, 132984, 109665,  15196,  27592,    393, 125032,
        99671,  93928, 131873,  71132,  55697, 144219,  89131,  71701,
        97031,  49240,  81453,  82516,  23261,  96945, 126926, 119798,
        92379, 151560,  99348,  54016,  86600,  23729, 103494, 119133,
       113205, 117661]), array([123541, 143721,  52201, 134521, 115852, 122185, 113413, 129395,
        55496, 135087, 123696, 120446,  51709,  95486,  60486, 143281,
       126767, 109915,  85059,   9498,  32926, 116854, 142463,  44701,
         6425,  81497, 122035,  33290,  85202, 138928, 115060,  75931,
        43156,   6977, 132745,  52926,  87659,  11729,  84576, 143295,
       119857,  17941, 103194,  59835,   7608,  37887,  44378,  50899,
        40364,  18266,   6580, 146494,  50892, 124251,  91535,  23303,
       108832, 144063,   3439,   5569,  32533, 121806,  91813, 110655,
        49235,  85396,  23027, 152348,  64268,  89681, 102025,  31262,
        10541,  57551,  63246,  48266,  38979,   1509,  25441,  77818,
       118519, 104794, 120371,  86786]), array([ 82638,  96140, 146276,  62269,  17879, 128073,  39607,  22682,
        22208,  42553,  45804,  17577,  33889, 142871,  70102,  50319,
        75582,  69130,   7271,  14837,  88841,  31437,  46836, 111755,
         2000,  26383,   6699, 130964,  43280, 105661, 104090, 117111,
       122819, 121641, 116946,  72669, 103849, 114026, 110928,  13813,
       131380,  47412,  70390,  41523, 143326,  19282,  51613, 142816,
        28260,  84147,  49452, 131749,  22906, 129823, 139614,  10457,
       132219,  85860,  61792,  83448,  51598,  83039,  61388,  96492,
        82522,   5513,  82975, 152927,  65708,  88081, 101989, 135607,
       112537,  48461, 140198, 141873,  52559,  52388, 111678, 134123,
       108616,   6641,  86660, 104627, 112200,  22740]), array([ 38313,  88598,  60723, 100758,  66144,  44102,  22284,  55226,
        58492,  36331,  94797,  98468,  23718,  69659, 117286, 133447,
       143122,  96371, 112977,  15629,  76733,  10154,  61107,  95078,
        88308,   9410, 114818,   7968,  37852,  95981,  24081,  72205,
        96408, 119255,  85532,  34702,  58414, 120640,  97781,  66454,
         5314,  43141,  91129,  47984,  76024,  62546, 130876,  14231,
        95555,  77462,   2883, 151618,  59309,  86261, 135441,  67021,
       104498, 145672,  30969,  72654,  21954, 112905,  77182, 106239,
        60697,  43865,  29552,  67768, 121316, 122347,  99481,  55760,
       145964,  26629,  18544, 126558,   4698, 150745, 101461,  10058,
         4132, 129700,    133,  48086,   4752, 136399, 108704,  30729,
        92163,  56666,  75721,  99293,  65212,  24411, 104300, 138333,
        70704,  38960, 132989,  58774,  24990, 101840, 120806,  17022,
         7008,  16483,  94876,  75511, 127571]), array([132163, 134559,  41946,  51002, 110087,  39445, 128437, 144041,
       114473,  11923,  52754,   6441,  92259, 112312,  19891,  67098,
        70631, 119892, 126449, 139617, 109218,  32251, 103181,  71690,
       131760, 123949, 152050,  88096, 133830, 118594,  82873, 115175,
        42238,  87540, 107456, 125012,  81073,  38840, 122529, 146935,
         7814, 110367,  94369, 108111, 116345, 148101, 105574,  40948,
        63714,  43198,  32435,  60716,  95863,  71905,  65972,  85112,
       151018, 150140,  16082,  41158,  66754, 142634,  73129,  18566,
       126960, 140669,     82,  15885,  57260,  90815,  14076,  30808,
         3103,  81432,  96719,  97022,  29039, 133494,   3407, 107054,
        14245,   1600, 142356, 141955,  56510,   2887, 110698, 138655,
       112074,  40998, 121662, 132311,  40896, 118320,   7829,  58017,
       125179, 117841, 140232,  47890,  80607, 122957,  50915,  33768,
        27349,  16303,  90620, 137802,  71119, 105121, 120221]), array([ 78624, 118520,   4011, 123621,  95918,   1070,  70775,  60712,
        74064,  95052,  61501,  42722,  59087,  85953, 125254,  40929,
        26960,  55355,  90188, 115751,  76097,  93059, 101665, 147974,
       113151,  66790,  91014,   7136,  12662,  68528,  82788,  59165,
        58637,  38565,  84350,  29516,  76950, 131964, 114290, 152329,
        75133,   4758,  62823, 143787, 142399, 144337,  98043, 129942,
       137261, 153821,  36462,  96235, 125285, 142683,  99686,  63586,
        75439,  95353,  35734, 110403,  14623,  53884,  64861,  92786,
         1029,  11776,  88712, 138861,  19959,  20586,  92144,  96251,
        12900,  70171, 114935,  89439,  29781,  66902,  51119,  67851,
         6253,  72975,  66222,  77487, 117058, 122627,  97618,  23841,
       152681, 134226,   6189,  26381,  43435,  64769,  96304,  37894,
       136539, 128091,  66899, 132195, 124547, 118863,  76718,  99696,
        64075, 147850, 113663,  67356,  58598,  31937,  51994,  85933,
        26021,  76896,   6992,  30581,   8254,  25951]), array([110337,  15991,  99651,  74345,  86229,  34880,   2477, 109606,
        34334, 106669,   2742,  45907,  95723,  47101,  55875,   9460,
       115258, 117527, 146973,  48780,  64462,  59410,  95213, 133750,
        34364, 113644,  11487,  27563,  34656,  15819,  50122, 139204,
        72186,   1371,  31790,  85978,  40765,  65128,  16723,  85010,
         8118,  63425,  28638,  38526, 127634,  14005, 106053,  59886,
        70827,  37705, 103349,  96765, 122139,  48171,   3633,  42782,
        67703, 116376, 129839, 120477,  12834,      0,  70329, 139369,
        33883,  47401,  97744,  76345,  45332,  73555,  53351,  47792,
        91329, 131116,  92194,  64064, 124992, 133755, 133078, 107587,
        32148,  71945, 130008,  92241, 102363,  68183,  10872, 110990,
        66145,  14634,  55189,  77315,  91031,  47185, 114321,  96785,
        56780, 138072, 137857, 120518, 142094, 141493,  23191, 100421,
         2802, 109755, 102760, 133145, 137424, 139735,  82042,    969,
        94597,   7133,  36433,  83988,  30094,  84456,  61903,   1581,
        24703,  80180, 103100]), array([ 56748,  71198,   2111, 125542,  77495, 100804,  95162, 145673,
        35453,  48331,   5217,  72880,   1116, 125343, 126479,  11052,
        31975,  92006,  76777,  18459,  11020,  88519,  30787,  68137,
        44576, 131382,  78387,  80317, 148815,    961,  18102,  73518,
       132343, 145353,  16197,  35562, 141335,   7660, 118347, 107305,
        55484,  79113,   7744, 135357,   2623,   4905,  77922,  72446,
         6852,  59985,  90752,  56067, 150609, 133184,  38975,  50849,
          955,  28377, 107908, 148488, 141977, 123792, 135732,  88733,
       121642,  45170,  12858, 118283, 102112, 125418,   9187,  45426,
         6200,   5983, 111728,  47281,  21870, 122103, 102193, 120523,
         5489,  25490,  72917,  56092,   8929, 128377,  13878,    118,
        55112, 151359,  38251,  29698,  87158,  57894,  39024,  57750,
       110013,  98600, 134937,  75557, 133719,  52801,   3133,  41811,
       111223,  59818, 113250,  77042,  81155,   6587,  57192,  14124,
       141777,  17903,  47243,  23625,  54230, 128002, 137374, 114630,
       120230,  67203,  16709, 124610, 106746, 123771,  74796,  50042,
         9824, 143693, 108851,  83652,  83659,  40329,  81963,  26139,
       109720, 142442,   3118,  45849, 107455,  69027]), array([118869, 112037,  36095,  16450, 107165,  90805,  57375,  92516,
       112619,  93400, 116951,  58415,  10828,  58327, 147698,  18255,
       103974, 139169,  63080,  42340, 132898, 153926, 103589,   1944,
        79122,  29804,  37043,  49282, 102718,  53866,  22820,  90475,
       101889,  19214,  31057,  71734,  38241, 105922,  91154, 101649,
       103872,  99937,  57789, 108493,  75561,  54530, 102288,  89102,
        93840,   5967,  37153,  45888,  78608,   1477,   7193,   7659,
        86470, 113248, 118081,  68955,  79913,  95219,  34982,  25938,
        97595,  47218, 134712,  91743, 141886, 148528, 150260,  58134,
       130882, 108553, 108579,  41785,  83442,  75706, 144330, 143053,
        55541,  46736, 107136, 123370,  28678,  90565,  62361,   8585,
        62114,   6201,  12511,  27480,   2434,  17688,  14368,  44579,
       143726,  46632, 146561,  61592,  67190,  61656, 152464,  68519,
        62824,  48509, 121421,  91603, 117732, 100637,   5903,   7730,
       105322,  73784, 106607, 106226, 103313,  49151, 125835,  67956,
        12836, 111822,  84918,  71803,  26404,  61699, 124746,  33305,
        56211, 109101, 108798,  11071,  55142,  92297,  72068, 125723,
       144995, 107622,  57193,  11564, 125874,   3705]), array([ 98249, 107048,  48037,  36670,   6617, 153034,  73646, 132041,
       112217,  62101,   2956,  68143, 150205,  28057, 107832, 128588,
       143563,  45345,  21820,  49212,  57964, 103191,  45437, 101970,
        53895, 144176, 141476, 131501,  40914,  59930,  41317, 113731,
        98307,  72705,  94360, 122438, 136905,  66244,  72677,   3975,
       104762, 143649,  35779,  15715,   4696,  25150, 128205,  49743,
        56093, 133593,  72686,  96979,  59290,    631, 118301, 106929,
        40699,  72652,  91135,  51911, 153685,  53670,  71102,  46920,
        52239, 135842, 123727,  29198,  58559,  94064,  26058,  33030,
       129417,   3018,  58268,  66698, 142837, 138345,  54371,  78324,
       140269,  83815,  18591, 112007,  72872, 101844,  45441, 110396,
       101549,  16623,  36161,  53827,  80999, 129453, 101681,  23584,
       118305,  22154,  36618,  69202,  54289,  89609, 105049,  61625,
        48241, 141296, 144110,  96565, 108287,  33098,  75660,  24601,
        57864,  20840,  63626,  17946, 148305,  90338,  85616, 150562,
        49395, 109743,   7025, 118727, 117029,    995,  65002,  28392,
       128117,  96917,   9058,  10201,  61277,  92556,  70708, 130323,
        26303, 121328, 141214,  28353, 133441, 108573,  77967,  34067,
        98557,  94401,  76331,  66675,  47690,  99565]), array([ 74183, 135952, 104505,  90916,  31424,  78391,   1975,  19601,
       132144, 110268, 119994, 143029, 132964,  62602, 146267,  47118,
        85895, 138987, 103987,  94862,  83459,  63580,  27191, 138129,
        38756, 132460, 115674,  95206, 119601, 151099, 151383, 102867,
        21208,  87713, 131692, 114309, 120593, 145251,   6987,   2949,
        67772, 133047,   6273,   9384,  52850,  30136, 137412,  38619,
        29954, 130465, 129716,  63152, 109759,  41890, 104304, 147332,
       135294, 125954,  86581, 113735,  95977,   9128,  86754, 146142,
        80112, 120865,  15683,  56797,  71872,  11104, 138865,  73991,
        33389, 119874,  42946,  10267,  11591,  25522,  38630,  58902,
        44474,  97679,  65038,  78731, 149272, 120546, 148489, 138509,
       128106, 130022, 101157, 147577, 122225,   7206, 130968, 101184,
        53503, 140741, 140311,  74951,  35532, 107860,  65711,  22921,
       116435, 137237,  83238,  57201, 120612,  97606,  18683,  81423,
       132638,  35459,  78534,  56839,  81874,  46265,  55698,  74360,
        41187, 129399,  45495,  75242,     76,  47361,  54982,  91304,
       117268,  45434, 136371, 117349,   9724,  33758,  63445,  28308,
        18307,  48385,  87398,  90520, 149579, 142964,  48823,    581,
         1935, 117817, 115519,   8804, 142005,  13864, 135506,  84987,
       105406,  30816,  53605, 122104,  88803, 131640, 150791,  75984]), array([  8560,  62986,  47436, 132162,  10113,  56726,  22409,  43431,
       104803,  50827,   8819,  80169, 116281, 110635,  12700, 114346,
        16685, 127157,  65911,  26586, 104964, 105124, 121242,   1926,
        28657, 109019,  27086,  23117,  16653, 138001,  18532,  67767,
          660, 145278,  30356,  59670,  74293,  67754,   2269,  37347,
       111036, 150687, 123975, 116286,  44652,   6916,  55117,  61484,
       110000, 122672, 150343, 114279,  76147,  65666, 138437,  82757,
        96995,  43551,  28134,  76628, 124615,  15554,  40016,  40602,
         5096, 130696,  70684,  54257,  57726, 114694,    676,  77500,
       133482,  56658, 134063, 109485,  58402, 104916, 136363, 115554,
       137662, 117375, 146509, 149331,  12748,  10229, 137542,   2452,
       134237,  59357, 150704, 125843,  79663,  74121,  61236,  95933,
        13265, 123689, 117593,  61057,  83237,  59665, 132468, 142031,
       153022,  95503, 148321,  14220,  25195,  78263,  81647,  36515,
       111498, 142035,  55701, 136385,  58759, 145243,  29075, 118816,
        92062,  90493,  56064,  54775,  92521, 146625,  61157, 126697,
        91516,   1768,  15681,   1614,  30348,  20292,  41366,   6227,
       152019, 138471, 100873,   4430,  33137,  97020,  70236, 129693,
        56239,  86836,  74010, 145489,  12968,  33775,  62143,  87100,
        77584,  70009, 114285,  20727, 114080,   5463, 135718,  33164,
       145130,  89699, 139113,  65062,  46047,  76437,   4304]), array([ 25595,   6381,  40993,  74453, 113064,  49208, 144884, 142125,
        33796,  73249,  45236,  72098,  25947,  15388,  94648,  11543,
       150000, 115493, 150675,  54909,  79006,  93809,  84739,  30373,
        80003, 109701, 118781,  20755, 109646, 109918,  63806,   3350,
        42479,  49569,  52385, 144782,  94651,  55831,  87931,  76296,
        62314, 126889,  44804,  28189, 119557,  29096,   3802,  19647,
        17374,   1379,  41761, 152224,  19602,  92875,  21763,  82664,
        80482,  13242,  98263,  57535,  43897,  68006,  21940,  28285,
         6642,  72860, 129557,  87039,  47902, 115191,  57723,  64198,
        33746,  24671, 107442,  92892,  78199,  37712,  11844, 104263,
        89635,  92803,  19168, 107571, 133437,  56731, 153333,  86687,
        80875, 152181,  92412,  26914,  35872,  11831,  39936,  33664,
       105682,  69722,  82653,  83708,  85512,  37388,   5488,  74127,
        37843,  74209, 105486,   5776,  36162, 106908,  17719,   6325,
       121244,  98094,  27561,  20391, 135411,  43585,  35277,   7181,
        26762,  86855,  76924, 102623,  87013,  56323, 136126,  65365,
        14680, 117454,   9440,  40843,  66318, 153153, 105214,  31027,
        71288,  16087,  61055, 111740, 106517,  19943, 149456,  86059,
        29566, 148839,  65924, 117606,  21094,  28466,  38040, 106498,
       128253,  97602,  27609, 142485,  89715,  34622,  98135, 107457,
       153202,  91162,  51877,  18981,  46032,  96049,  11945,  50401,
       121632,  69309]), array([135092,  16767, 129995,  82525,  52561,  95809,  98615, 121390,
       140926, 152652,  42647,  71311,  94920,  83216, 112617, 130424,
        33791, 118385,  37736, 124418,  58397,  28924, 153231,  29737,
        82262,  35325,  73151,  57164, 147389, 132501, 151413,   5406,
        53258, 123838, 139197, 131807, 108515,  38564, 127826, 118618,
       148285,   6544,   9198,  30792,  76457, 145947, 131437,  77966,
        13081, 141391,  29902,   5994,  46021,  64854,  35367,  26846,
         9023, 131813,   4018, 145132,  27947, 144015,  16071, 112368,
        41721, 148887,  35520, 148186, 102436, 136768, 121334,  73837,
       121668,  64916,  26937, 148875,   7886,  54095,  59305,  99285,
       149746,  44427,  55047, 112345,  75193,  98494,    263,   7056,
        96078,  31816,  91965,  53917,  67802,  71336, 136166,  65906,
       131769,  12952,  94355,  13025,   9376,  52089, 118047,  61602,
       109072,  10737, 125959, 118749,  36851,  87214,  32358,   2002,
        82989, 147731,  32208,  73879, 138322,  89505,  88480, 118979,
       149808, 126562,  26017,  26247, 137109,  94290, 117002, 151444,
       135158,  72158,  11793,   6121, 147054,  79332,  50255, 152137,
        24811,  41228, 100983,  42777,  36807, 107854,  15642,  82136,
        93241,  44028,  64051, 123212, 102324, 146823, 104437,  56687,
        69576, 116593, 146800,  96579, 136667,  17317,  14866,  94040,
       134210, 143354,  24409, 138815, 105808,  37655,  32305,  61165,
        25153, 106060, 136444,  29889, 129951,  97354,  70812,  36029,
       137976]), array([114075,  42843,   5135,  51660,  16544, 141964,   2707,  72973,
        60423, 129902,  11213, 148813,    740, 134629, 116150, 123964,
       150291,  15891,  58249,  22215,  76798,   3564,  10444,  29297,
       120668, 140353,  28257,  71949, 125936, 104453, 117958,  15521,
        54209, 129903,  69870,  58175, 144801,  71000, 128252,   8675,
        65514,  83693,  47784,  84579, 133324,  16804,  99094,  27793,
        19832,  48236,  47175,  56126, 123547,  67576, 108067,  68866,
        25520,  22272,  78243, 145036,  93816, 129726,  81296,  68204,
        69304,  68346, 109556,  41806,  95969, 139181,   4944, 103956,
        59688,  57973,  35268,  59981, 126980,  29343, 148225,  40362,
        19155,  35497, 122105,  89298,   1656,  71922,  93713, 115974,
       101937,  74218,  40469,  52609,   2722, 133509,  93865, 104312,
        19912,  27908,  59249,  85035, 122191, 100922,  63611, 147487,
        16628, 122068, 136400,  70870,  85487, 108224, 138398,  94113,
        24048,  85422,  26716,  70700,  57466, 122397,  88763, 110390,
        28015,   9754, 137291, 128296,  49872, 149792,  56965,  46988,
        24997,   7737,  30125, 127997, 114354,   9121,  37358,  28817,
        56281,  96650,  80725, 116397,  12158,  57925,  93587,   9508,
        13750, 127341,  17945,  47801, 136295, 136792,  11341,  35201,
        76989,  79149, 110033, 153197,  97904,  84968, 129271,  48890,
        96590,  41668, 100820,  85205, 102859,  81561, 136600,  27583,
        75432,  54546,  62200,  59524,  24148,  43024,  52279,  96258,
        15754,  84562,   8828]), array([ 58287,  60122,   4251, 126648,  38412,   6923, 125642,  86493,
        63121,  98727,  76430,  36340, 114863,  77633,  21807, 104846,
         5290,  89780,  61489,  43061, 146092, 111888,  82384,  58404,
       135427,  22717,   3469, 117425,  79172, 114922,  82106,  82249,
       153757, 103338,  92908,  83960,  37641,  42530, 104639,   9050,
        41445,  74766,  84174,  96261,  51747,  46171,  98602,  49033,
       134628,  40750, 123132, 123562, 137364,  55236, 100981, 134109,
       124805, 106593,  72760, 102180,  55030, 153514,  38708,  47903,
         1263,  26218,  79141,  62606,  87183, 117891, 123723, 113203,
        69745,  27148, 107674,  93494, 131455,  97534, 126284,  49960,
       146733,  70860, 110583,  63975, 152800,  60177, 108732,  79090,
       118746, 102189, 111267, 141709,   6813,  98091,   4001, 108541,
         2948,  93791,  25870,  54707,  10135, 118158, 114090, 114095,
       135316,   2885,  49656,  71673,  35221, 114235,  64555,  27632,
        77329,   9488,  32474,  45853, 109652,  42763, 108410, 116028,
        88477, 108380,  30265,  97566, 108795,  51792, 111997, 123850,
        58695,  86192,  93624,  51532, 116847,  60765, 123241,  53472,
       143591,  10834, 113276, 151128,  66735, 129123,  26275,  33247,
        37319, 119189,  71448, 113960,  33343,  46079, 146087,  30067,
         7578,  31889,   9232,  60121,  85476,  79780, 133216, 133575,
       127721,   9666, 111927,  88079, 142758,  73136,  79612,  25047,
        61351,  54975,  62450,  64021,  48999,  45559, 109280,  87495,
        88646,  13295, 119206,   6301, 114093, 106312,  44134,  90901,
       131262,  66276,  29916,  82835,  81722,  88101, 117911, 135704,
        44683,  70269,   1655, 141210,  33316,  62840,  63791,   2593,
        79109,  42957, 147311,  16019,  35133,  64349, 143288, 114906,
        13457,  68031]), array([  1246, 152559, 127398, 104049,  51503,  45117,  83786,  73873,
        42084,  32731, 114469,  81482,  56180,  29603, 132192,  13833,
       125380,  39932, 105764,   4142,  97675,  12795,  56309,  10476,
        93671,  16148, 151041, 115996,  14219,  92295, 149584,    367,
       117218,  29648,  83841, 145933,  49441,  25188,  50917,  11403,
       103312,  92248, 144097, 150900,  27566,  52160, 108518,  16671,
        58348,  63962,  36113, 146064, 123504,  13986, 130353,  32150,
        76824,  42327,  19651, 129033, 129083,  61576,   8458, 104493,
        21704, 119101, 110397,    243,  92833,  79083,  93519,  75646,
          923,  86303,  54899,  13839, 120946,  54243, 122390, 143881,
        52596,  24556,   3992, 119913,  50115,   6294, 102896,  78932,
        63122,  10275,  36700, 129703,  15886,  55609,  63299, 151814,
        42750, 107577,  51671,  18602,  19518,  72754,  85162,  56235,
        57718, 143329, 104294, 148658, 109844,  19112,  60915,  27056,
       141881, 110703, 136195, 115154, 149068,  50767,  73086,   6153,
        69928, 115322,  58760,  64081, 118815,  44074, 152997,  61502,
        51690, 150337,  10910,  53082, 123094,  97851,   4711, 143348,
       129380,  98824,  24055,  88626,  75580,  75365,  24351,  12630,
        84773, 120417,  56539,  51497,  28052,  73925,   5885,  76174,
        56863,  18702,   2365,  22839,  35318,  94968, 134270,  60254,
        32843,  98200,  47091,  77051,  81507, 109224, 129405, 114718,
        33602,  66947,  15219,  48002, 104922,  14418,   3201,   6144,
        91423,  45871, 126291,  18670,  15825, 110443,  51605, 130857,
        58863,  58681,  97380,  14789,  38563,  14826,  24331,  19455,
       146327, 103096, 124127,  54256,  94347,  33601,  41753, 135210,
        23550,  44413,  13235,  44443,  90622, 123946,  28694,  92178,
        70888,  16252]), array([131943,   5012,  28602,  70658,  88099,  37610,  91575, 103635,
       131951, 103113, 153070,  25128, 143229,  99786, 123334,  40105,
        42961,  73195,  98061, 149339,  44080,  91187,  22647, 129147,
       110630, 111760,  10583, 121980,  59746,  49789,  95407, 147035,
        59013,  44073,  82155,  88582,  54374,  97878,  25509,  62883,
        67036, 125124, 133979, 125349, 136266,  81092,  51860, 122340,
       124111, 141433, 112171, 152983,  87324,  11225, 119408,  52853,
       146961,  44235, 137162,  81997,  27854,  14216,  94993,  10751,
       134591,  41485,  60163,  88237,  25130, 108402,   8671,  26353,
        44145,  19553,  55398,  86881,  63215, 123081, 111795, 119612,
        77991,  36863, 116672,  95224,  50794, 107572,  85170, 139810,
       148635,  94723, 126377,  16211,  32880,  91036, 109169,  85646,
        22507, 108344,  52300,  61453, 111448, 118050,  72484, 153706,
        24882, 131065, 111052, 114326,  97772,   4897,   8169,  88931,
        68504, 153553,  35679, 116992,  58905, 144817,  68184,   8164,
        49739,  79945, 135011,  37317, 112006, 137969,   2681, 118274,
        21276,  64700,  74659,  34188,  86067,   3547, 134891,  55607,
        21336, 106854,   1829,  42899, 114169, 113707,  27926,  42719,
       100482,  43707, 117399,  83760,  44010,  97780, 140028,  10477,
        50931,  30736, 121073,  74414,  15562, 131682,  97762, 106145,
        27761, 141612, 119999, 119692, 139931, 120688,  93038, 151467,
       143264,  61383, 122027, 122387, 138571, 106575, 102429, 117356,
       124887,  27263,  71846,  67951,  17299,  18326,  46971,  16827,
       136119,  44234,  66855, 129280, 133211,  70568,   8993,   9525,
        33633,  29223,  60787,  10642,  22998, 102919, 133529,  95553,
         2524,   2856,  16160,  56849,  62325,  76710,  19833, 124759,
        63131,   2075, 101575,  68956]), array([ 22128,  50727,  32775,  47334, 144510,  75904, 144695, 137920,
        63631,  62762, 105113, 132971,  67005,  15192, 148024,  70443,
        57825,   1247,  31770,  14041,  22716,  88364,  91215,  77469,
        15856, 125348, 106736, 120475,  10183,  85623, 112047,  46427,
       141555, 140578,  58173,  87328, 148569, 121727,  51492, 134656,
       125975,  11181,  12104, 110701, 124357,  70038,  26251,  29152,
       126381,  82567, 149106, 104927,  55155, 127491,  87440,  45460,
         4036,  67769, 138030, 126923,  47749,  56370, 122099, 143903,
       109837,  99331, 140319,    563,  78066,  10428,  23956,  21516,
         6537, 131182,  84146,  96547, 106099,   8150, 148932,  11149,
        10710,  13238,  98882,  90868,  87611,  54620, 104614,  19774,
          667,  13740, 151989,  18336,  46556,  25329,  91920,  46256,
         1129,  88776, 133908,  58776,  18441,   5679,  68019,   9415,
        73854,  71149, 130397, 100306,  21589, 102916,  84578,  68439,
        92638,  86166,  67087, 133021,  63825, 145478,  14684, 142147,
        55830,  25039,  24723,  37209, 142489,  76612,  71397, 147325,
       137157,  46838,  35440,  41832,  32110,  65105,  50722, 150514,
       148638, 142156,  67114,  20170,  73013, 112921,  64470,  46029,
         3438, 115517,  94926,  32389,  19672,  53105,  12812,  52247,
         5946, 140462,  81102,  74991, 150819,  70221,  23577, 132319,
       122268,  75486,  64191, 122834,  88835,  27808,  45294, 132658,
       106381,  40414,  82140,  45865,  69673,  16029,  98956,  58449,
       129236, 150655,  30487,  61643,  65497,  17420,  27919, 151874,
       125955, 145792, 131093,  15901, 146495,  37680,  15258,  27373,
        98919,  87252, 122493, 110241, 148196,   1172,  84041,   9249,
        15146,  82672,  92727,  81849, 145233,  86429,  95105, 115433,
        57705,  51679,  56876, 127392, 131708]), array([145640,  24352, 151566, 137709, 110355,  33788,  39811,   1527,
        78325,  30713,  97771,  65483, 123249, 123408, 126305, 115920,
       112191,   2512, 121621, 116400,  66040,  11723,  21520,  80014,
        94022,  26532,  35210, 152122, 122381,  41987, 112798,  81975,
        65491,  36358,  35936, 100688,  35486,   9500,  92393, 112642,
       146510,  20532,  21047,  97412, 106574,  34752,  15177,   1149,
        65548, 151184,  96574,  30936,   2437, 108310, 117021,  84502,
       141898,  33667,  24286, 143747, 105114,  67043,  77349,  56814,
       137789,  90889, 152404, 106828,  92152, 144207,  86920, 130298,
       132406,  32119, 121364,  75917, 122635,  76507,  42225, 153053,
       144764,  56049, 111166, 109166,  66348,  56633,  36998,  80949,
        88553, 134933, 122748,  39315,  42640,   1973,  89731,  21942,
        74028,  21701,  39400, 123291,  57643,  97439,  57706,  86305,
        74707,   4222,    781,  41954, 124477,  88369,  24447, 124510,
        71708,  90644, 111908, 149972,  80958, 144611,  47214,  85126,
       140002,  79476,  14153,  14443,  12456, 121726,  85081, 102724,
       102476, 105054,  98621,  94069,   8159,  45777,   8152,  75942,
         3331,  31626,  20863,  78059,  20517,   6070,  97233,  63430,
       100214, 132039,  83664,  69888, 113410, 141897, 129077,  13104,
        42760,  27282,  77154, 134977, 108337, 121295,  74794,  51459,
        88836,  82864,  27473, 131012, 138934, 107536,  94087,  48527,
        43574,  37860,  44704,  50908,  23586,  72128,  88133, 119697,
        72680,  89911, 131722,  61660, 141364,  48323,  98211,  28825,
        60247, 134056, 118444,   2120, 144725,  32636,   4084, 136383,
        87733,  10749, 112077, 108530,  22057,   3113,    475, 143743,
       142584,  90459,  15528,  45747, 143337, 153537, 122986, 100063,
        44989,  11415,  80184,   3618,  29751,  34823]), array([ 24760,  16865,  46349,  80391,  59956,  28878,  91023,  63807,
        36371,  40492,  53032,  90928,  76212, 131461,  10647,  78229,
       123419,  77297,  27382,  45147,  50752,  55577,  75286, 115308,
        95620,   8994, 104427,  22122,  58575, 104621,  19561, 126458,
       133904,    304, 111414, 150336, 109299,  11063,  83476,  54702,
       152280,  51594, 106095,  38989, 104272,   1491, 111255,  63624,
        98525, 115797, 114516,  32746, 107499,  19529,  58023, 119346,
         2781,  66625, 130724, 103499, 116961,  22726,  85729, 131980,
        49749, 148151,  87025, 136454,  19387, 115028,  15093, 101708,
        69504,  27331,  74666, 125961,  82871,  70071,  59861, 133821,
        94363,  18041, 144854,   1261, 103678,   8404,  43123, 153390,
        22457, 122608,  49944,  24224,  51637, 119609, 126438,  70439,
       102941,   7585, 153567, 111321, 126777, 145068,  91608, 111597,
        81071,  49583,  25239,  93822,  83285,  38093,  99273,  64419,
        44348,  65086,  73329, 132393,  18297,  51923,  86827,  94057,
        71171,   7399, 112951,  57233,  32541,  49390,  95871,   2843,
        55889,  46182,   1794,  10030,  35369, 114640,  53530,  82561,
       125918,  35944,  28099,  47955,  56854, 148607,  73793,  75677,
       135258,   9597, 110702,  22081,  26931,  37805, 124037,  21896,
       146128,  76113, 117472,  73450, 127016, 115132,  55080,  25416,
        60170,  71157,   1788,  11562, 153832, 139339,  56280, 127594,
       135913,  60180,  95887, 101025,  63296,  46134, 129126,  96752,
        38216,  46645,  60606,  84943,  36619,   4305,  21642, 120574,
        84515,  78599,  59155,  74637, 132206,  59445,  73552,  44860,
       101110, 103867, 141359,  84264,  37773, 130219,  65618, 117810,
        14386, 147883,  30137,     79,  43907,  13620,  52271,  48535,
        74599, 109447,  13840,  67378,  20694,  96717,  10508, 105315]), array([132513,  29616,   5111,  10995,  90597, 113157,  80075,  79959,
        48783, 141503, 140956,  88523, 114061, 129074, 130905,  91635,
        45770, 136373, 100367,  47276,  35403, 116976, 100876,  53377,
       106510,  91078,  15349,  32548,  48707, 140230,  96611,  90417,
         2653,  95757, 142154, 133720,  58694, 148536,  18194,   9119,
        93424,  54407, 153133,  71762, 102839,  16618,  72092,   9552,
        11799, 145715, 137071,  30319,  73467, 150258,  68408,  32660,
        90512, 117787,  74570,  98309,  62192, 107400,  60804,  23811,
        89626, 147144,  76031,  67431,  96175,  30422,  30407,  56148,
        46121,  45192,  46348,    814,  37968,  12273,  59198, 119464,
         3314, 116990, 151034, 119976,  86182,  87275,  42911,  63985,
        14503, 140955,  26290,  28286,   1200,  75426,  49878,  55696,
         7689,  48234,  73068,  15280,  81035, 148119,  80025, 100645,
       125774, 119967, 116489,  33370,  36504,  66736, 113494,  54185,
        43872,  39228,  79645,  31278, 130304,    952,  11499, 108610,
        86823, 124857,   9142,  17854,   8715,   8485, 142397,   1449,
       147500, 139089,  24306, 100815, 126299,  54206,  49176, 129659,
        64671, 121627,  48978,  25705,  60649, 153641,  11865,  62730,
        86620, 146493,  43990,  92240,  73916,  66997,  12673,  79607,
        60149, 126908, 103931,  58916,  28129, 114579,  19173,  45130,
        52918, 136020, 151609,  81078,  38906,  84678, 121398, 131972,
        25972,  16743,  99553,   5947,  94405,  83613,  67794,  51328,
        56862, 114112, 116128,  99072,  73181, 137898,   3725,  99507,
       109835, 146841, 130237, 152979,  32667,  76028, 140109,  69772,
        32275,  71220,  75842, 116674,  22802,   6991,  23406, 133197,
        13432, 127836,   5029,  81871,  36698,  80519,  79674,  46530,
       111395,  48510, 120435,  92538, 145539, 109440,  82043, 148820,
       152961,   3966, 105170,  65661, 127757,  11070, 106735,   5686,
        29349, 108909,  23755,  87949,  90093,  18237,  90547, 147142,
        81605,  12272,  94332]), array([  9298, 118253,  74385,  41281,   9492,  93717,  89082,  33891,
         4188, 102293,   9487, 101095, 150843, 111964,  58922, 135360,
         3147, 126329,  75204, 102127,   1730,  31879, 122938,  78582,
        49926, 123876,  13113,  81564,  85796, 117864,  96535, 137517,
       123232, 119495,  76235,  92925, 104279,  23804,  95899,  68452,
       140624,  31503,  97258, 130122,  85125,  17112, 107275,  65832,
        19584,  69238, 120027, 135787,  31747,  73158,  77823, 136102,
        77064, 104583, 141971,  80761,   5073,  23902,  26628,  46685,
        28080,  86940,  94102, 124754, 145078, 108278, 118515, 140936,
       105306,  56408,  63472, 140281, 105118,  21292,  90051, 134256,
        99484, 110902,  68795,  33577,  81558,   7867,  79556,  66345,
        33192, 132172,  29805, 142339,  96089,  85408,  54870,  15205,
        69365,  30046,  23770,  63648,   8074,  16874,  58607,  83840,
        24922, 111283,  29473,  51118,  92553,  23928,  81320,  95472,
         2868,  59422,  15582,  16620,   8361,   3367,  48441, 128337,
        73597,  50242,   4496, 140972, 102012, 149489,  55524, 121135,
       128246,  15549,  33385, 148836,  91505,  96299,  16912,  97260,
       141815, 101108,  75251,   6768,  95789, 113110,  21756, 117821,
        79992, 138940,  88195,    865, 107739, 135424,  10498,  56879,
        14609,  89600, 111444,   4915,  58390,  57696, 123981,  86266,
       112669,  75129,  92752,  76143,  38429,  42712,  84425,  15791,
        98526,  83276,   3381,  66275,   9036, 148566, 120153,  53274,
       101719,  82159,  71051, 121389,   4636,  56374,  14396,   4203,
        39206,  72753,  41446,  93458, 135463, 143190,  48620,  21369,
        51958,  11724,  87315, 127172,  32600,  84262, 131179,  60863,
       104780,  80923,  96357, 135549, 151545,  62218, 118617, 129972,
        55322, 105196, 105728,  99509, 133547, 123675, 140380,  84295,
        28713,  67220,  65443, 124454, 132819,  87639,  31117,  48837,
       104225,  40669,  71425,  82278,  89198, 142899, 122953,  61275,
        35644, 153101,  91156,  93421, 128955,   6058, 121020,  14941,
        54505, 151894]), array([ 62477, 131136,  52837,  73020,  74699,  82084,  20808, 122891,
        45866,  20098, 152077,  56060,  54551,  95463, 118510, 114021,
        46009, 119118,  25771,  39810,  32608,  11188,  69759,  66442,
        82501,  64399,  21048, 108689, 133829,  53527,  32934, 134149,
        40837, 118089, 136846,  47681,  66342, 134170, 100639, 129474,
       105062, 105020,  76280,   4774,  59026,  15609,  93795,  71445,
       147756,  89985,  74787,  12027,  85225,  66763,  49657,  53394,
       130827,  61140, 121648,  48034,  73032, 127671,  23918,   1315,
        54377, 113965, 141966,  19831,   7302,  79417,   1196,  67070,
       148089,  97547,  53203,   5297, 113598,  52378, 106429, 121547,
       138070, 106614,  82046,  28779, 109675,  88489, 147602,  39371,
          128,   9613, 113032, 132333,  88748, 112231,  74051,  45575,
        18899, 129999,   7357, 134648,  93039,  39327, 136406,  49957,
       152907,    474, 105740,  77476,  11208,  59879, 122706, 128579,
        63637,  32892,  44737, 153559, 103929,  79072,  71539,  56500,
        27527, 110372,  82948, 121607, 127725,  90406,  50960, 119747,
        22326,  80840,  69586, 147207,  70225, 102186, 133921,  83190,
        58335,  80820,   8685, 125651,  80148,  12755,  24488, 141331,
        91620, 132864, 122264,  66279,  22928, 146656,  74535,  14141,
        90632,  17644,  16587,  85738, 119302, 129496,  62070, 103474,
        35054, 152461, 101828,  16401, 124914,  24580,   7956, 139850,
        92309,  79278,  81374,  23781,  75906,  20850, 103543, 139489,
        39769,  18100, 149124, 105033,  29799,  95880, 138683, 101960,
       122892,  34245, 105237,  23328,  73892,  73374,  87309,  19557,
        80472,  89797,  78770,  88603,  45308, 149608,   2825,  18319,
        32767,  96646, 143665,  16856,  68856,  46845,  98949,  15374,
        84999,  23138,   9954,  80166,  25238, 125196,  69652,  21849,
        65280, 109288, 141688,   9346, 117203, 143996,  81529,  41007,
        10700,  36351,  81974, 117781, 110426,  57522, 114480, 101609,
        98363, 101362,  65995, 128717,  38919,  82201,  57968, 110954,
       141889,  61664,  15097, 130748,  89864]), array([102016, 114756, 111917,  87855, 110507,  47225,  71622, 145615,
        45233,  49643, 116295,  12481,  22106,  53195, 148846,  66018,
       144531,  59606, 100200, 118402,  19701,   9542, 133206, 100904,
        26589,  34914, 129174,  56799,  55890, 125726, 122934,  72003,
        23916, 122861, 137317,  47366,  12355,  87219,  94165,  27760,
        51325, 114442, 132495,    293,  94237,  10701,  96179, 103485,
       146202, 107083, 119243,  34291,  47336, 129199, 113942,   3706,
       136999, 139376,  63910, 145572, 100131, 138778,  61820,  12165,
        73368,  98554, 145304,  53557,  29994, 126989,  75795,  94075,
        56327, 113053,  25032, 105381, 123021, 122322,   1949,  35271,
       103946,  80568,  22837, 101903,  71496, 143817,  74155,   5565,
        56693, 105187,   3203,  87927,  68009,  64458, 129248,  19607,
       116986, 121966,   4836,  64801,  74790,  36570, 111175,  35346,
        53877,  84298,   4239, 136647, 104164, 116066, 112808,  11739,
       101880,   6765,  25588, 111894,  54488,  89553,  92192, 133066,
       143318,  56557,  87707, 117881,  94298,  91345, 137172,  35913,
       144829,  29673,  56750,  98930, 147961,  92474,  90822,  90790,
        42293, 102498,  44086, 148831,  63788,  39082, 138090,  75066,
        25744, 117969,  50086,  44900, 132213,   8496,  41594, 148097,
       122784, 121549, 125882, 103627,   8812,  68608,  88526, 143684,
        47494,  91092, 151801,  84090,  71482, 128595, 128135, 113239,
       103219,  98994,  62663,  99575, 100161,  57798,  75744, 145128,
        46386,   1365,  68570,  90465,    148,  79536, 143443, 132351,
        86045,  88997, 118616,  61016,  98217,  18381, 101133,  10507,
        76093,  77165,  27967, 108386, 112029,  84068,  67474, 119398,
        73121, 126372,  10671,   4769,  60907,  70528, 116506,  67964,
        40704, 143768, 110566, 131105,  72115,  23500,  39084,  45936,
        97911,  11755, 149026, 113654,  52180,    767, 101793,  15506,
        15817,  18246,  70496,  88571,  85774, 143606,  94825,  27929,
       148600,  68017, 103830,  63432,  72816, 115723,  36192,  58868,
       136446,  46097,  35399, 143994,  96061, 121038,  33132, 103056,
        63722,  31964]), array([139760, 150653,  87074,  93993, 146192, 123336,  55235, 112978,
          790,  76464, 150824,  85918,  68004, 151360,  82260,  80726,
        30192,   8785,  44468,  80299, 135804,  96262, 148034, 145649,
        41833,  20487,  75348, 119564, 153813, 153455,  38465,  41985,
         9668,  74965,  75479,  66202,  60621, 141537,  82584, 119026,
       148609,  99119,  56538, 104708,   7098,  89054,  99948,  18090,
        44794,  60942,  80046, 144292,  22443,  68839, 127351,  83881,
       107309, 133660,  60888,  86222, 129490, 142380, 109957,  59344,
        58016,  50425,  19225, 131544,  22413, 140928,   8046,  50821,
         3063,  36531,   1741, 138012, 134042,  75513, 152037,  54582,
       113036,  99153,   2310,  52210,  40972,  43207, 135319,  70864,
        20827, 104339,  77160,  21703, 134096,  38106,  85499,  16931,
        12913, 136407, 139775,  80078, 147424,  37084,  80262,  58310,
        35591,  91536, 143104, 134772,  69890,   7675,  30091, 144747,
         3905,  96583, 103715,  18242,  28040, 103213,  91562,  11583,
        72112,  53702, 122816, 121782,  92755,  65807,  87652,  13156,
        81014, 118669,  14728, 132921,  55044,  59505,  81273,  74580,
        70884,  59507, 150235,   6817,  76349,   4484, 147368,  33147,
       129459,  79387, 116206, 139773,  35333,  85333,  11414, 140254,
        49567,  69802,  18315,  73448, 117361,  10281,  31301, 138241,
       153235,  91642, 131903,  90775,  49665, 103674, 117658,   2838,
       114180,  88718,  64571, 142653, 106112,  27266,  26482, 106240,
        38589,  67540,  68588,  93886,  45823,  32367,  34614,  75800,
        30924,  56511, 109522,  60404, 136301, 146171,  29521,  12175,
       127891,  79683, 129211,   8826,  55419,  12006,  26729, 117913,
       118805,  93529, 152236,  44785, 151190,   6202, 117466, 151747,
       145645,  35546, 137463,  69600,  61876,  61865, 120910,  13895,
       134916,  95320,  59467, 153247, 142113,  76438,  45716, 153871,
        29495,  20043, 142209,  46138,  78639,  31012,  38670,  63933,
       130442,  26246, 138505, 121376,  13157, 153884, 112781, 105650,
        11899,  46897, 125966, 104305, 106761, 100483,  98674, 143231,
        17008, 104405,  88285,   4782,  97909]), array([ 79088,  16568,  80658,  71656, 105008, 102705, 103809,   5540,
        75258,  21586, 108121, 113784, 114164,  60626, 122894, 130915,
        32073,  96393,  46541, 108125, 137396,  13261,   7479, 118014,
       146792, 128976,  37203,  20240,  27041,    237,  18896,  81736,
       126486,  90242,  32163,  93449,   2166,  51265,  46207,  29840,
        43536, 146671,  62340,  31797,  65919,   2785, 126818,  62490,
       100964,  29018, 136145,  37181, 100771,    603,  59531, 107925,
        17820,  37788,  60821, 101132, 116273,   2891,  61752, 111896,
       142607,  59342,   2542,  50999,  15602,  10439,  13287,   8142,
       127849, 144187,  75581,  59860, 113841, 136669, 114372,  45683,
        52591,  17164,  90917, 148704, 124662,  10369,  30228,  35547,
       147124,   1726,  16375, 139021, 108856,  15965,  75869, 151009,
         8597,   1833,  79127,  56269,  62654, 109329,  23789, 153307,
        93528,  56487,  88015,  89477,  56399,  91217,  14931,  93585,
        52428,  23323,  52985, 129250,   5634,  79557, 134199,  56627,
       144111, 110161,  35245, 108079,  42208,  65347, 128805,  52529,
        90103,  90798,   3328,  32039,  51985, 117903,  97553, 105588,
       106995,  85088,  29404,  92364,   1051,  17110, 121825,  51961,
       147007,  11684, 125751,  37671,  65762,  71252,  23756, 144790,
       144959,  83007, 120093, 100926,  63456,  31595,  20194,  66074,
        76671, 124133, 132376,  81543,  93035, 109010,  84931,  12533,
        53713,  79833,  92375,  92100,  42666, 104268, 150590,  65881,
        89529, 132485,  89352, 139742, 132721,  72848,  67232, 149583,
        96217, 146838,  92609, 118963,  76644, 101647, 130852,  68098,
        91762, 153922,  83700, 114430,  42321,  49566, 147018,  54973,
        74419, 142041,  98688, 105542, 121686, 126618,  41103,  34434,
        35214, 102843,  56630,  49185, 118760, 102794,  25704, 129187,
       141404,  98050, 143418, 131375, 128180,  56400,  76586,  20640,
        42584,  93878,  78525,  64109, 143867, 131688,  56083,  88277,
        31875,  94584, 104752,  68038,  67930,   3720,  98736,  94399,
       116776,  76425,  33722, 138687,  89835, 149618,  98533,  67721,
       131011,  83766,  62566,  11277,  41264]), array([ 82755,  13161,  35983,  67826,  17852,  55925,  41475,  25727,
       152002, 125831, 115627,   7526,  64915,  53553,  91110,   3550,
        66393,  72167, 127035, 106534,  39141,  28310, 143408,  18282,
        46329,  69728,  66853,  34566, 144241, 149251,  14694,  24858,
         2081, 120077,  56052,  97199, 128397, 139509,  45067, 150580,
        54342,  35922,  70486,  91172, 120312,  90976,  41611,  77460,
        15660,  76428,  52686, 111406,  10035, 124490,  85808,  79937,
       144890,  76354,  18845,  97294, 133652,  12214,  54393,  69249,
        35063,  66388,  49391, 126200,   5123,  45149,  46163,  64190,
        64531, 141808, 135481,  85705, 101856,  40053, 126244,   5034,
        17739,  43323, 119068, 103341,  59430, 144488,  59624, 128732,
        12172,  72878, 147057, 113950,   5862,  21557,  93776, 121012,
        37746,  25876,  31997,  90320,  35736, 144730,  93787, 141372,
        17113,  89903,  65794,  15834,   1694,  51524,  99337, 115486,
        58490,  49140,  17352, 113179,  56782,   5441,  87506,  65316,
       112032,  98075, 124783,  59781,  66031,  46236,  99617,  74976,
        80493, 148555, 107907,  33072,   7132, 140187, 141566,  46601,
        87649, 138999,  49401,  70745,   3467,  83394, 140423,  45029,
        58383,  95016, 133225,  75558,  31110,  84716,  72812, 141332,
       126826,  66256, 100790,  57832, 110850,  31686,  13127,  82639,
        58796, 128199,  71828,  84173,   8256,  15279,  56376, 100219,
       145144, 130531,   5117, 125089,  55301,  84958,  62080, 111424,
        44031, 143148, 121480,  47197, 107189,  24825,   6061, 153732,
         1662,  54483, 114990, 146947,  45154,  36754,  85501,  26666,
        85132, 140563,  35830, 121900,   1333,  61567, 131662,   1498,
         4040,  55337,  98196, 140338, 113419,  44199, 148513, 152296,
        87431, 145973,   7488, 146181,  95352,  26936, 125442,  47554,
        57478,  84986, 118137,  87115, 140787, 123335,  63269,  44681,
        70187, 101690,  41955,  99700, 147708,  67259,  24130,  59025,
        77255, 149996,  59597, 106267, 122616,  73977, 108429,  91201,
        77600,   5400, 136449,   1609,  39307,  20195, 141835,  66117,
         1143,  11023,  46390, 114687,   2058,  49584,  69793,  38950,
       124075, 142581,  63905, 125579,  65743,  53410,  48844, 141650,
       115111,  26991,  64720,  26950, 143119, 119909,  39650,  22062,
       132527,  82395,  26909, 124668,  38852, 122728,   5875,  99111,
        16741, 117870,  18137,  22671,  77582,  24941, 141037, 127685,
       130207]), array([111405,  30385, 128589,  35305,  94553, 147565, 151711, 122236,
        48164,  44442, 107077, 151300,  54814,  92822, 121275, 116344,
       117725,  41652, 102985,  81731, 132591,  89807,  88368,  98538,
        69298,  52179,  19544,  18874,  26395,  29776,  90595,  20654,
        21647,  87314, 119589, 151535,  37216,  22297, 143487,  42281,
        49167,  97210,  38499, 148341, 123825,   9235,  26491,  96839,
        19859,  30572, 120201,  33488, 129402, 114376, 135351,  70519,
        20511,   4537, 127919, 137348,  64820,    432, 112342,  27095,
        79392, 142152, 102925,  48375,  54141,  74551,  46250,  89682,
        27943,  41373, 138098, 142218, 139942,  16678, 129296,   2529,
       125409,  86134, 118583,  20336,  12898,   4961,  67526,  29541,
        31111,  30284,  30490,  72802,  89837, 127371,  44574,  79716,
        33852,   1409,  58077,  64646, 120016, 142597, 125154,  24214,
       101676,  16261,  23398,  26691, 145425,  33835,  19199,  83913,
       135261, 126312,  31845, 122912,  64695,  15194, 112206, 118390,
        97514,  34807, 103666,  49446, 103064, 111526, 113653,  40925,
        84335,  78001, 149805,  26286,  43795,  23532, 147938, 143973,
       140652, 134780,  72156,  79711,  37638, 126126,  76480,  17881,
       145559, 140054,  59634,  85544, 114219,  73095,  79686, 129269,
        60927,  48253, 103402, 116747, 113402,  89108, 139725, 143816,
       144903,  88203,  56724, 100154, 113788, 129543,  21381,  59082,
        94245, 134657,   7046, 115393, 144936, 115444,  83868,  53450,
       120113,  46385, 137540,  79560,   2988, 118874, 146348,  85379,
       130287,  54979,  11381, 151739,  63042,  68868, 153445, 108876,
       105194, 134928,  23135, 106864, 114948, 139945,  49210,  35103,
       104060,  82966, 126956,  54244,  86483,  95864,  99381,  65339,
         9995,  21277,  22932, 130815,  78537, 110106,   3206, 152014,
        52234,   1773,  57316,  61789,  61615,  99310,  45369,  37258,
        80825, 139852, 121161,  85652,  40307, 112393, 116163, 139023,
       115505,  26484,  35809, 113501,   3811, 150730,   7804,  20709,
        84026, 104567, 145214,  42181,  55991, 152078,  95287,  80470,
        40761, 124295,   3099,  88562,  87590,  16806,   2610,  23300,
       145965,  81935,  72245,  80382,  65119,  17430, 150481,  34323,
        99048,    427,  22963,  35314, 128931,   2140,  34419,  87390,
        67102, 140760,   7843,  41901,  52108,   4051,  71845,  40483,
        68108, 134567,  54326,  64859,   6822,  36520,  54295,  51215,
       133767,  51859,  56301,  99896,  52359,   4413,  22187,  41080,
       123352,  88854,  42778, 105355,  70755, 122483, 112725, 126595,
        98250,  51658]), array([  2105,  63761,  53300,  25190, 134948, 103551,  60324, 143830,
        79861, 119479, 138281,  28271, 120800,  65010,  33970,  68948,
       129952,   3826,  49068,  99208,  56662, 142024, 109438,  23358,
         6913, 125617,  94406,   6082,  25551, 108757,  40042, 129393,
        28278, 126849,  32987,  83525,  70099,  79736, 120184, 142674,
        67675,  24999,  20866, 106383,  79068, 146726, 118880,  85336,
        86231,  67543,  43300,  56571,  12962, 117655,  62472,  56257,
        96947, 126877,  57479, 126178,  19186,   1053, 135648, 133524,
        78628,  65895, 104084,  74932, 136098, 130257,  72136,  56610,
        70251,  35091,  62258,  91250,  41026,  99350,   6427,  43287,
        39137, 118380,  17460,  42044,  11519,   7088, 135614,  25544,
        74980,  54031, 135574,  85430, 119574,  67088, 118753, 127642,
        30500,   2901,  48570,  36850,   4622,  21031,  64789, 150708,
         7815, 143534,  59392,  73708,  74331,  34942,  13842,  12160,
        82833,  43759,  35003,  45474, 145184, 137565,  73754, 151705,
       120675, 149204, 119805,  76844,  71879,  53295,  48910,  64550,
        91967,  11741,  74045,   4723, 123407,  19232, 111253, 123338,
        38433, 128996,  44987, 135662, 131353,  70554,  64508, 129098,
       108051,  16634, 135934, 133618, 107844,  35236,  32167,  81042,
        84324,  14813,  64506,  92320,  96628, 102329,  45012, 137691,
        62727,  64082,  27746, 145070,  52657, 140562,  75499, 100152,
       133252,  74378,  37334,  20261,  25182,  41649,  28994,  42383,
        24731, 145092, 125215,  87774,  45343,  24579,  21501,  62235,
        37808,  76340,  46582, 136216,  91450,  13817, 108443, 106466,
        25982,  76441,   6482,   1512,  85411, 106891,  18292, 150199,
        26389, 147449,  16449,  61614,  78734,  13388,  20340,  28227,
        85712, 104757,  46185, 132402,  25582, 117082,  91439,  93231,
        49650,  58748, 135039,  63336,  33060, 106052,  92351, 136516,
        55311, 107646, 113899, 105613, 133331, 133937,  22079,   7216,
        49536,   5815,  70411,  75330,  48405,  40525,  15343,  77390,
       120764,  96607, 143820, 103174, 142122,   4391,  57330, 127319,
        99319, 142406,  40130, 129970, 132896,  45889, 109791, 129057,
       113768,  89500,  43673,  68328, 126325, 101402,  48205,   9014,
        25473,  49861, 151860,  94149, 128447,  85054,  59763,  37385,
        60627,  90792,  94898,  56905, 101255, 119138,  78856,  58646,
        94569, 144918, 133772,  59042,  56582,  17611,  44324,  85847,
       128386,  94671,  18199, 146178, 137186,  70921,  76776,  15173,
        55229, 121176,  25941, 147889,  97340,  22741,  61653,  68301,
       136019, 128176,  20587,  42443, 149035, 115483, 142303, 111137,
        81051, 148440,  62510, 114939,   2751,  85556,  69683,  56472,
        33919,  19964,  26391,  89328,  65008, 106971,  34629,  14639,
        70059, 105947,  15449, 142228,  37977,  75057,  51435,  11379,
       151945,  75083, 148543, 131138, 113231,  43390, 123822,  28093,
        46994,  12866, 105367, 152213,  80629,  15025, 149549, 146489,
       125670,  67470, 122809, 107763, 137826,  58095,  40688,  69580,
       117657, 137825, 117797,  40569, 151681, 146981, 150411, 144424,
        17892, 138432,  29218,    254,  97821,  11292,   9827,  25519,
       146012, 142097,  30624,  89897,  17277, 150950, 100166,  24823,
       133409,  76281,  29771,  11872,  25054,  99884,  63613, 110016,
        42304,  44284,  89419, 110599, 134080,  76840,   8807,  22489,
       103439,  99620, 107912,   6849,   6891, 132027]), array([ 16910,  36572,  74285, 105647, 146843,  99645, 145406, 109858,
        79071,  71977, 103740,  89300, 100870,  49291,   3136, 148694,
        29384,  20913, 139261, 106235,  68231, 141571,  43073,  58586,
        53554, 131884, 109163,  78342,  30366,  17272,  53159,     58,
       137903,  96560,  70041, 147519,  40546,  62497,  33700,  72831,
        45496,  83358, 121083,  41379, 118707,  59816,  14448,  77387,
       105435, 112187, 115236, 126544, 152439, 125561, 130808, 123556,
        97409,  66658, 141950,   5574,  12591,   1916, 103287, 123950,
        66194, 153151,  62315,  49637,  47876,  54696,  39348,  83089,
        57433, 103130,  32351,   4134,  19541,  66725,  67715,  17537,
       127717, 137860, 114684,  49850, 116080, 144021,  35530,  87848,
       100220,  37426,  25823, 130206, 105452,  70108,  89799, 117337,
       122695,  56581, 143954,  78486,  94367, 122056,  20321,  83788,
        37035,  41544, 131470, 153810, 115115, 116907,  37098,  47719,
        88954, 116667, 105567,   9369,  99005,  61090,  92270, 110382,
       110586, 153458,  73065,  84154,  26112,   8646,   5721,  37913,
        80664,  37405,  72072,  33427,  38930,  40158,  18810,    642,
       132897,  96710,  13960,  10610, 145221,  30584,  44976, 144631,
       120833,  24275, 130098, 113956,  21931,  58596,   8061,  40213,
       113309,  26361,  26424, 141726, 117522, 136272,  78814, 119859,
        43573,  50109,  12638,  55869, 146759, 139986,  89581, 117932,
        86335, 110389, 152047,  22628,  34225, 111373, 129550, 116408,
       144049,  28658, 107833, 139395, 133536,  69743,  18813,  88563,
        83369, 144025, 134465,  20352, 111617, 124655,  40183, 122468,
        64855, 152547, 121098, 128112,  74493,  37911,  55782,  12227,
        81637, 152618,  36695,  34626,  25987,   6179,  88528, 104772,
        61645,  66243, 140590, 145365, 145903,  47629,  33663, 129180,
         3465, 148508,  95625,  96709, 124305, 112952, 111909, 104842,
       151795, 133667,  66287,  19496, 106902, 104713,  83793,  40606,
       126384,   2367,  40694,  98038,  44365,  73228,  91305,    436,
        63964,   4686,  57582,  61957,  83241,  47141,  10453, 133270,
        34261,  64763, 113349,  11091, 130184,  74751,  78955, 147350,
        96020,  95640, 152387,  56898, 104584,  85464,  89480,  56505,
       135428,  35866,  51290,  18480,    973, 130860,  73346, 134128,
       105267, 149652,  86712,  57776,  35057, 111339,  55483,  92469,
        76309,  36069,  65761,  68755, 132458, 120583,  44290,   4302,
        12422, 118195, 113112,  85667, 108142,  44079, 140885, 129822,
        56265,   6598,  17865, 104327,  29742, 108514,  43558,  36626,
       139604,  42188,  70681,  95661,  24135,  43095,  54720,  59247,
        28808, 115452, 109291, 129268,  88169,   3135,  92107, 129613,
        46832, 146594,  98220, 149150,  95395,  58103, 104898,  51899,
       110897, 108841, 119081,  60145,  50261,  56509, 116591,  13519,
        42701, 149452, 122260,  97075,  89519,  48429,  18045, 103166,
         1037,  42175, 126853,  10381,  84397,  75086,  93046,  64360,
        84480,  53725,   5954,  18768,  53646, 135541,  74664,  98165,
        85109,  52223,    329,  19234,  65861,  28701,  77179,  58856,
        55678, 135241,  59273,  91571,  86676,    903,  73985,  30087,
        73613,  21993,  31900,  63307,  48693,   6171,  64073,  53177,
         1996, 145465, 116194,  45549,  91867, 120460, 134767,  32291,
        83983, 152788,  85168,  63587,   7625, 109980,  72247,  99833,
       128400,  98466, 151881,  25376,  94373, 104559,  17558,  80778,
        14577, 147842,  23277,  73764, 109096,  83374, 139790, 153560,
        72062,  46839,  99029, 101710, 145844,  36501,  99213,  73939,
         3692,  90615, 151483,    374,  64541, 138195,  25910,  29029,
        88881,  15544,  75488, 137163,  55185,   7436,  66246,  83020,
        60774,  36407,  56305,  87789,  69318, 136908, 124412, 130176,
       149296, 106986,  44568, 100114,  78766,  90929, 133831, 117942,
        73317,  48428, 124122,   8528,  95217, 131036,  50397, 147138,
        61950,  35060,  21166, 130288, 113871,  30695,  19840,  20864,
       118113,   2950,  77282, 141748,   8406,   8295, 111840,  18380,
        93275, 144625,   7220, 134090,  75167, 147580,  31495, 149462,
       102256, 103091,  13045, 135022,  61128, 106731,  29537,  95214,
        74778,  56091, 126160,  96735, 105656, 111906, 140714,  24620,
       151335, 100514,  73084,  42972,  58956,  80155,  61714,  95862,
        30047,  90702, 124315,  82014,  15161,  71444,  34965, 122270,
       119246, 142853, 142798, 117323, 146975,  70882,  36094,  10534,
       142322,  25637,  43186]), array([136391,  52728,  21833,  67024,  65860,  12288,  84099, 107247,
        72883,  74096,  22600,  95222, 138172,  68572,  19000,  51975,
       141054,  24052, 128539, 136687,  55734,  22502, 105516,  11510,
        24449,  74879, 103018,   9829,  11328,  72239, 143892, 136814,
       121493,  61612, 133613, 120687, 104546,  42401,  86225,  76100,
        18442,  37143, 144287,  92570,  95923,  79098,  24754,  65055,
       142451, 123613, 115686,  83586, 106765,  39793,  38486,  15700,
       131968,  11474, 101818,   9644,   5149,  33827, 118738, 142967,
       120659,  22997,  43525, 109083,  58393,  57419, 101058, 143297,
       109210, 103454, 119025,  59316,  16762,  60894,  67561,  36623,
        75271,  57257, 144637, 122020,  23852, 141608,  20752, 151717,
       115422,  22679, 140834,  67436, 111836,  77532,  63237,  95443,
        51965,  20393,  80907,  62640,  41250, 111616, 124689,  10292,
        19144, 136968,  20122,  67042,   7929,  52050, 144412,  15713,
       153170,  98454, 103456,  72345,   5317,  74290, 138343,  86666,
       136678,  61100, 111614, 151477, 112700, 147503, 152184,  90746,
       110587,  84389,  67226,  58279,  96908,  25690,  78271,   3968,
        98771,  51743, 117508, 115507,  81367, 121274, 115403, 129586,
        69004, 142077,  16159, 142959, 117011,  16055,  88985, 110163,
        45231,  41812,  19741, 146502,  36052,   3588,  95023,  53144,
        23621, 138949, 118860, 143641,  37024,  87270,  62228,  83176,
       137588, 109622,  47489,  88339, 134803,  25502, 133137,  91725,
       143081, 104483, 133226, 123523,  82317,  24988, 115872,  71058,
        69168, 129259,  19172, 118853,  51787, 150252,  96651,  46658,
       132309, 129565,   3906, 147909,  97611,  14865, 149279,  13937,
       136892, 125061,  34197,  61908,  68788,  27816, 138386,    722,
        86899,  81141,  46084,  46260,  17874,   1406,  66963,  74300,
        25701,   8713,  51841, 116547, 120705, 138067,  62631,  35267,
        75268,  28600,  26297,  96185,  85865, 101478,  44120, 151107,
        53612, 113839,  42001,  14127,  44956,  84198, 124029, 128944,
       115129,  21720, 116196, 134166, 138371, 104102, 122787,  37981,
        11214,  49645,  91393,  98330, 117548,  33000,  86047,   2432,
        80370,  56409,   8398, 139548,  82300,  67602, 139003,  92017,
       101201,  88160,  95384,  89982, 147045,  20367, 153293,  73171,
        90204,   7085,  74574,  97278, 153790,  64498,  42642, 112334,
       125737, 145439,  85864,  97245,  13149, 110713, 141284, 113138,
        17197,  46576,  55271, 113555,  27810, 141105,   7980,   8547,
       100417,  74838, 121367,  30856,  87868, 112821,  38601, 115013,
       118001, 136277,  55219, 122625,  43735,   4125,  20689,  78448,
        92257,  30877, 103209, 126423,  37719,  76369,  12091,  26027,
       141702,  37507,  81549,  20607, 148399, 145722,  74898,  15377,
        89074,  62547,  74505,  86512,  44417,    183,  47961,  61032,
       140369,  39320,  49876,  31724, 120008,  27246, 115603,  43050,
        65053, 104684, 112059,  34890,  77773,  34303,  25934, 121780,
        68512,  51018, 136304,  37308,  55289,  49904,  15487,  32053,
        39924, 150517,  58723,  62512, 100474, 136741,   1087, 150835,
       128150,  91943, 137678,  43182, 117347,  18897, 149370,  51880,
        51654,  85024,  93968,   7918, 134358,   9973,   8261, 103794,
        59297, 134143,  43835, 152958, 118470, 138349, 137900,   6828,
        26777, 150811, 143893, 104114,  58732,  21984, 130575,  94411,
        95510, 144461, 115811, 123783,  80941, 120602,  44001,   4208,
        99576,  22916,  27064,  53198,  88677,  34826,  95096, 122214,
         8166,  66728,  93828, 151394,  14585,  89130, 100878,  24953,
       121933,  36974,  51359,  76459,  11269,  55466,  35425,  84617,
        88061,  35781, 109841, 110787, 118783, 108195,  20606, 118786,
       137447,  68165,  47765,  64260,  23230,  75724,  30882, 143925,
        26747,  84394, 110910,  74356, 134055, 120920, 105390, 107076,
       133397,  98047,  82960, 135967, 115991,  88962,     92,  10903,
       134138,  78439, 112574, 144763,  43411,  17617,  78365,  46609,
        54364,  35915, 103887, 102103,  84760,  50679, 132358,  42144,
       142746,  20536, 128846,  33403,  89289,  76999,  79400,  27842,
        88453,  22611, 112376,   7466, 119736,  53017, 137990,  51582,
        96028,  70506,    486,  75709,  39834,  17575,  12548,  59702,
        26318,  84560,   4154,  97159,  54339,  53334,  29206,  75694,
       134265,  63318,  36318,  35942,  32641,  12500,   1674,  68114,
        18198, 137558, 103554,  16277,  35848,  48947,  21644, 120528,
       117353,  51559, 108547, 133673,   4515, 151111,  60492,  33243,
        73902,  13194,  83500,  98080,  29506, 122278, 152610,  97372,
        96083, 139705, 147155]), array([148370,   7832,  36368,  12230,  78145,  87549, 128034,  21686,
        65519,  79705,  71821,  41040, 119241, 120091,  26542,  42312,
        99163,  53488, 147195,   7821,  31639,  87147,  89121, 146856,
         4811,  87980,  50001,  35238,  79051,  85987,  11500,   6583,
       124972, 143592,  16769,  77344,   8870, 115594,  27178, 121228,
         7407,  93295, 110334, 114422, 104861, 116318,  55675, 146941,
         6824,  25378, 151168,  10287,  99156,  91538, 110919,  51372,
        18749,  43483, 145631, 139157,  35122, 108472, 129877,  96454,
        18902,  14416,  29654,  86607,  23319,  51537,  23399,  65856,
        53070, 127068, 137313,  84925,  84057,  37456, 132068,  37814,
       151106,  85260, 102845,  78683, 153671,    405,   6874, 152964,
        16475,  77116,  56776, 115607,   3067,  78132,   3243, 137090,
        98887,  48360,  86022, 152527,  99466,  60280,  95399, 112105,
       117830,   6510, 119273,  29151,   1297, 142060, 143667,  63950,
        11285,  20100,  98623,   3887, 117414, 141189,  71167,  13355,
        13796,  48020, 124566,  23533,  12345, 145225,  11387, 139360,
        83169, 105426, 137311,  47848,  86221, 121303, 138045,  26903,
         5462,  40271,  27379,  16689,   8264,  55417,  79744,  48714,
       113508, 127274,  63548,  97899,  86425,  78234,   7222,  94381,
       107098,  88637, 151694,  88914,  77275,  66054, 131238,  58671,
        97890,  41265,  98337,    795,  84557,  59803, 131364,  76499,
       108309,  72801, 145102, 102057, 113629,  98502, 117211,  36806,
         8594, 144146,  66600,  93425,  10975,  71963,  58864, 100625,
        59362, 149277, 137967,  66206, 150964,  65206, 132931,  48365,
        22281,  61675, 148738,  82172,  64297, 123790,    343, 145582,
        84896,  54590,  97341,  79186,  57979,  85414,  67192, 110360,
       129631,  20305,  69848,  79107, 145290,   1579,  26746, 127888,
        16491, 148912, 122312,  33433,  89253, 143538, 136824, 112179,
        54028,  51971,  81469, 125307,  18798, 128889,    949, 124336,
        86264,  26066,  91311, 127984,    825,    458,  63680, 123903,
        45867, 144255,  57488,  28973, 100789,   6937,  62900,  89013,
       100584,  35959,  64255, 152206, 126351,  37261,  82652,  84634,
        86728,  13481,  74279,  75617,  31231,   3871,  99181,  36829,
       106363,  57003,  37693,  31229, 137070, 149899,  37636,  22190,
       132731, 110830,  54315,  59481, 127521,  47130,   4924, 114772,
       149741,   3661,    199, 134979, 124995,  94281, 114755,  69366,
        77850, 100553,  88417,  36303, 146916,  81735, 147133,  32094,
       120858,  40980,  51221,   8879, 113034,  90020,  16781, 131190,
        95911,  58098, 110556,  77258,  63734, 115926,  59890,  29166,
        34499, 111278,  65962,  10047,  31581,  63836, 112660,  20702,
        84191, 144223, 145217,  70571,  97658,  44253, 116252,  31414,
        17842,  47651,  69760,  83795,  91644, 134050,  40060,  57570,
        89320,  99907,  95651,  82497,  86740,   1731,  32630,  90605,
       153184,   6845,  64641, 153654,  89507, 117581,   3704,  31792,
        69351,  92254, 148360, 105502,  69022,  82550,  45898,  18872,
        81295,  17958,   8266, 141638, 132022, 118352, 114647, 145392,
        11764,  59935,  46945, 144777, 139566,  47280, 120421,  46763,
        49324,  46663,  59871,  24960, 115676, 144114,  14018,  45968,
        84791,  93420, 116539, 148587, 135873,  15221,  70500,  27321,
        30786,  32946,  84408, 111945,   4023,  71683,  95100,  97978,
        23330,  37793,  52827,  24551, 140308,  20005,  47002,  82542,
        73334,  46720,  32800,   6886,  71433,  88375,  24804,   5726,
       113383, 114854,  86527,  87778, 140067, 121436,  91100,   7454,
       145990,    986,   6662,  11314, 125905, 130952,  20877,  31014,
        24000,  70599,  32004, 138556,  43388,  55082,  88732,  97490,
        12951,    698,  55084,  76852, 120951,  13651, 129352,  76751,
        53237, 111670,  23945,   7982, 103461,  87645, 146738,  89938,
        43601, 106767,  20437,  25527,  42805,  53161,  43386,  37027,
        91108, 108308, 150999, 134588, 149940, 145181, 152908,  18398,
        22212,  98489, 152880,  37003, 121311,  67211, 132382,  84499,
       125973,  47204,   7581,  98935,  80211, 118867,  72344, 120267,
        44374,  51504, 100647,  12552,  23549,  62717, 133149,  54972,
        78393,  93049, 109275,  74434, 124390,  81129,  38582,  52156,
       129526,  90758,  71514, 111983,  24846,  42524, 153304, 134703,
        89333, 100720, 150928,  71052,  51822, 130954, 119922,  16448,
        27440, 147114,  98433, 124965,  12923,  11884,  26287,  86273,
       120406, 103754,  29055, 122623,  70522, 111233, 106546,  78820,
        56082,  67548,  68728,  35284,  53946,  90344, 138617, 105841,
        77581,  67486,  29382,  39566,  62770,  45467, 150163,  10332,
        24246,  17908,  95505, 130311,  55552, 124825,   1367,  19468,
       121490,  21721,  25252,  96888,  29295,  18526,  92251,  59847,
       150524, 127589,  46159, 153484,  58263,  61478, 143559,  33992]), array([100794,  95683,  72530, 113643,  90286, 110115, 118201,  54083,
        11522,  83306,  85326, 111932, 109173,  42086,  84404,  14814,
        91395,   1710,  49394, 141200,  96382,  78515, 140057,  51516,
        29010,  49508,  57057, 103054, 142840,  20343,  32308,   9293,
        28697,  93058,  28158, 102117,  49195,  44848,  59451,   6284,
        55812,  54610,    693, 129444, 109925, 112229,  35564,  25932,
        60525,  82705, 123572,  79795, 108974,  14514,  38026, 132014,
        52237,  74531,  87313,  99222,  27873,   8744,  40449,  49154,
        94331,  52986,  23476, 134244, 146100,   4115,  86356, 134483,
       132857,  31501, 151012,  35303, 105679,  54144,  63711,  39744,
        43853,  78184, 110908, 138649,  19096,  12948, 132517,  57932,
       144198,   9074,  75837, 108354,   3181, 146247,  51198,  50163,
        69858, 136410,  22586,  97398,  59852,  84813,  14412, 146779,
        38336,  38090, 139366,   4453,  75333, 133214,  92214,  22090,
        66637, 127677, 138849,  21179, 149582, 108112,  44082,  43974,
        17929,  56013, 131872,  85551, 107497,  98664,  79514,  90371,
        24555, 150187,    172,  93867,  91643,  69348, 115072,  96466,
        20527, 120721, 146020, 127901,   2962, 151931, 152814,  48738,
        39698, 105870,  70614, 105266, 115808,   3280,  71681,  78173,
        10308,  23565, 129069,  39405,  79489, 152808,  34954,  69443,
        65989,  76344,  50709,  58736,  51210,  76567,  43194,  16772,
        97136,  22653,  85988,  72583,  84575,  73343, 137431,  56420,
        99695,  34873,  77072, 108349,  53741,  78185,  42897, 102010,
         6792,  68926, 100559,  57543, 140939, 101867,  15370,   9531,
        85827,  19930, 152631,  67073,  66333, 146599,  56391, 134251,
        63210, 106180,  92546,  96768, 113254,  99419,  66021, 133784,
        47093, 139269,  84398,   3377,   6945, 102182,  81535,  31720,
         4726,  72510,  43097,  66538,   7966, 115790,  79052,   4331,
        28175, 113485, 126321,  99731,   5719,  86265,  46449,  97723,
        51667,   6143,  60865,  59605, 104100,  56590, 130130, 133700,
        14593, 152159,  16429, 143845,  46334,  47290,  53457,  13082,
        91987,  56746, 104175, 101496,  16549,   1720, 145721,  84080,
        17503,  68149, 129528, 133056,   9459,  96039,  14643,  39045,
        34651, 111807,  75382, 108854,  46966,  33141,  85828,  66189,
       130162,   8187, 138997,  39065,  44724,  88026,  61195,  66891,
        93720,  95624,   4293,   5739,  50750,  39586,  17261,  82144,
          802, 118118,  59361, 100930, 129781,  30763,  87965,   8014,
          730,  79327,  42461,  87686, 102258,  66387,  40899,  12848,
       102962, 111181,  75750,  82351,   4779,  82878, 122426,  43741,
        28479,  16264,  78963, 104788,  31342,  31095,  56053,  61223,
        62201,  61558, 148662,   4887, 118039,  95039, 111038,  79178,
        38124, 107781,  46677, 123396,  79207, 107100, 138642,  87053,
       103528, 146895,  33969,  87788, 151546,  75034, 112172,  24076,
       150331,  93654, 116828,  47368,  33211,  34361, 148122,  31019,
       102704,  85030, 112555,   9370,  34655,  76691,  71158,  94158,
       146056, 153157, 136531,  16171, 104320,  18436,  64995,  71682,
        78605, 114262, 130393, 138813, 134907, 148558, 141617, 144023,
       113621,  44366,  80157, 152596, 106841,  82380,  53219, 153869,
        11019,  85133,  58828,  91633, 101672,  23402,  49753,  44931,
       106535,  83844,  57923,  65513, 145613,  43605,  26214,  49843,
       113460, 125769,  82577, 119691,   1497, 147808,  56620, 105026,
        93688,  71185,  63068,  78557, 101166,  93631,   8493,  84287,
         1803,  71834,  90971,  69718,  75893,  77181,  83569,   3840,
        65191,  40950,  41341,  51095,   3392, 112592,  15603, 108627,
        32744,  72967,  72603,  70393, 138046,  31554,  65511,  26064,
        28594,  68334,  52603,  81171, 127923, 139278,  14824,  95026,
       101928, 101940,  56902,  18268, 153454, 145868,  52322, 152176,
        77264, 135145,  65034, 131394,  78170,  77536, 128939, 117292,
        73656,   1755, 124257,  97010,  82171,  63031,  90734,  95724,
        21625, 116368, 120892,  64933, 137754, 123852,  77976,  32771,
        82876,  42970, 138840,  34921,  10649,  16990, 130632, 123374,
       107861,  88209,   2516, 148135, 148046,  89305,  20189,  77813,
        68685,  88680, 134775,  69451,  99494,   2064, 129828,  17180,
       101286,  97375,  26932,  96118,  85677,  94492, 118375,  48756,
        10694,  30168,  68044,  78807,  32310,  35354,  61215,  36839,
        63612,  76448, 102006,  55747,  50271, 103290, 102674, 103577,
        84610,  54758,  55759,  32147, 133598, 153609,  48723, 134428,
        21253, 138216,  27970, 119779, 130394,  57487,  58700,  47931,
        63041, 101513,  39692,  30938, 140122,  45498,   4341,  80160,
       135752,  75037,  50830,   3476,  22271, 105172,   9464,  14893,
        42922,  48332,  87535, 109994,  75957, 146264,  61918,  51067,
        80264, 113221,  83074, 148213,  55821,  23385, 119684,  57793,
        45754,  79615, 104079,  93783,  67427,  46878, 127767,  44094,
        81127,  45124,  72122, 104704, 132231,  28559,  27669,  32592,
       125292,  61793,  88609, 153161,   4671, 110732,  75380, 140860,
       132204,  87329, 120669, 145255,  79048,  40069, 141497, 120487,
        44978,  27182,  39058]), array([138053, 123313, 130117,  34464,  91590, 148445,  82753, 125082,
         6783,  21541, 112829, 144478,  83095,  66521,  11386, 116455,
       128689,  86350,  15939,  13381, 131500,  87172,    823,    196,
        81729, 148941, 122060,  61761,  69962, 138996, 151699,  23771,
        57957,  62209,  64024, 134520,  71113, 134910,  12018, 126360,
       153403,  51168,  89363,  27849,  45609, 153750, 100776,  36821,
        80448, 141490,  65605,    481,  46858, 152443, 127336,  91749,
        66116,  27522,  44930,  25998, 135061,  19539,  32827, 121998,
        33497, 111205,  32842, 114405, 151263,  39481,  86634,   5523,
       133134,  26276, 101487, 112864,  72448, 141265, 140377,  89166,
       151102, 103216,  40308, 115618,  87052,  11854, 118464,  71629,
       111251, 127742, 138431,  22450,  41835,  92418,  88342,  93565,
       115392, 141370,  79927,  80558, 140940,  46765,  25583,  68217,
       139485,  60706, 121521,  50619,  26516,    991,  43015,  78905,
        99742, 106371,  56966, 103247, 107630, 129591, 111952,  93032,
       151082,   2334, 149322,  13564,   2925,  26600,   5535,  71010,
        33049,  96825,  57561, 130782,   4646,  11305,  37662,  53235,
        14575, 134065, 149915,  44792,  69350,   6865, 122114, 116876,
        60926,  65449, 147852, 124814,  70563,  99750, 108193, 139817,
        99779,  34674, 125456,   7197, 131990,  30478,  56414,  85478,
        93620, 146930, 127921, 118328,  21196,  26867, 141175,  60738,
        17020, 141209,  76939,  64784, 140814,  40394, 123908, 152779,
        60131, 112610,  82749,  87588,   7052,  89932, 105073, 111198,
        61344, 137036, 129031, 131720,  17470,  57272, 118794,  97882,
        71772, 133513,  51189, 144213, 141114,  18588,  60778, 124041,
        37423, 117079,  88621,  26875, 150525,  44694, 106179, 110088,
        61411,    789,  42260, 122663,  70441, 126587, 114183,  40363,
        55362, 102550,  39595,  17501, 129736,  18151,  34061,  20706,
        85973,  27261, 107182,   5675,  11073,  77238,  99797,  61925,
       101039,  19213,  28394, 106954, 114087,  78121, 141782,  19637,
       103405,  74213,  51261,  35636,  76552, 134076,  75078,  87429,
       100308,  90516, 142091,   2738, 146487,  13213, 153562, 140797,
       153440, 123943,  40187, 136359,  56046,  64530,  50472,  34781,
       138632,  44250,  43395,  76640,  99145, 153345,  36994,  86233,
        11390, 136248, 140688,  87204,  55500,  55627,  14880,  96649,
         7284, 142059,   1588, 132480, 130606, 126234,   9104, 152046,
        41274,  93999, 124628,   6290,  96234,  20874,  77590, 105243,
       152947,  90195,  42129,  92976, 102017, 142246,  71991, 124061,
       132116,  44516,   7457, 142533, 152629, 116120,  18828,  45639,
        57910,  43298,  88020,  94344,  10673, 124817,  86465, 137012,
        22145, 130240,  69521,  46849, 133909,  61003, 144648, 149909,
       100046,   3671, 149859,  53095,  33776,  70963, 119839,  77188,
        75767, 119287,   8614,  49232,  41015,  71565, 133336,  80877,
        41712, 124472,  10414,  78893,  33728,  66079,  67030,  86118,
       120481,  97995,  69664,  11168,  77130,  29873,  39312, 106337,
       149531,   4272,   6689, 125665, 108286, 139387,  77998,   5494,
        20736,  55563,  52950, 100343, 132249, 135523, 143524, 103803,
       137641,  89658,  87186,  67246,  97262,   2428, 131039, 109254,
       131491, 151085,  21636, 138857,   1939,    723,  69841,  93323,
       152516, 146339, 111005, 152658,  39836,  19933,  95695,  68714,
        28369,  40982,  61335, 150940,  85352,  91598,  50252,  54663,
        95621,  70770, 113952,   6233, 120468, 151123, 100362, 143470,
        29375, 114616,  10604,  55515,  36104,  75130,  89379,  69329,
       121885,  49416,  56465,  26416,  50439, 127359,  47440,  87463,
       128756, 132449,  47226,  39363,  55010,  86837,  19519,  19084,
       143302, 100080,  20541,  25905,  75400,  18431,  21599,  78057,
        37515,   7427,  32671,  42830, 122582, 116676,  39687, 136206,
        31010, 122652,  53610,  37869, 143871, 138422,  73004,  63362,
       136524,  99714,   1234,  76970,  87528,  87484, 122024,  71100,
        27267, 118136,  19379, 101952, 100227,  22112,  78662,  79439,
       128639, 113627,  41181,   4920,    501,  78471,   3548,  67974,
        16603,  40383, 134885,  88916,  22033, 131158, 130451, 110968,
       147507,  38872, 107865,  43220, 140080,  74946,  62409,  52914,
        54080,  14017,  86099, 136445,  84441,  21337,  96872,   3384,
        62979,  59091,  67417,  81864, 121429,  94617,  25879,  79695,
        81336,  89918, 114762,   2450, 142102,  44051, 132422,  64987,
        52409,  41013, 137968,  61571,  80009, 135194,  77248, 123093,
        96540, 108102, 151271, 137988, 104057, 124028,  70065, 107463,
       138269, 107892,  28328,  35850, 120815, 127258,  11696,  84098,
        66689, 104071, 107364, 106291, 144175,  86537,   2938, 106812,
        11759,  75176,  42427, 116685,  14108,  72413, 124843, 142641,
       126962,  97678, 113194, 138549,  41739, 129335,  74179,  47042,
       107904,  26627, 150404,  87090, 140333, 125399, 128326,  85815,
        29819,  87976,  54494, 132610,  68551,  18238,   6302, 113516,
        38642, 149154,  12717,  53651,  43173, 148198, 147234, 105814,
        94609, 100914,  11689,  33929,   3347,  14995, 142450,  68898,
        49431, 122495, 152781,   2609, 112891,    680, 146422,  29637,
       110696,  75437, 126225, 128907, 104474, 110434,  75754,   8210,
       138174,  66406, 129963, 144703, 100543,  15707, 110191,   8131,
       142307, 141229,  67434]), array([ 55629,   3059,  68852,  92115,  99603, 121955, 141813, 149095,
       133590,  75381,  36959,   1921,  25557,  25260, 113553,  69641,
       117616,  87505, 124104,  77843,  79452,  44765,  84212, 142796,
        81991,  70201,  90468,  67993, 121317, 109222,  67254, 131092,
        75052,  80274, 119898, 116512, 112126,  45051,  57919,   6728,
       134915, 111388,  21748,  12650,  71241,  31921,   9491,  50833,
        92040, 106529,  24970, 142821,  26382,  83359, 113762,  75054,
       127275,  41581,  58082, 117334,  61632,  64406, 135129,   8045,
       147791,   3303, 119039,  47337, 107451, 112370,  68207,  42020,
        88594,  71122,  96666, 128793,  72716, 107758,  23961,  89575,
        46812,  64135,  15851,  54154,  74024,  17635, 138233,  41301,
        59103,  18623,  91409,  49895,  92340,  58405,  20624, 120604,
        76426,  91664,  90898,  39236,   5393, 143091,  54338,  76613,
        74184,  16213, 152265,     16, 131799,  89901, 108920,  35192,
       142389,  58209,  70843, 100992,  78201, 121864, 127474,  30068,
        43405,  20317,  49579, 153173,   7892, 114887,  32859, 151954,
        61825,  53275,  88687,  50625,  26052,  17702, 144739,  55718,
        68462,   5909, 102139,  28114,  85084,  14746,   3475, 145986,
        42827,  97491,  98446, 121114,  73119,  19498,  62451, 110621,
       127746, 102538,  33209,  18179,  29306,  62116,  73949,  29596,
        51467,  24544,  86963, 121775,  13800,  47169, 152060,  73187,
        36892,  11577,  41879,  94015,  73967,  86403,    531,  71112,
       106188,  90147,  19846,  16795, 149864,  17331,  20512, 149181,
       105055,  13626,  19452, 151582,  76873,  47511,  49783, 117668,
        13653, 102583,  86793,  35917,  87893, 153198, 117355,  54612,
       131203,  22379, 125158,  37140,  69281,  33373,  79542, 125282,
        21868, 101162, 101300,  78929,  19375,  72399,  23078,  97666,
         7856, 102132, 120190,   2493,  87403, 111829,  48649,  37378,
         8389, 100895,  31532,  66407, 112161,  94937,  64034,  41859,
       103047,  30101,   8368, 129615, 133924,   4838,  38480, 120011,
       112326,   6858,  88790,  51917,  50471,  23904,  97428,  92544,
        61832,   8051,  45041,  78611,   4129,    342,  20633,  45650,
       122630,  96335,  85269, 110822,  29204, 130760,  31940, 125287,
        12558, 125151, 144644,  55962,  50036, 145328,  74791, 147132,
        60484, 115922, 117009, 124591, 106642,  18546,  20556,  83325,
       123789,  43600,   3662,  77692,  54074,  47606,  13473,  47433,
       103496,   1683,  12334,   1002,  71277,  43679, 131883,  26326,
        36360, 147242,  16067,  16562, 110061,  27110, 116592,  10213,
       132158,   1395,  37998,  99515,  49617,  30427, 115337, 140643,
        78992,   2544, 145521,  61802, 125054, 109863,  21767, 146485,
         7290, 149846, 113544,  43538,  82003,  90077, 106855, 111734,
        22144,  90353,  34724,  78295,   3927,  18630,  28583,   5375,
       140698,  89003, 102331,  39961,  40121,  99556, 126801, 144900,
        50942, 119074, 149179,  87263,    441,  77687, 149402,   3318,
        44680,  64839, 141874,  98033,  82199, 128609,  97396, 121810,
        62511,  95225, 100570,  50280,  52286,   2264,  89794,  26432,
       115773,  89701,  88999,   9038,  53699,  47824,  45176,  82654,
        83132, 139159,   3123,  76094, 120462,  89433, 129908,  56805,
       123911, 116290,  42016,  65912,  36521,  21024,  49626, 115420,
        23651, 124341,  12867,  33234,  48071,  78326,  29979, 101636,
        33641,  37609, 144190, 116958,  49107, 130471, 118203,    982,
        15533,  95755,  39926,  16459,  85193, 114229, 122208, 144313,
        72869,  94258,  23038,  46642, 138384,  51414,  89260,  80054,
       131033, 138176,  98776,  15553,  17614,  18325,  84110,  22087,
        36530,  41063,  39939,  87654, 128879,  28760,  31042,  85520,
       114445,   2715, 113545, 110350, 121397, 150440,  10361, 142069,
        23333,  31162,    644,  40924,  92929,  87582,  73168, 150894,
        70710,  42421, 139893,  52391, 111383, 102366,  14780,  84681,
        26551,  22516, 107742,  11671,  15927, 108098, 119391,  41394,
       105044, 124189,  37923, 149208,  91233,  63678, 130041,  93031,
         6986, 133070,  23407,  54542,  95288,  60321,  15694, 105618,
        73255, 122701,  11697,  40869, 117423,  86569,  21697,  50736,
       101023,  76656,  99867,  36213, 142480,   2884,  21498,  38434,
        94790,  77335,  82926,  89771,  42008, 131083, 117194, 141930,
        18916,  98781,  65350, 148129,  56995,  53817, 112646, 149870,
        98918,  12602,  84933, 153391,  76851,  59493,   1193, 126622,
         4503,  86128,  47674, 136309,  72057,  76881,  98958,   3872,
        50370, 126559,  82151, 151096,  89410,  60346,  58841,  16823,
       132507,  88713,  45681, 151489,  61821,   1451,  28408, 124047,
       131088,  59189, 136947, 151515, 134414,  84710,  49071, 110648,
        65891,  57175,  69750,  57454, 108568,  50524, 132337,  31505,
        46815, 142474,   9888,  40375,  40456,  31114,  20805, 112787,
        67713, 117561,  80417,   1050,  17554,  46529,  56034,   9822,
        96055,  14357, 132980,  18598,  12458,  73174,  79240, 111075,
        40862, 140132,  14195, 120716, 100450,  63982,  48308,  20107,
        24599, 153876,  93248,   3164, 126204,  60504,  23933, 100955,
        60186, 144948, 141055,  81266,  14309,  50169,  46741,  48455,
         7331,   9129, 130689,  40266,  59668,  83233,  39537,  72228,
        80072, 145560,  82389, 109877, 127262,  94159, 128780, 138891,
        94189, 121929,  91607,  81479,  13035,  44135, 103426, 121712,
        88950,  69509,   1206,  67231, 137690,  72800, 124899,   7314,
       136683,  90476,  46075, 118414,  71411,  63848, 120615,  51821,
        82600,  41942, 123225, 135080, 143152, 142962,  65535, 106992,
        59433,  60578, 136790, 123615,  36112,  75621,  49976,  68829,
       109727,   6761, 144709,  53289,  96260,  77661,  16930,  18817,
        83390,  47569, 114287]), array([139482,  58382,  83235,  83494,  90924,  85622,  45493, 111735,
        62353,  11008,  61807,  62635,    108,  73865,  12791,  38965,
       144468, 147405,  45870, 118293,  29666, 151552,   4707, 136177,
       134593, 118146, 122463,  29849,  95784, 135711, 122510,  69969,
        52041, 134142, 118135,  76684,  42050,  42183, 102199,  28467,
        48751,  81284, 122899,  56274, 107452,  91069,  20265,  49725,
        36758, 137362, 132477,  43273, 136073, 147316, 145610,  83246,
        76243, 110545,  62879, 111852, 133095,  20294,  46928, 130752,
        63960, 113532,  18932,  75983,  14086, 119729, 100047,  60699,
       131652,  78433,  28097, 148746,  10066,  66522, 142465, 112372,
       126452, 112123,  79266,  29540, 122244,  92998, 131464,  41167,
        28399,  73356,  73300, 115642,  11107, 100330, 138299, 133776,
        55902,  99456, 123986,  90418,  53956,  24900, 100119, 112965,
        91441,  86923, 129595,  67441,  76275, 126668,  27449,      7,
        26501, 103758, 118913, 118267,   4300,  33785,   2005,  96969,
       130378,  49655,  71634,  77608,   7106,  72687, 147655, 127637,
        11088,  65033,   3282, 115328, 151381,  14432,  32124,  21102,
        22120, 137304,  31870, 103230,  57590, 137891, 142598,  93017,
       116953,  52597,  42413,  54092,  16377,  34440,  27405,  89217,
       133062,  70692, 147794,  67701, 148999,  72106,   7623,  77631,
        29422, 134935,  91751,  71323, 120717,   1712,  42389, 119571,
        53391,  55149, 134217, 150855, 129167, 140441,  47641,  41188,
        23208,  65997, 112736,  21734, 107533,  87005,  38740,  23823,
        90977, 132063,  68545,  92458,  79434, 114196,  99906,  55267,
        11043,  36399,   8091,  96875,  79382, 120408,  44207,  65240,
       119528,   2232,  58307,   9475,  36549, 115854,  41273, 125057,
        15218,  21963,  29280,  73893, 126086,  34209, 142000,  92087,
          918,  31051,  24113, 129064,  72633,  83740, 152451,  51926,
        50934,  50832, 111631, 147649,  34708,  56137,  20344,  22199,
        13037,  30776,  60162,  77722, 105630,  40671,  25580, 139651,
       119494,  82660,  34175,  96281,  51248,  84126,  16903,  53158,
       139348, 136903, 152741,  33996,     41, 126478, 107655,   3695,
       118294,  38330, 130054,  17669,  27834,  81458,  61779, 131224,
        91486,  41584,  57600,  64715, 150033,  24184, 137067,    875,
        39463,   6908,   6917, 153930, 149414,  86251,  36575,  86699,
       133011,  87571,  75490,  28926, 127082, 147101, 113028, 123539,
       131369,  53537,  19462,  19226, 101045, 121307,   8473, 149695,
       111727,  23681, 117195,  83446,  26792, 136092, 148458,  11823,
          446,  19293,  72125,  98349, 134716,  39146,  33524, 128136,
       131766, 109981,   6287, 144596, 151024,  41144, 128342, 135340,
       131533,  74327,  11908,  16217,   1023,  35320, 106366,  60164,
        37299, 150799, 152719,  69786,  20573, 127960, 148628, 129713,
       102301, 114004,  75088, 147648,  70227,  91573,  38172,  89721,
        96057,  13819, 105402,  99735,  47748, 100201,  30732, 101866,
        28067,  45238, 150884,   5869,   1983, 152240,  52944,  70145,
       108499,  88275, 142330,   7240, 137297, 133817,  80425, 121892,
       137511, 139665,   2116,  18849, 114701, 140711,  48337, 146346,
        10759,  21167, 142225,  28360,    162, 125956,  78684,  28234,
        67046,  29060,  32997,  82477,  40473, 108943,  50539,  86126,
        74017, 116111, 132401,  89620,  16396, 116112,  87680,  77691,
       101382,  90562,  48265,  67499, 136205,  69778, 135136,  25710,
         2069, 136220,  32046, 119140,  39239,  63230,  10532, 141753,
       136911, 108106, 115334,  61849, 114243, 138359, 153557,  12746,
        32269, 129893, 110956,  47500, 127229,  89927,   3822, 112806,
        13822,  28937,  88606, 129362, 101124, 102028,  65935,  86417,
       108797,  54583, 143963, 136660,  26709,  47209, 150544, 104383,
       128914,  95874, 144667,  73699, 134219, 120265,  16208, 119364,
       138076,  27189,  44986, 101040,  70846, 116471, 137381, 141968,
        63901, 117332, 122552,  41708,  32856, 105414,  77639,  60949,
       125050, 102762, 125206,  52788, 123741,  50871, 128111,   7062,
       116257, 134524, 141067, 151181, 110432,  27682, 152303, 130668,
        70107, 133186, 126373,  25814, 136367, 131651, 140679,  54549,
       143558,  11031,  85557,  85636, 101578,  50415,   4846, 112131,
       121467,  76865, 131426,  69341, 138525,   4933,  38153,  17802,
        78902, 127290,  40458,  46722,  73135, 150610,  73156, 141990,
       148160, 136900, 116742,  13665, 111824,  53953, 141165,  79785,
        40490, 137334,   8241,  92193,  74501,  76109,  90937,  51888,
       135105, 144039,  74824, 152548, 137030,   3258, 120842,  26776,
        77956,  98118,  92584,  97353,  27805, 104099,  47839,  54353,
        20888,  26935,  52047, 143711, 152906,  21062,  17910, 129155,
       147594,  13711,   1153,  36292,   8563,  95749,  68261, 132098,
        56088,  10126,  65964, 151593,  42918,  15839, 117889, 145487,
        59863, 152861, 141998, 130875, 132676,  67815, 102849, 139511,
       121692,  37535,  77504,  23052,  19287,  27377,  33093,  25243,
       124658, 113593,  78119, 137875,  98442,  28224,  89332,  37034,
       107754,  60954, 135060,  40850, 126208,  96663, 119111,  91467,
        85909, 142708, 152483,  13086, 148044, 125076,   3080,  74781,
        40789,  26772, 138237, 125883,   3116,  79272, 134956,    649,
       148082,   7124,  80049,  92105, 152956,  20894, 135468,  18171,
        63862,  12596, 149985, 121456, 115144,  61785,  43686,  23757,
        30470,  32093,  66574,  47514, 143483,  53338, 146334,  47068,
        15831,  30494,  37297, 150625,  61659, 136881, 115881,   3090,
        49200,  77709, 153294,  21986,  19025,   3890,  71181,  77073,
       105099,  39779,  30295,  89358,  58887,  74658, 106634, 120709,
        19266,  56366,  17322,  39234,  41142, 115305, 151998, 116271,
       152553,  96411, 151861,  20160,  12462, 120614,  97681,  52204,
        31445,  38888, 152941,  18346, 117270,  25653,  38667,  50730,
       122097,  48906, 149115,  26809,  65701,  12846,  48416,  69094,
        84085, 121382,  67947,  81387, 146349,  97571, 130026, 151064,
       145518, 119310,  88282, 143204, 120442, 112875,  59418, 135337,
        62072, 136133, 153297, 144316,  22505, 135769, 106321,  79368,
       116351, 131840, 109815,  26221, 105631,  86585,  84176,  15751,
       105665,  55221, 129574,   4583, 119906, 119709,  65144, 110654,
       103621,   9733, 134781,  51074,  96780,  28555,   4883,  64054,
        92859, 140853, 139193,  44798,  29626, 130292,  85655,  86848,
        36610, 150095,  24226, 117772,  52187, 109489, 125495, 133961,
        54003,  48412,  31141,   9071,  88042,  84893,  83087,  84539,
        21937,  21828,  18314,   5834, 113968,  13153,  53721, 129598,
        73791,  71643,  57604, 153325, 145084,  29604,  88653,  15727,
        63653,  69174]), array([119768,  35493,  48528, ..., 144802,  41796,  37687])]
shape of feat_train: (11544, 602)
Mean accuracy: [0.9263002855387287, 0.00047810449677179934]
