Namespace(dataset='flickr', dropout=0.0, epochs=400, gpu_id=0, hidden=256, inductive=1, keep_ratio=1.0, lr=0.01, method='herding', mlp=0, nlayers=2, normalize_features=True, reduction_rate=0.005, save=True, seed=1, weight_decay=0.005)
size of adj_train: (44625, 44625)
#edges in adj_train: 218140
Test set results: loss= 1.5509 accuracy= 0.4711
idx_selected :  [array([10109, 13036, 34528, 35189, 20744, 24292,   922, 13182]), array([23596,  6304, 15454, 36938, 34437,  5313, 36427, 36966,  7060,
       25811, 34612,  4591]), array([23647, 40715,  7405, 18412, 26170,  1441, 38469, 10154, 31928,
       27269, 18167, 35583,  4077]), array([34029, 20802, 15198,  6692, 27683, 30328, 22983, 12974, 27823,
        9376, 18329, 13241,  8373, 32288, 23961]), array([43567, 11840, 28291, 34383, 42368,  6674, 18174, 41217,  5221,
        4407, 44195, 12103,  4475, 41442, 37052,  3150, 13516,  9709,
       39370, 44209, 37372]), array([10794, 13630,  3910, 29913, 39845, 26332, 44080, 44458, 19102,
       29556,  9087,  7552,  8158, 37337, 31035, 21039,  2513,  1890,
       32401,  1497, 10916, 38349, 41167, 15999,  1327,  9884,   711,
       24691, 27507, 41718,  4978, 16338, 10409, 37798, 23377, 42360,
        3310, 29006, 41044, 40604, 23943, 21642, 19397, 40236, 34576,
       16255, 27448,   570, 40599, 12517, 26859, 39980,  9925, 16926,
       31010,  1345, 18467]), array([ 5948, 18914,   911, 12995,  5666,  8107, 24825, 33414, 27864,
       15783, 10495,  5352, 24698, 22377, 10584, 24168, 10900, 19152,
       43601, 35395, 17393, 22186, 19340, 15517, 35209, 36574, 42792,
       10035, 26904, 21331, 41394, 21126,  9780, 44401, 38221, 18637,
       23049, 34264, 29568, 20704, 36715,  7780, 30529, 13089, 29379,
        6973, 43975, 11480, 16030,  7523, 37046, 34825, 13632, 14994,
       29564, 22047,  4842, 34379, 20318,  5301, 20527, 42146, 32274,
       40549, 29496, 21038, 17099, 16809, 20206, 35563, 14316, 11257,
        2297, 44239, 35394, 31950, 24328, 30760,  3154, 18435,  4444,
        4354, 17678, 22571,  1485,    20, 19643, 40311, 22705, 24586,
       35318,  9928, 15767, 37332,  9870, 26932, 11860])]
shape of feat_train: (223, 500)
Mean accuracy: [0.4478196567023708, 0.0050220076816141655]
