Namespace(dataset='flickr', dropout=0.0, epochs=400, gpu_id=0, hidden=256, inductive=1, keep_ratio=1.0, lr=0.01, method='herding', mlp=0, nlayers=2, normalize_features=True, reduction_rate=0.005, save=True, seed=1000, weight_decay=0.005)
size of adj_train: (44625, 44625)
#edges in adj_train: 218140
Test set results: loss= 1.5400 accuracy= 0.4738
idx_selected :  [array([20803,  7787, 24532,  5803, 12330,  3265, 32036,  6572]), array([23596, 23363, 28536, 34612,  4591, 31567, 39036, 36427, 26839,
       27629, 32903,  7060]), array([20584, 40715, 23647, 34833, 24161, 13279, 25834, 26374, 26673,
        1080, 15166,  4276, 27559]), array([ 3810, 12178,  9074, 34511, 12523, 35824, 22983, 12974, 34310,
       15161, 27683, 28097,  8516, 26022,  8373]), array([10040, 31990, 31003, 21118, 21368, 28237,  5480,  5678, 22954,
       12569, 30948, 15959, 30255, 37010,  7829, 22046, 35858, 36409,
       30622,  9123, 44209]), array([13630,  4778, 14733, 40186, 20908, 14423, 44458, 23943,  2758,
         711, 26332, 44080,  1497, 35406,  7552,  8461, 17109, 35073,
        7327,  1327, 15999, 19397, 18467,  1890, 33450,  8535, 13379,
       20836,  1932,  2358, 26200, 24691, 12501, 37337,  9746,  5389,
       10409, 40236, 16746, 41718, 36156, 16338, 19433, 21039, 19102,
       37798, 11270, 28006,  2513, 12517, 28956,  7691, 38092, 39975,
       25512, 31083, 12398]), array([12995,   911, 26932,  8107, 40549, 16795, 22349, 11860, 43601,
       12114, 18637, 19643, 19340, 22186, 31821, 38810, 32995, 20527,
        5236,  5061, 42806,  7197, 26904,  8545, 42792, 24698,  7523,
       30248,  5301, 43482, 40976, 27864, 12556, 32274,  9501, 11257,
       38221, 18435, 14436, 15783, 19152,  5251, 32200,  5623, 35304,
       10035, 12160, 14207, 17393, 13782, 16679, 21331, 22377,  4637,
       20916, 24825,  7224, 43975,  7954, 29481, 14994, 11254, 27997,
       44440,  5948,  3154,   643, 27617, 34034, 10900,  3760, 42835,
       40846, 41394, 26351, 34825, 30529, 13089, 32231, 35782, 17186,
       43031, 19665, 34379,  7807, 42832, 43903, 31950, 23977, 27336,
       13271, 21038,  6525, 12352, 29379, 23437, 29496])]
shape of feat_train: (223, 500)
Mean accuracy: [0.43879801012862457, 0.004662788925781658]
