Namespace(dataset='reddit', dropout=0, epochs=400, gpu_id=0, hidden=256, inductive=1, keep_ratio=1.0, lr=0.01, method='herding', mlp=0, nlayers=2, normalize_features=True, reduction_rate=0.075, save=True, seed=15, weight_decay=0.0)
size of adj_train: (153932, 153932)
#edges in adj_train: 10753238.0
Test set results: loss= 0.4646 accuracy= 0.9393
idx_selected :  [array([ 13694, 111146,  16130,  14334, 115195, 140821,  50177,  55723,
        19330,  88293,  93033,  59367,  90507,   4947,  18095,  99629,
        28417]), array([ 97335, 109506,  32563, 132075,  36543,  54753, 139038, 114163,
       134471,  49905, 139551,  75220,   2869,  11206, 136234,  38008,
        33734, 134939, 108011,  55356,  82018,  28473,  66780,  75459,
       102967,  53126,  25462, 141449,  84516,  87547, 143129,  47379,
        94065,  29203,   8872,  83106, 143678,  36020,  31415,  92608,
       134926,  99427, 152523,   3454,  71712, 109081,  79466, 143537,
        89772,  60680,  39480,  92890,  38138, 136681]), array([ 67316,  29987, 134983,  74451, 151853, 140447,  80464,  25111,
        84153,  56074, 113487,  85304,  63981,  19161,  23562,  74959,
       135154, 139821,  52459,  64657,  96494, 133563,  27757, 125410,
       108455, 141542,  87910, 141484,  93262,   5992,  10045,  80143,
       140892, 117972,  43451,  55058, 121834,  79666,  15176,  18549,
        56903,  25607,  31146,   3169,  66840,  74440, 101505, 144924,
         9994,  50989,  11687, 109894, 138708, 113925, 104260,  69599,
        43315, 116321,  42138,  84815,  90521, 113983, 142903,   5040,
        81343,  16337, 122715,  47849,  67465, 152500, 103747, 142138,
        22796,  70056,  80764,  60472, 105521, 147476,  72146, 149581]), array([ 36456,   3727,  54399,  91819, 103307,  25555,  94720, 130112,
        55040,  49871,  78966,  19336, 106473, 143014, 132824, 145970,
          393,  80048,   2506,   8569,  62910,  14125,   8578,  28110,
       119133, 128530, 116835,  45999, 108407,  12314, 143900,  34064,
         4014,  14714,  20561,  79468, 144219,  89131,  60223, 105478,
       126926,  61627, 142664, 114533, 117627, 115630, 126501,  87308,
        82516, 102621, 112209,  75891, 108038, 149081,  93928,  99671,
        93060, 109349,  23729,  86600,  89641, 149821, 103494,  27592,
         1706,  98127,  55697, 104044,  99348,  54016,  99667,  69016,
        15196,  13992, 131873,  92379,  52594,  91369,  81453, 122385,
        22167,  97031]), array([113413, 109915,  85059, 122185,  84576,  85202,   6425,  52201,
        51709, 123696,  95486, 115852,  81497, 134521, 126767, 143281,
         8605,   9498,  50892, 109495,  44701,   7608, 129395,  31262,
        48266,  55496, 135087, 122035,   3185, 146494,  87659,  33290,
       143721, 142463,  11729,   6580, 123541,  17941,  64268, 144063,
       104794, 124251,  32926,  86076,  32533,  52926,  59835, 120446,
        33701,  57294,  68215, 115060,  50899,  73322, 116854,  25441,
        75931,  52741,  10541, 119857,   3439,  60486, 137049, 102214,
        15653, 126242,  40364,  67596,  54965, 152348, 141006,  50196,
        18266, 147440, 139095,  33522, 143295,   5569,  23303, 137271,
        45501,  83706,  55708,  85731]), array([ 82638,  33889,  17577,  87818,  42553,  69130,  84147, 135607,
        62269,  26383,  50319, 116946,  39607, 134123,  22906, 128073,
        48461,  22682, 111678,  70102, 113612, 146276, 139614,  90445,
       104090,  47412, 126899,  17879,  43280, 111755,  75582,  96492,
       131380, 105661,  22740,  41523,  83014, 123980,  38104,   6699,
         5513, 140198,  19282,  95194,  72669,  52388,  88841,  85860,
       112537,  28260,   7271, 142871,  14837, 114026,   2000,  31437,
        61792, 130267,  12208, 112200, 103906,  83448,  51598, 108616,
       101989,  82522, 141873,  13813,  61388, 152927,  39805,  83039,
       103849,  53658,  79877, 113014,  49452,  48330, 142816,  96140,
       139447,  77052, 121641,  81629,  52559, 131749]), array([112977, 117286, 112905,  98468,  24081,  75511,  67021,   9410,
        60723,  75721,  58492,  81197,  98571,  34702,  72205, 145672,
       104498, 114818, 100758,  88598,  44102,  18974, 126558,   5314,
        37852,  23718,  62546,   4132,  43141,  66144,   7968, 143122,
       120640,  97781, 117320,    133,  29552, 119854, 121316, 148755,
       133447, 127449,  96371,  56666,  66454,  15629,  38960,  96408,
       119255,  95078,  46612,  99293,  46926, 135441, 135986,  36331,
        70704, 129700,  95555, 131393,  14007,  14231, 130876,  62791,
        40961,  26629,  18544,  73009,  21954,  60697,  13894,  54529,
       150745,  94797,  76024,  38786,  60219, 119490, 136399,  91129,
        22284,  59309,  10058, 101840, 130566, 127571,  47984,  61107,
        95981,  58414,  38078, 117905,  75648,  75471, 122347, 125530,
         7008,  58136,  71716, 126264,  72654, 101461,  16594, 138333,
        86261,  54477,   5738,  99481,  94749]), array([132163,  51002, 114473, 128437, 120221,  42238,  16082,  52754,
       104908,  78092,  71690, 107456,  32251,  38840,  85112,   7814,
        27996,  70631, 110087,  40998,  57260, 119892, 110367,  90815,
        81432,  14076,  95863, 110189,  11923,  19891,  56709,  67098,
       134559,  66754, 123949,  92259, 152050, 108582,  66197, 126449,
        87540, 150140, 109218,  81073, 133830, 122529, 142356, 138655,
       112312,  30808,  47890, 151551, 133494,  50518,   7829,  40896,
        20212,  63714, 115175,  32435, 144041,  60151,  39445,     82,
         6441,  40948, 134679,  82873,  97839,  27349, 106465, 139897,
        74313, 151018,  58017,  97022,  56510,  41158, 116345, 125012,
        63820, 142634,  15885, 105574, 139617,  94369, 140232,  32042,
       105666, 112074,  98541, 129070,  89632, 121662,  51786,  26263,
        77877,  29039,  33768,  60330,  48201,  96719, 126811,   1600,
       113434,  35235, 103443,   4780,  50915,  99105, 110698]), array([118520, 101665,  95052,   4011,  35734,  59165,  82788,   1070,
        59087,  11776,  58598,  96251,  98043,  93059, 103284, 131014,
        95918,  63586,  40929,  38565,  70775,  55355,  77487, 123621,
        66790, 110403,  91014,  88712,  75439,   1029,  66902,  74064,
        60712,  80989,  26960,  85953,  30581,  92786,  64869,  61501,
        53783, 152329,   4758,  23841,  76097, 142399,  53884, 136457,
        81270, 113151,  98438, 127055,   5055,  84350,  64769, 153821,
         7136, 120090,  76950, 101780, 131964, 114290, 129942,  51060,
       125171, 153400,  70171, 128197,  27403,  72975,   6253,  90188,
       147850,  52912, 115751,  75133,   6992,  89439,  51994, 115580,
       117058,  67356,  92144,  20586,  88743,  78624,  36462,  22659,
        64075,  19959, 138477,  36852,  42722, 144337,  99696,  60120,
        95353,  26381,   6189,  85933,  13934,  69645,   8254,  51119,
       138861,  22787,  68528,  70683,  99686, 125254,  43435,  27644,
        87969, 105581, 142683,  29516, 118863,  31902]), array([ 28638,  15991, 110337,  86229,  34880,  81357,  99651,  45907,
       146973,  84937, 106669,  47101,  44493,  11487,   2477, 109606,
        34334,  42782, 115258,  34656, 120518,  12834,   3633,  48171,
        38526,  27563,  81293,   1371, 113644,  95213,  16723,  48780,
        31790,  80505, 139204,  97744,  72186, 117527, 131116, 133078,
        85978,  96765,  63425,   9460,  47401,  55875,  76345,  50122,
       137857,  70827,  34364, 133750, 121827,  91329,  59410,  65128,
       106053,  15819,  55189,  24622, 122139,  96785, 103349,  64462,
       120477,  56780, 138072,  92241,   7133,  67703, 107624, 127634,
       142094,  10872,  61903,  14005,  73555,  82042, 116376,  68007,
       118643, 121789,  91031,  89496,  47792,  36433,  83988,  37705,
         2742,  33883, 130008,  74516,  69186,  30094, 109755,   1854,
        45332,  70329, 114652,   8118, 124992,  16960,  72712, 110990,
       114321,  53351,  34764,  24703,  48220,  38454, 139369,  94597,
        36224,  40154, 149754,   9130, 107587, 147644,  68183, 139735,
        66548,  96527,  77315]), array([ 77495, 125542, 100804, 145353,   2623,  59985,  78387,   1116,
       153834,    961,  45170,  35453,   6852,   8929,  98743, 125343,
       102112, 126479, 125418,  31975,   4905, 148815, 145673,  48331,
         3133,  57186,  47281,  21870,  71198, 107176, 123792, 148138,
        68137, 150609,   5983,   5217,  26880,   3981,  81963, 132586,
        39024,  77922,  99785, 111411,  66142,  18459,  96790,  38251,
        52801,  59117,  28377, 132343,  28550,  72917,  62268,  55484,
        47243,  92006,  56748,  87905,   3118,  56092,  89831,  74796,
        16709,  48689, 128002,  72880,  97073, 124610,  55112, 111629,
         4756,    118,  57894, 137374,  11020,  57192,  25490,  81155,
        43342,  40329,  88733, 107549,  73518,  98600,  54230,  28923,
       120230, 128377,   7744, 113534,    955,  17338, 139510,  69027,
        49915,  42741,  71811,  50647, 130640, 151359,  38144,  45849,
       113250,  92285,  14124, 136002,  12858,  29698,  96298,  30086,
        74269, 137618,  45426,  41825,  79113, 148488,   6587,  13878,
       151866, 111728,  39114,  98848, 135357, 133184,  77490,  57750,
        50849,  47117,  44576, 131382,  82485, 143693, 109720,  74844,
        26139,  72446,  10372, 123771,  40194,  16197]), array([103974,  54530,  58415,  36095,  93400,  57375,  90805, 108579,
        92516, 112619,  97595,  91154,  19214, 112037, 118869,  37043,
       147698,  84111,  75706,  89019, 139169,  33305,  15304,  90475,
        96867,   1944, 116951, 103589,  92297,  29804,   6201,  39784,
        95219,  25938, 150260,  63080,  91743, 141886, 126803,  73784,
       113248, 134712, 102288,  49282, 102718, 126787, 134620,  58134,
       134088, 143053,  12511,  46790,  17688,  53866, 107165, 117509,
        58327,  42340,  10828,  18255,  57789,  62361,  67190,  79913,
        68519,  62824,  54055, 101649,  28094,  14368, 106607, 143726,
       105922,  65430,  26404,  19779, 119052,  62114,  90565,  84918,
        57289, 132806, 141799, 152464,   5967,  43077, 132898, 100637,
         1965,  38241,  55541, 100819, 144995,   6711,  99937,  29741,
        56211,  55142,  37879, 125457,  31057, 121421,   1477,  79122,
        22856,  37153,  72822,  93840, 130812, 107136,  20901,  57193,
         7134, 123370,  22820,  86957,  36590, 140009, 109101, 108798,
       130882,  10909, 111822,  45116,  52355, 137859, 132135, 108553,
        61656,  98794, 103313, 102609,  94099,   7193, 105322,  70462,
        46736, 140882, 101020,  53485, 153926, 114148]), array([ 98249,  48037,  36670,    631, 103191, 107048,  46920, 113731,
       101970,  45437,  98307, 104762,  71102,   6617,  41317,  59930,
        53895, 112217,  59290, 108071, 143649,  49212,  57964, 153034,
        73646,  94360,  91135, 131501, 110396,  25150, 144176, 153685,
       150205,  65880,  68143, 128588,  28057,  35779, 136905,  66244,
       133593,   7025,  30025,  40914,   2956,  72677,  72705, 138345,
       101549, 141296,  40699,  56093, 143563,  26303, 107832, 135842,
       101681,  58559,  94064,  28392,  24601, 132041,  54371,   3018,
        36161,  16623,  45930,    995, 128205, 118301,  77967,  45441,
        52239,  51911, 123727,  53827, 118305,  72652,  14827, 122438,
        62101,  66698, 140269,  69202,  34067,  21820, 130323,  23584,
       110311,   4696, 144110,  78324,  58268,  22154,  96917, 112007,
       129417,  96565,  10201, 133441,  75660,  15918, 142837,  83815,
        72872,  63626, 150562,  26058,  61625,  15715, 148305, 141476,
        53670,  49743,  72686,  48241,  57864,  54289, 141214, 118196,
        29198, 105049,  89609,  18591,  33030,  66675,  70708,  20840,
       110055,    863,   9058,  94401,  98557,  28353,  77435, 109743,
       145142,  80999,  30416, 131444,  61277, 115074, 118022, 107115,
        47690,  45345,  31839, 127532, 121328, 123996]), array([135952,  74183,  86581, 104505,  12328, 151383, 104431,   1975,
       132964,   9384, 135294,  33758,  47361,  71209, 110268,  90916,
        31424,  97606,   8777, 138865, 143029,  41890, 108350, 136371,
       116435,  62602,  23132,  94862,  30136,  27191,  11104, 119601,
       103987, 138509, 141499,     76,  90649,  65038,  57201, 133189,
        30816,  78731,   7206,  38796, 115674,  81590,  28322,  18307,
        18901,  74951,  85895,   4719, 129399, 131692,  80112, 130968,
       113735,  58966,  11591,  10267,  21208,  19601,  38619,  87713,
       105096,  83131,  25414, 115172, 149195, 105895,  33842, 117352,
        95977,  76447,    581,  15384,  48178,  38756,  54982, 128106,
       130022,  35532, 120612, 123767,  25522,  13864,  47118, 122104,
        65711,  42694,  52371,  84112,  63445, 147577,   9221,  29283,
       101157, 125954,  63603, 138987, 119933, 130151, 145251, 119419,
        67411,  57075,     53, 149272,   6987,  38630,  11838, 100039,
       146267, 150665,  91304, 117268, 124545, 153544, 126136, 125377,
       147084,  68299, 132144,  68189, 128860, 138129, 121111, 146169,
       119819,  56797, 147555, 131640,   1054,  94371,  73991,  18683,
       114819,   2104, 109445,   2949,  20207,  35666,  14763,  83932,
       147332, 148489,  52535, 146142,  88876,  62724,  29354,  14605,
        69506, 148115, 126871,  63152, 114309,  67779, 130465, 109759]), array([  8560, 104803,  10113, 110635, 132162, 121242,  50827, 104964,
        91516, 122672, 138437,  27086,  43431,  35285, 116286, 114346,
        15554, 123975,   1926,  62986,  92062,  16653, 133482,  43551,
       133545,  13265, 127157, 150687,  59670,   6916, 134237, 142677,
       105124,  40602, 138001, 148321, 153022,  26586, 116281,  74293,
        28657,   1768,  61057, 145278,  78263, 111036,   5403, 100873,
        82757,  44652, 114694, 145489,  30356,  61484, 104916,  59665,
       142035,  58759,  57726,  96995, 135718,   8819,  16685,  76147,
        65666,   2269,  37347,  85950,  77500,  67754,  67767,  70684,
       124615,  62143,  47436,  80169,  58402,  74121,  23117,  22409,
        33775,  13923,  66623,  95617, 126697,   5096,  31807, 134063,
          700, 123689, 149331, 124196,  20292, 109019,  27452,  46919,
       129693,  12748, 132468,  74010, 114692,  54257,  34803,  76628,
       136363, 130696, 110000,  55701, 146625,  49310,  12700,  40016,
       117593, 137542,  95746,  20619,  23225, 122331,  64180, 145243,
        81647,  97020, 108225, 152019,  33137, 114285,  93902,  55117,
       115983,  54775, 125843,  90493,  91814,  12968,  71303,  36498,
        15681, 138471,  56658,  83398,  40224,  36160, 109783,  29411,
        36515, 142031,  56726,  17930,   4609,  20943,   5463,  10229,
       106214, 137116, 139113, 143421,  87520,  28903,  46761, 150704,
        53571,  43365, 132571,  90913,    676,  48733,  53003]), array([ 25595,   6381,  52385,  49569, 150675,  15388,  40993,  73249,
        33796,  76296, 144884,  25947,  49208,  44804, 144782,   3350,
        74453,  93809,  79006, 109701,  84739,  30373,  98135,  20391,
        42479, 150000,  62314, 118781,  54909, 109646,  94651,  19943,
       113064,  80482,   3802,  11831,  11543,  20755,  29096, 109918,
        47902,  94648, 107442,  13242,  72098, 129557,  86687,  66318,
        19647,  17374, 142125,  87931,  54450,  92412,  37712, 106825,
        41761, 119557,  12430, 115191, 142285,  80003,  92892,  63806,
        98263,  64198,  33746,  19168,  28189,  78199,  45236,  21763,
        17099,  80875,  57535,  71288,  68006,  43897,   1379,  83708,
        85512, 107571,  85846, 104263,  89635, 149826, 115493, 102518,
        29566,   9440,  72860, 153333,  26762,  11844,  50401,  39936,
        35872,  92875, 126889,  44370, 148839,  56323,  21940,   6325,
        18594,  97602,  61055,  24671,  87039, 121244, 120485, 153153,
       105214,  86855, 136126,  51877, 113860, 105682,  40843,  37843,
       102623,  48703,  55831,  19602,  29653,  14680,  34622,  79296,
        43585,   8814, 105486,   6642,  56731,  28485,  28368,  11945,
        60527, 141424,   7181,  69722, 106220,  39599,  31027, 109558,
         5488,  74209,  28466,  27561,  74127,  16185, 111740,  27461,
         5776,  17719,  82664, 104252, 104722,  64152,  82653,  35277,
       147022,  76924,  34719,  96049, 106908,  48847,  21094,  36162,
         4813,  38040]), array([ 26937, 135092,  16767, 118385,  77966, 140926,   9198,  52561,
       123838,  46021, 130424,  95809,  33791, 148186,  50255,  29737,
        73151, 146800,  98494,  87214, 108515,  98244, 118618, 121390,
         3224,  94920,  73879,  13081, 132501,  26846,  64916,   6544,
        83216,  30911, 128707,  38564,  96078, 148285, 150430, 139197,
        74302,    263,  99285,  31816,  53258,  94355, 124418,  89505,
       129995, 121668,  96579,  41228,  24811, 151444,  75193,  57164,
       148887, 117002,  88480, 137109, 153231,  15642, 118047, 151413,
        71336, 123212,  24532, 138322,  88018,  71311,  29902,  76457,
        54095, 149746, 129327,  68406,  95845,  99462,   6121,   5406,
       131807,  98615,  98321, 127826, 131813, 138986,  45955,  72061,
       147731,  28924,  92122, 121334,  91965,  37736,   9023,   7886,
        33504,  82525, 109072,  58397,  65906, 148875,  61602,  91662,
        34923,  97354, 118979,  44427,  14866, 145379,  49527, 102436,
       144015,  59305, 106060,  35193, 127550,  27947, 100983,  74741,
        73837, 149317,  42777,  15206, 112617, 124101,  97164, 144532,
       105808,  56687,  64051, 107435,   2002, 145947,  17317, 136667,
       126718,  67802, 105703,  79332,  40760,  13945, 132270, 143354,
         4018,  94290, 149808, 126562,  41721,  10796,  53917, 125959,
        36807, 134210, 138815,   8188, 104601,  69173, 131769,  45097,
       107854,  90489,  22224,  13025,   7056,  55047,  61165,  69576,
        85983,  73951,  29889, 146823,  36851,  99793, 129849,  35520,
        87300]), array([ 67576,  58175, 144801, 129902,  16544, 150182,  93713,  42843,
       150291, 123547,   2707,  54209, 120668,  22215,  58249, 108067,
         2722,  27793, 122105,  16804, 148813,  28257,  41806, 134629,
       140353, 114354, 128252,  71000,  85487, 100922, 114075,  15521,
       117958, 141964,  81296,  19832,  89298, 123964,  10444,  78243,
        22272,  68204,  81033,  11213,  60423, 129903,  68866,  85422,
        71949, 138398,  51660, 116150,   1656,    740,  70700, 133324,
        19155,  69870,  93816,  69304,  68346,  29297,  47175,   8675,
         5135,  96650,  26716,  27908,  99094, 133509,   7151,  15891,
       104453,  25520,   3564, 136400, 139181, 101937,  57466,  23019,
       126980,  59981,  76798,  21976,  56281,  57973,  35497,  14174,
       110390,  40362,  71922,  24048, 125936, 108224,  48236, 148225,
         9121, 134501,  84579, 122397,  88763,  95969, 128296,  54760,
         4944, 129726,  64231,  27583,  59688,  83693,  35268, 102971,
       119907,  55892,  30462,  65514,  97904,  46988,  76989,  11341,
       109723,  52100,  85679, 137291,  43024, 133682, 122068, 149792,
       129271, 118474, 151816,  93587,  84562,  80725, 136295, 145036,
       146438,  63611,  40469,  26543,    769,  19912,  85205,  78064,
        15164, 100820,  28015,  97551,  35201, 115974,  79149, 118791,
         3195,  30125,  38897,   4960,  56126,  47784,   9754,  60461,
         8093,  83897, 100387, 109942,  37358,  59249, 149408, 116526,
       119216,  13750, 141875,  61392,  96823,  72973, 150871, 138751,
       132050,  56965,  54139]), array([120018,  67810,  82106,  76430, 117425, 114922,  25870,  79172,
        82249,   6923,   5290,  36340,  46171,  21807,  49656,  82384,
        89780, 102180,  92908,  77633,  37641,  49960,  62606, 118746,
        74766, 125642,  97534,  49033, 123723, 124805, 104846, 147311,
        63121,  64555, 108732,  43061,  41445, 134628,  58404,  47903,
        83960,  16019,  38412, 108380,  54707,  98727,  51792,  79141,
       114863, 153757, 113203, 103338,  26218,  42530,  53472, 102189,
       110289, 152800,  60177, 151128, 111888,  61489,  98602,   7449,
        27148,  22717,  77329, 126648, 146733,  58695, 107674, 118158,
       131455, 152024, 146092,   1263, 116028,  51747, 137364,  55236,
       126284,  38708, 135316, 141709, 109280,  93791,  84174,  72760,
        92758,  88646,  88906,  86192,  97769,  61351, 114906,  79109,
        35221,   9666, 116975,  27632, 139845,  10135, 106312,  64349,
         4251, 135427,  99312,  55030, 151554, 108795, 123850, 113960,
       104639,  61070, 100981,  30265, 106593,  46851,  33343,  70860,
        51532, 123562,  60765, 112800,  81448,  42957,  46079, 146087,
        46233,  73136,  90901, 153514, 113276,  85476, 119189,  58287,
        45559, 104936,  79090,  40750, 114093, 134109,   2593,   3469,
        97566, 129123,  51481, 131262, 115836, 146186, 111267,   6813,
       123241,   2948,  89676, 110583,  32474,  68699,  57501,  87183,
        62493,  44134,  75469,  66276, 116372, 133216,  37005,  88101,
        88477, 119477, 114235,  28331,   7578, 152747, 123132,  39258,
        37319, 104958,  45853, 109652, 119206,  37857,  26275,  19265,
        30067,  98091, 142957, 133575,  17107,   1655,  38832,   6301,
        94017,  35133,   9488,  79780,  14488,  44683,   4001,  33247,
       113611,  88079,  47948,  60121,  64021,  11586,  23752,  31889,
       114090, 143591]), array([  1246,  32150,  36113, 130353,  13986,  45117, 127398,  73873,
        42084,  23855,  13833,  32731,  52160,  81482,  86369,  76174,
       115996,  79083, 152559,  25188,  60915,  58348,  11403, 123504,
        49441,    367,  12694,  29648,  92295,  92248,  18477, 149584,
        82968,  50917, 125380,  93671, 105764,   2365,  88626, 145933,
       114469,  92833, 150900,  10476, 122390,  15825,  14219,  56309,
        85162,  33829,  51690,  84773,  56180,  51503, 104049,  13839,
         3992,  13235, 129703,  29603,  19518,  64081,  83841,  21704,
        75646,  55609,  42726, 110397,  16252,  15886,  36700,   2196,
        18702,  51671, 151814,  61502,  24055,  39932,  19112, 107577,
       129083,  12630, 116804,  54899,  93519,  14418, 143881, 120417,
        24556,  50115,  97675,  77551,  72754,  69928, 130857, 150696,
       150415,  66228,  37001, 108518,   9979,  61576,   6153,  32843,
        60254,  48419,   6294, 151041,  10040,  73925,  47768,  98824,
        48226,  48002,  54442,    923,  70888,  63122,   7617,   8071,
        82065, 134006,  39918, 117218,  75580,  45871,  55526,  74109,
        43032, 102896,  57463, 134270, 103312,  23550, 110443,  27056,
        57718,  13561,  76824,  18635,  56602,  33602,  20987,    243,
        44413,  90622,  55811,  97828,  21052,  52596,  56863, 123091,
        79301,  84420,   4209,  54256,  97380,  47104, 106551, 118815,
        63962, 143236, 119913,  48031,  26699,  19651, 143329, 119101,
        98053,  81507,   3201,  19771,      6,  28194,  43624,  67075,
       117845,  61120,  76392,  18670,  33601, 141881, 149068,   4711,
       150337, 139774,  14823,  56235, 143889, 143272, 109075,  18602,
        58754, 120038, 122282,   4142,  50767,  92178,  58760,  32573,
        22839, 120946, 148645,  73086,  54712,  17108,   8458,  59204,
       136195,  94347]), array([ 97878,  37610,  88582,  88099,  77991,  30736,  86881,  21842,
        70658, 153070,  91575,  95407,  26353, 143229,  14216, 147035,
        52853,  56619,  98061, 103113,  60163, 141433,  91187,  36863,
       131943,  42961,  11225, 125124,  44080, 103635,  59013,  63215,
       123334,  25128,  79945,  94993, 137162,  22647, 118050,  54374,
        10751,  67036, 110064,  45155,  49789,   4897,  44235,  44145,
        88931,  37317,  59746, 136266, 124111,  72484,  17448,  10583,
        73195, 121980,  82239, 111448, 148635, 108344,  74414,  92319,
       122340,   8993, 140028,  40105,  82155,  81997, 102429,  62325,
        81092,  29223,  23224,  58893,  32880, 116672,  66855,  87324,
       130937,  27761, 131951, 126377,   8169,  82633, 111052, 134591,
        69856, 107572,  22507, 137969, 143586,  94723, 151467,  82735,
         8164, 129147,  27854,  27263,  28602, 122027, 138792,  40918,
        27926, 109169,  99786,  44234,  92607,  43707, 125349,  21336,
        23679, 119692, 123081, 146961, 111760, 111795,  24882, 149339,
       112006,  50564,  24446,  71846, 117399, 138571,  70568,  55398,
        17093,  65975, 139810,  41849, 116992,  35679,  51860, 134804,
       119010,  95224, 101575,  64700, 131065, 108402, 144817, 102670,
       136679, 110630,  97780,  68504,  97772,  85170, 122387,  93354,
       143313,  25735,  48618, 119408,  52300,  90566,  16211,  14964,
        34058, 135011,  90729,  60787,  19553,  48465,  61678, 121073,
        25647,  75696, 124925, 113707,  42899, 138846,  61383,  10642,
       153553,  88210,  37399, 139798, 116367, 102919,  49739, 153706,
        82558, 150147, 117373,  16160, 120688, 146388,  76710, 139931,
        95553,  51096, 130750,   2524,  55367, 117356,  87330,  23337,
        86503, 150813,  90844,  90486,  58582,  88237,  16827,  83760,
        76119,   9525,  41485,  82993]), array([125975,  32775, 137920, 148569,  82567, 105113,  70443,  10183,
        65853, 148024, 120475,   8150, 112047, 126923,  88364,  31770,
       106736,  22716,  67087,  67005, 133021, 140578,  58173,  50727,
        52612,  47334,  87328,  77469,  75904,   6537,  96547, 125348,
       132971,  18336,   1172,  99331, 121727,  12104,  11149,  62762,
        51492,  57825, 144695,  14041,  46427,  91215,   1129, 143903,
        91920, 151989,  85623, 145792, 134656, 147325,  14684,  23956,
         9415,   4036,  70221,  71397,  58776, 122099,  55830, 110701,
         1247,  13238,  68439,  21516,  78066, 148638,  64711, 148932,
        87372,   5679, 126381,  15192,  23577, 109837,  90868,  87611,
        35440,  67769,  15856,  86166,  45460, 142147, 104927, 149106,
        76612,  53105, 106099, 112921,  41832,  63825, 132319,  16029,
        88776,  82140,  37209, 117896,  19774,  18441, 141555,  26251,
        70038,    667,  54620, 132658,  10428,  67821,  47749, 145478,
        13740,  84041,  49217,  32110,  56370, 127491,  55155,  46556,
        69673,  19672, 142489,  20170,  94926,  68019,  12812,  74991,
       138030, 140319,  58449,  87440, 117994, 106381,  84146, 142156,
       137157, 122834,  21589, 144510,  95696, 148196,  71149, 146495,
        15258,  98919,   9249,   9945,  82672, 135647,  75402,  32389,
        11181, 133908,  82044,  28844, 131093, 143795, 127392,  15901,
        45865,  98956, 124357,  10710,   8464,  64470, 130397, 102916,
        73854,  27373,  84578,  25329,  95342, 100306,  25039,  52247,
        56566, 150514,    563,  47285,  46256, 131708,  27919,  57705,
       116246, 150819,  87564,  67114,  98765,  92638,  95105, 115517,
        46838, 105776,  14852, 122268, 136222,  40414, 128494,  65497,
       109670,  15146,  73013,  64191,  41803, 150655,  88374,  42623,
        88464,  17420,   5483,  27808,  46029]), array([151566,  90889, 137709, 112798,  39811,  33788,  26532,   1527,
        65491, 110355,  35936,  34752,  28649,  89911,  90644, 116400,
       123408,    781,   4222,  30713,  94022,  21520,  80014, 152122,
        66040,  78325,   2512, 126305,  33667, 117021, 122381, 141898,
        35210,  20532,  42640,  37860,  89731, 112191,  88133, 106574,
       100688, 112642,  15177, 111908,  35486,   9500, 122635,  57706,
        56049,  10510, 115920,  97412,  79476,  30936,  86305,  88553,
       146510,  76507,  18313,  24286, 145640, 121621, 152404, 105114,
        63430,  96574,  72128, 108310,  97233, 123291, 151184,  80958,
        39315,  45777,  77349,  65548, 108337, 124510,  36358, 137789,
       132039, 101909, 121364,  66348, 122748,  78842,  80949, 124477,
        31626, 123249,  65483, 132406,  86920,   8159, 141364,  21942,
        92152,  27742,  97439, 107536,  84502,  40225,  21701,  42225,
         2437,  14443,  56814, 144611,  34823,  85126, 121295,  17064,
        41987,   1149,   3331,  32119, 134933, 106260,  65356,  53414,
       121726,  94069, 131012,  75942,  85013,  41954,  48527,  20863,
        78059, 141897, 113410, 124939,  41421, 105638,   3527,  73657,
        88369, 144207,  85081, 144764,  27473,   8152, 102724,  25335,
        69888,   6070,    278,  98621,  87733, 102476, 143747,  22057,
        75917,  71708, 119683,  60247,  87443,   2120,  74794,  50328,
        90459,  69965, 105054,  39400,   1973, 109166, 115467,  50908,
        13104, 130298,  12456, 137002,  32973,  80184,  45747,  75156,
       112077,  39458, 111166,  21047,  48323, 131722,  92393,  43574,
        24447,  44989, 149173,  27282,  47214, 114215,  73956, 143743,
       144912,  74707,  36998,  47425,  82679,  23986, 100063,  46388,
       115672, 127817, 108530, 130738,  11723, 146898,  55107,  74718,
        14153,  60807, 143337, 138934, 146450, 153053]), array([ 24760,  16865,  49749,    304,  40492, 119346,  59956,  38989,
        53032,  61234, 146498, 107499,  10693, 115797,  96340,  10647,
         2781, 109299,  78229,  49390,  43123,  75286,  82871,  28878,
        50752,  45147, 115028,   8404,  63807,  58023, 105315,  95620,
        19387,  81071, 116961,  13620,  46349,   1788,  51594,  89904,
        79015,   1491,   2843,  59861,  51637, 150336,  20834,  46182,
        70439,  27382, 103499,  55889,  84264,  32746, 153567,  90928,
        19700, 144471,  11063,  19561,  93822,  25239, 123419, 130290,
        94057,  85729,  55080,  32062,  26931,  66625,  49583,  32541,
        73885,  64419,  49944, 145030, 135913,  98525,  93113,  58575,
        22122, 135518,  24861,   9597, 110702,  69504,  18041,  24224,
        74666,  76461, 102941, 147092, 115308, 104272,  63296,  51853,
        37773, 132206, 144854, 101110, 152280, 126458,  50531,  71171,
        53530, 126777,  25416,  14113,   4478,  62039, 121568, 148151,
        47121,  54702,  83963, 111255, 133904,  16492,  99273,  53297,
        86519,  67551,  56854,  43907, 131980,  19529,  80391, 131461,
        70071,  35944,  77535,  67378, 114640,  98463, 135258,  22726,
        73793,  67000,  10030, 119309,  21642,   1794,     79,  35369,
       145962,  55577,  63448,  46645, 146128,  66922,   1881,  31227,
       124037,  15093, 142857, 153574,  69940,   9842,  21896,    549,
        77297,  34736,  57233,  95887, 145068,  83285,  82561, 148607,
         1261, 133821, 142257, 118016,  59155, 130724,  87025,  33188,
        36619,  22992,  44842,  44890, 105109, 104427,  73450, 127016,
        96752,  48535,   1816,  49747, 106095,   7833,  66886, 106982,
        45592, 107065,  47955, 153832, 111321, 125918,  44860, 105685,
       115930,  65484, 134509,  95536, 106107, 109249,  66787,  81139,
         8994,  59445,  84515,  74599,  92845,  54576,  76172, 111257]), array([114061, 140230,  10995, 153133, 142154, 129074,  59198, 100876,
       132513, 116976,  95757,  29616, 119464,  48707, 120098,  90512,
        47276,  60804,  79959, 113494,  72092, 113157,  80075,  55696,
        58694, 133720,  36504,  32548,  89626,  96611,  53377,  76031,
        91635, 107400,  86032, 108614,  88523,  90417,   2653,  54206,
       141503,  32660,  48783,   7689,  30319, 106735,    814, 106510,
        12273, 140956,   9552,  73467,  45770,  18194,  15349,  93424,
       136373, 116990,   9142,  11799,  90597,  91078, 148536,  12673,
        46348, 117787, 100367,  42911, 100815,  54407, 121284,  62192,
       148119,  87143,  11070,  81035,  92240,   8485,  49878,  26290,
       126908,  79645, 102839, 145715, 137071, 153641,  81078,  71762,
        75842,  87275,  74570,  96175, 142397,  67431,  24306,  68408,
       147144, 130905,  54185, 147500,  30422,  98309,  73916,  30407,
       100645, 103931,  37968, 129659, 125774,   8715,  11865,  62730,
        15280,  26099, 151484,  80025,   9119,  92538,  43872, 146493,
        17854,   5029, 116674,  66736,   3966,  53348,  73068,  48234,
        12272,  83613, 135277,   1200, 119967,  80519,  33370,  31278,
        52918,   5947,  46121,    952, 144435,  66997,  75426,  48978,
        86182, 117440,  23811, 146712,   1449,  39228,  45130, 116489,
       130074,  32667, 105170,  35254,   3314,  92750, 143340, 119976,
       151609,  79607, 140109,  22009,  81871,  76028,  28262,  99507,
       121627,  45192,   6991,  28129,  45599, 136020,   5686,  25972,
        86823,  86620,  94332,  35403,  51328, 147494, 116128,  11536,
       130304,  99553,  32412,  99072,  11499,  16618, 130237,  28286,
        65661,  19171, 124857,  56148, 152961, 152732,  85011, 116737,
        22802, 114579,  16743,  85704, 131972, 114112,  62245,   5493,
        81605, 108909,  14503,  63985,  40117,  15024,  94405,   3725,
         3834, 112649, 137898,  21088,  29349, 112989, 150273, 133197,
        54225,  82043, 111395,  64671,  79674, 132261,  23642, 126299,
       110936, 108610,  30172]), array([ 77823,  16912,   4188,  93717,  89082, 104279,   1730, 120027,
       135549, 150843,  85125,  92553,   9487, 118253,  33891, 140624,
        74385,  41281, 101095,  68452, 132936, 137517, 117864, 122938,
       105306,  13345, 102127, 135787, 135360,  76235, 126329,  31879,
        56408,  49926, 102293,  13113,  88195, 105118,  23902,   3147,
        81558,  93458,  92925,  17112, 140936, 136102, 128337, 113110,
         4496,  46685,  31503,  96535, 134256, 119495,  21292,   8361,
        19584,  33577,  81564,  58922,  77064, 132172,   5073, 107275,
       141971,  31747,  63472, 104583,  16620,  80761,   9298,  66345,
        26628, 110902,  90051,  29473,  76130,  28080,  83840, 124754,
       130122,  95899, 149489,  55524,  63648,  42712, 135463,   6058,
        73158,  97260,  85796,  65832,  97258,  21756, 140281,  96089,
        81320, 140972,  69365,  51118,   4915, 111964,  78582,   2868,
       148836, 123981,  70918,    865,  99354,  99113,   8074, 118515,
       142339,  16874,  58607,  87332,  23770, 112669, 101059,   3367,
       123675,  48620,  10498, 111283,  59422,  15791, 145078,  14609,
         6768,  48441,   7867,  94102, 142899,  92752,  49619, 135424,
        75016, 127845, 128246,  95472,  38429,  75129,  69238,  52381,
        71051,  58390, 117821, 123232,  15582,  91505,  24922,  33385,
        68795,  39206,  60863, 141815,  56374,  80586,  99484,  86122,
        64090, 124454, 121020,  83276,  57696,  84425,  50242,  98526,
       123876, 102012, 104283,  66275,   9036,  53274, 120153, 105728,
        16242,  73597,  23928,  17325, 135070,  23804,  41446,  51958,
       107739,  11724, 101274,  25253,  29805, 104225, 140380,  84295,
       127172,  32729,  76337,  62218,  30046,  86266,  61164,  43514,
        79992,  72753,  80923,  85021,  42941,  40669,  22172,  95789,
       101108,  78221, 142654, 122953,  43498, 132819,  82159,  79556,
        38635, 102972,  76303,  75204, 151545,  63921,  41127,  63695,
       115955,   4636,  30597,  99134, 105196,  67220,  16388,  25211,
        75251, 114057,  54870, 122362,   9046,  85408, 143190,  21170,
       111444,  71401]), array([ 62477,  85225,  45866, 122891, 105740,  39810,  87960,  98949,
        82084,  82501,  71445,  54551, 112231, 118089,  93039, 105062,
        97547,  73020,  47681,  21048,  56060, 121607,  54377, 136406,
        39327, 119118,   9954,  53394, 152077, 121648,  20098, 118510,
        67070,   7357,  93795,   7302, 108689, 129680,  32608, 147756,
        11188, 109675,  16856,  19181,   9692,  52837,  53527,  25771,
        16532,  32892,  66763,  40837,  17644, 127671,  49657, 105020,
        81374, 129474, 149608,  20808,  23918, 113965, 141966, 100639,
        69759, 132333,  16587,  64399,   9613,  80820,  58335,  79417,
         4774,  72073,  92219,  78770,  44737,  46009, 122264,  80611,
        18551, 127725,  27527,  18899,  45575,  59026,  10700,  96646,
       134170,  66442,  22928,  88489,  52378, 106429,  95463,  89985,
        74787,   8685, 117403, 128579,  19831,  74699, 136846,  76554,
        21849,   5297,  50758,  16401, 134149, 117200, 152258,  92309,
        85738, 129999, 142691,  64323,  62070,  49957,  44793, 118036,
        27584,  48034,  69586, 122706,  66342,  36351,  11208,  28700,
       114480,    128, 141322,  30092,  15609, 152461, 122892, 103929,
       104041,  20850,  70225,  84999,  66940,  67591,  89797,  82046,
        88748, 141688,   9346, 111445, 132059,  79072, 125651,  53471,
        56500,  29799, 143665, 103543,  74051,   2825,    474,  81529,
       141331,  79278, 103121, 110372,  44800, 100978, 121547, 113598,
        80472, 138725,  12755,  88603, 114021,  67137, 110954, 102186,
        17763,  79054,  71539, 101362,  57968,  45308, 124914, 100139,
        12043, 146656,  98363, 101960,  24580, 149468, 125196, 148089,
         1196, 132864, 133829, 134530,  66512, 132682, 131781,  22326,
       129496, 101609,  94421,  70876,  23138,  92034,  50960, 133685,
       119302,  49155,  61996,  50843,  39371, 110426,  57522,  18319,
        24488, 106614, 139850,  92969,  44939, 133921,  80840,  61886,
        26821, 144792, 139489,  80148, 114263,  78076,  18100, 109050,
       128717,  81974,  62483,  14141,  61921,  21186,  68856,  72179,
       117203,  48095,  74238, 105890,  76280]), array([ 12481, 110507, 102016, 114756,  19701,  53195,  22106,  49643,
        59606,  50086,  12165,  87855,  71622, 100904,  87219, 100200,
       118402,  45233,  95912,  47225, 113053, 122934,   9542,  66018,
       137317,  99575, 148846, 146202,  12355,  94237,  29673, 129174,
         4836, 133206, 148097,  90822, 122861,  23916, 125726,  63910,
       139376,  35271,  75744,  72003, 144531,  55890, 111917, 107083,
       103946, 138778,  64458,  98554,  79536, 145572,  74155,   5565,
       113942,   3203,  36570,  90465, 132495, 123021,  96179, 103485,
        26589,  56693, 113774, 126989, 101903,  73368, 116295, 111175,
        51325,  10701,  75795, 145128, 119243,  88571,  92192, 122784,
        84090,  80568,  87927,  68009,  46386, 117969, 143817, 121966,
        56557, 101880, 116986,  72115,  53877,  47366,  56750, 105381,
        27760,  94165, 145304,  47279,  94298,  84068,  25032,  47336,
        71482,  34291, 136999, 143318,   1949, 122322,    293,  49581,
         1551,  54488,  72965,   4239, 136647,  94075, 144829,  84298,
        44086,  56327,  64801,  74790,  41594,  98930,  15845,  98994,
        77511, 143768,  27929,  57798,  42293, 153882, 110566,  83061,
         3706,  40704,  15615, 151907, 118616,  96061, 121038, 148600,
        63432, 102498, 105187,  45936, 131076,  73121, 114442,  68608,
          767, 100131,  11755, 136437, 129248,  29994, 126372, 121549,
       125882,  32658,  63788,   8496, 129199,   1365, 152987,  33132,
        67474, 111894, 143684, 103056,  39082, 100161,  89553, 117577,
        91092, 147961,  88997,  22837,  18381,  88114,  73557,  23500,
       149026,  77165, 101133,  75066, 112808, 136267, 151801,  19607,
       148824, 143443, 152080,  56799,  12089,  11739,  25744,  61016,
        27967,  35399, 138090,  78519,  15817,  71496,  61820,   6765,
        87707,  84270,  67628, 143606,  68570, 117300,  18246, 128135,
       113239,  70528, 128595,  35346, 132351,  67964,  66695,  98217,
        17142,  97246,  92474, 137003, 116066,  14450,  11658,    148,
        82109, 152375, 103219, 103830,  94946, 144812, 119061, 117881,
        33435,  91345,  12030, 121577,  85774,  10507, 101793,  44900,
        61264,  60907]), array([145649,  69890,  85499,  91562, 112978,    790,  87074, 134916,
        55235, 143231,   6817, 148034,  41985, 151360, 153813, 119564,
        75479,  76181,  82260, 153455,  38465,  56538,  54582, 145645,
        60621,  50425, 103730,  23605,  30192,  99119,  74965, 150653,
        82584,  89054, 134772,   6138,  60942, 135804,  49665, 121376,
        68004,  64728,   8785, 133660, 147368, 148609,  83881,   9668,
       129490,  99948,  71381,  37084,  28040, 141670,  14728,   1741,
        81273,  14834,  36531,  44468,  22443,  50821,  18242,  11025,
        18090, 132413,  35591,  96262,  20487, 144292,  73448,  47721,
        52210,  77160,  86222, 109957,  76464,  99153,  70884, 139760,
       150824,  12913,  44794,   6717, 142113,  76349,  46138,  87652,
        78993,   2310,  93993,  80046, 113036, 142209, 131544,  72112,
       122816,  96583,  80299,  19225, 116206, 135870, 121423,  26482,
       139464,  42490,  26824,  91642, 103674,  16931,  85337, 104339,
         8046,  53702, 117658,  18315, 151190,  85680,  59344, 153871,
        21703,  94728,  40094,   8109,  11414,  56511,  95320,  34853,
        82328, 150235,  82579,  58016,   3905,  59699, 103715,  41833,
         9880,  75417, 123336,  13157,  49567, 118669, 134506, 127351,
        60404,   1408, 140822, 153091, 135319,  45716, 118799, 129211,
        85918,  29495, 153235,  35333,  67540,   9790,  16720,  12517,
       139773,  64571,  13156, 147424,  92755, 133400, 141537,  59505,
        45823, 106112,  53072,  79387,  24124, 117361,   8826,  11583,
        40987, 121782, 152037,  14590, 106240, 131903, 126797, 124834,
        93886, 118805,  78639,  14805,  40387,  79038, 107259,  42779,
        59467, 137753,  38106, 140928, 104708,  31012,  76318,  46160,
        80262, 120089,  53842, 118483,   2266,  90148, 105899, 139775,
        43207,  66321,  61935,  55419,  86187, 143104, 147055,  20827,
        26729,  81014, 144367,  97909,  65807, 138012,   6353,  10281,
        52687, 119026, 112781, 150167,   6202,  34614,  61865,  59507,
       125997, 111204, 126895,  92719,  38691, 129459, 135867,  82123,
       108026,  74580, 120783,  26246,  89907, 135260,  71142,  20043,
        94574,  46897,  31301,  60888, 102965]), array([ 79088,  16568,  80658,  71656, 103809,  51265, 102705,    237,
       136669,  60626,  51961, 113784,  75258, 127496,  46541, 118014,
       100964, 137396, 105008, 100771,   2166,   1726,   5540,    603,
       107925,  90242,  56269,  65919,  52985, 142607, 121825, 136145,
        29018,  59531,   7479, 146671,  32163,  18896,  68547,  79127,
        29840, 114164, 144187,  27041,  81736, 124133,  46207,  37181,
        90103,  37203,  93528,  17820,  60821, 144959,  37788,  52529,
        75581,  45683,  15965, 101132,  93585,  59342,   2542,  32073,
        21586, 108125,  98688, 111896, 102794,  13261,  75494, 134199,
       120093,  31797,  23789, 128805,  13287,  16375, 114372,  90917,
       148704, 124662,  10369,  11684,  42321,  74419,  59860,  97553,
        32039, 128976,  98533,  52591,  93449,  75869, 151009, 146792,
        83007,  79557,  26873,  72848,  96393,  62654,  92634, 139021,
        52428, 110206, 109329,  98736, 108646,  15602,  50999,  56487,
        88015,  19315,  42584,  62566, 126486, 132485,  84514,  35547,
       104268,  10929,   8142,  67587,  30228,  20240,   3328,  36502,
         3861,  10982, 105542,  89477,  92100,  42666, 144111, 105588,
        15073,  63456, 132721, 101250,  14931,  46811, 153307,  20194,
         5634, 128676,   2891,  92364, 147007, 149583,  96217, 102843,
       105885, 153922, 144790,  23756,  31875,  23323, 130852, 116273,
        53713,  65347,  62340,  61249,  94584,  31595,  44360, 134082,
        49566, 126818,   1833,  90798, 132376,  81543,  83700, 129250,
       143867,  17110, 108121, 117903,  66074,  64928,  17164,  14740,
       128644,  64997,  72581, 144629,  79032, 147871, 113841, 153525,
        44247,  43536, 130915,  65881, 108856, 127849,  35245, 123216,
        83766, 114962, 130623, 118963,  92609, 131479,  29404,   8597,
       127503,  89529,  12533,  27977, 114430, 100935,  18811, 143418,
       103289, 118760,  10951,  56399, 113161,  75520, 131011,  83666,
       111479, 101647,   2785, 141404,   9610,  51985,  17754,  35214,
         1051,  52942,  78859, 122062,  93035, 142041,  85324,  91762,
        90125,  94399, 109775,  42208,  59973,  56400, 147379, 110100,
       147124,  97609,  12278,  61861,  10439]), array([ 13161,  35983,  91110,  25727,   5862, 127035,   7132,  45149,
       144488,  67826,  14694,  41475,  52686,   3550,  66393,  28310,
        56052, 124490,  76428, 115627,   2965, 120312, 125831,  91172,
         7526,  24858,  69249, 120077,  69728,  66388, 152002,  59430,
        89903, 139509,  55925,  63269,  39141, 113950, 149251,  46329,
        18282,  72812,  71828,  57478,  15834,  15660, 126083,  41611,
        34566,  25876,  64625,  31997, 115486,  93776,  21557,  92576,
       144890, 101856, 128397,  17852,  49391,  20183, 114823, 111406,
       128732,  57832, 100790, 109641, 141566,  58490,  64355,  70187,
        67099,  66031,  64720,  64915, 119068, 106534,  32202,  85808,
         1333, 100219,  54342,   1662,  35922,  93787, 145105,  77460,
         2081, 121012,  70745, 126200,  46390,  84173, 121900, 135777,
       140187,  90320,  46865,  47197, 103341,  65316, 133652,   5441,
        12214, 143148,   1694, 146181,  17739,   5123,  47554, 133714,
        75558, 133225,  96363,  26991,  74006,  64190, 153732, 150580,
        80493,  53553,  59624,  45154,  35736, 130531,  70486,  98075,
        43323,  79324, 144241,   6716,  24825,  65794, 121480, 151824,
        37746, 124075,  20254,  55337,  40053,  82755,  66256,  32470,
        78884,  75477,  87506,  90976, 152296,  59781,  82395, 126244,
       143408,  82639,  55301, 125089,  45067,  46163,  97294, 141650,
        59025, 107907,  17113,  49401,  97199,  51149,  44681,  89288,
        67259, 110850,  59353, 122922,  36754, 113179,  99617, 140423,
        36342,  26909,  91201,  26111, 142604,   5034,  16873,   1609,
        15279,  33376,  49140,  57692,  84716,   3467, 108429, 140563,
        46601,  58796,  45405, 127685, 106267,   8021, 132527,   6061,
        49584, 108620, 130207,  72881,  24813,  12172,  58803, 147057,
       140096,   5117,  99700,  95016, 148513,  31261,  61567,  13127,
       125442,  10035,  43367,  23123,  26936,  61048, 113498,  87115,
       118137,  54393,  38950,   1498, 130898,  36310, 118996, 127675,
       142581,  31753,  22671,  71086, 150809, 109575,  91923,  88807,
        21329,  98196, 143119,  83394,  66117,  33072, 111570,  31686,
       100706,  56782, 128199,  45724, 101690,   1506,  35830, 146947,
       144730,  59597,  99355,  84714,  76354,  56376, 126826, 113419,
        99006, 104959, 119909, 136449,  53410, 144475,  38852, 105451,
       120761,   8593, 147708,  57250,  63443,  43572, 122434,   8168,
       124668, 107402,  39307,  71797,  66748,  99111, 130835,  18845,
       137369]), array([111405,  30385,  35765, 128589,  48164,  44442,  88368, 121275,
       121161,  74551, 123825,  47566,  87314, 102985, 116344,  92822,
        54814, 108876,  30284,  29776,  49167, 115444,  70519, 109453,
        37216,  78001, 132591,  29541, 147565, 118390, 151711,   9235,
        94553,  98538, 120201,  23398,  20511,  26491,  40761,  22836,
        18874,  86721,  89807, 103666, 127919,  46022,  33835, 130287,
       103402,  19544, 122236,  27943,  81731,    432,   1409, 115393,
       120113,  22932, 116747, 148341, 125409, 129402, 112393,  54141,
       114376,  56724,  76480,  83913,  52179,  72802,  19502,  64859,
       111457, 129296, 142152,  58707,  42281,   4537,  78537,  98942,
       121516,  44574,  40307,  30572,  72156, 112342,  27095,  32698,
        23135, 151739, 103434, 139945,  47556,  83173,  41652,  64820,
        37638, 145425, 149805,  54244, 152746,  20336,  67526,  35305,
         2529,  99381,  89682,  26395,  79716,  60927,  34807,  89837,
        31111,  83868,  22297, 143487,   5652,  67102,  17881, 103064,
         2988,  35314,  99310,  21381,  16678,  79711,  35103, 142218,
       103415, 106744,  19611,  42181, 129119,  38499,  46250, 131730,
        26286,  15194,  48480, 143816,  76674,  84445, 135384, 107077,
        20709, 130815, 120016, 151346,  41261,  84335,  81935,  35191,
        33852,   2140, 101676,  23532,  68868,  14207,  90595, 134780,
       118874, 121327,  45369, 125154,  26691, 150730,  21647, 140690,
        36969, 151535, 139852,  94245, 139023,   8001,  85544,  17427,
       111155, 125982,  40925, 110534, 104060, 114219, 119589,  65339,
        79392,  80470,  36108,  64646, 147637, 142597,  30702,  41176,
        59943,  72245, 102767,  26484, 147938, 129269, 144936,  56356,
       113788, 100154,  71845,  59082, 118583, 122153,  52234,  49446,
       139725,   8847,  84886, 151300,  43795,  98670,  74477, 107181,
       145965, 129016,  69298, 104567, 106864, 108114,  92120,  97210,
        68108, 143973,  24214,  30490,  20442,  80781, 126956,  96634,
       104576,  49210,   3811,  44169, 129543, 129437,  96839,  97514,
        39665,  80825, 121720,   9452, 134657,  85379, 131104,   9565,
        56301,  33488,  87751, 135261, 114487,  41373,   2619,  60399,
         1773,  52108,  10244, 153480, 109082,   1805,  55991, 137540,
        19082, 138753,   7391, 126597, 124295,  90662, 110618,  31845,
        92381,  59634,  86483,  41606,  37258,   7804,  50220, 122483,
       104163,  19859,  54736, 139942,  68854,  55352, 113427,  37702,
       137914,  84757,  26651,  48253,  54295,  41901,  99518,   3000,
        17673,  40729,  51658,  91956, 123352, 152078,  52018,  24141,
        14693,  20219]), array([ 68271,  68948,  63761, 129952,   3826, 102077,  25190,  24999,
        12160,  33970,  46994, 128176,   6913,  62727,  15449, 114773,
       128386,  30500, 129970, 143830,  42733,  99208,  79068,  76441,
        82833, 111253, 143613,  92868,  59042,  83525, 105845, 109438,
        81281,  12962,  89500,  64506,  79861, 106891,  48910,  25473,
       142406,  32987, 149560, 134948, 129098,   1053, 146726, 118880,
        16449, 107844, 127319,  42443, 135039,  43673,  58646,  25544,
       119574, 126178,  26391,  64082,  46051, 129393,  91043,  85430,
        40042, 143534, 117984,  62472,  49861,  42383, 119479, 118369,
         2105,  74045, 103336, 113899,  71273,  17460,  85336,    368,
       134545, 108051,   2901,  74378,  74932,  56257,  34945,  15343,
        37645,  70251,   6427,  71475, 107912,  78628, 113231,   7815,
        28278, 138432,  42044,  41026, 119805,   4805,  86231,  80629,
        67062, 130257,  76844,  76398, 137469,  91967,  79736,  74980,
        99648,  16378, 121721,  56662, 150708,  56610, 145070, 111516,
       140562,  25551, 117082, 126877,   5815, 117655,  22741, 126849,
       142024,  11379,  51435, 115483, 150199, 125617, 104084, 103174,
        53295,  34406,  93273,  24579,  34629,  60324,  82467,  49068,
        66271, 100152, 152213,  56571,  55465, 113768, 131991,  72136,
        64508,   5935,  67675,  38021,  81051, 149549, 151681,  97340,
        10939,  97157, 123338, 108757,  76281,   2959,   9827, 133254,
        73754,  97821, 107733,  33919, 133618, 117797,  39137,  70921,
       128447,  56905, 104757,  49257,  99620, 116439,  96696, 100785,
       133252, 105947,  61614,   8672,  59392, 111595, 144918,   6866,
        70411,  11292,  43300,  54031,   6131,  91250, 133937,  29218,
       117678,  12866,  46582, 138281,  91439,  45343,  76840,  72432,
       123407,  47052, 131138,   4121,  49650,  34319,  53300,  17792,
       124260,  18292, 116040,  85411,  91450, 126894,  56472,  62858,
       125215,  43759, 129435, 145184,  59751, 100166,  99350, 127642,
        11741, 120675,  21138,  72546,  15025,  26803, 128996, 125566,
        43103, 135574, 135003, 139669,  18199,  94406,  19186,  23358,
       148631, 137565,  49679, 138586,  48646,  91858,  21031, 112306,
         6891,  62428,  25519,  14449, 135648,  39170, 106971, 106466,
        33380,  71984,  90792,  85847,   1512,  25982,  42304,  65895,
       119228, 146489, 118753,  49012,  92351, 137874,  89328,  25357,
        81042, 148440,  22079,  22327,  50685,  22322,  74458, 136098,
        89897,  65008,  58507,  46185,  11349,  24731,   2565, 120800,
       151934,  34942, 104896, 103551, 142674,  79288,   5586,  15173,
        96628, 143876, 130528,  32167, 113987, 142155,  63524,   9736,
        65740,  86421, 114939, 147889,  93094,  73870,  53016, 142776,
          855, 102334,    146,  83165,  14407, 133524,   2751,  28994,
         4723,  13842,  55311, 133772, 132402, 102329,  11519, 112403,
        72144, 145092,  68065,  90073, 102140,   5428,  62258,  81303,
        74331,  11429,  73025, 106383,  20587,  25054, 135469,  89065,
        11720,  49536, 131160, 135614,  75330,  62510, 137691,  72204,
       122344,  56582,  70554, 146178, 129057,  94898,  42799,  64393,
       106810, 132027,  25418, 133409, 118589,  58430, 138285,  58372,
        67468,  84324,  63579,  91402,  81859, 120184, 109860,  35003,
        14833,  20866,   7088,   7216,  52889,   4622,  76340,  15874,
        45269, 153722, 125533, 149204,  76103,  92981,  87774,  13817,
        68368,  85494,  53049,  67543, 151945,  83854]), array([  3151,   1916,  36572, 153569,  49291,  71977,  61090,  58586,
        53159, 105647,  91228, 125561,  19541,  23368,  89799,  15161,
        89581, 126544,  49850,  44210,  83089,  72072,  40213,  57433,
        50109, 144021, 118707,  72831, 105505, 153151, 147138, 130288,
       153810, 105435,  77387,  33700, 139261, 113309,  89300, 103287,
        92270,  20913,  96560,  72062,  22628, 133536, 112187, 149652,
        99645, 148694,  15575, 122056,  99005,  12591,  44365,  34225,
       123556,  95661,  66658, 117522,  37405,  83788,  33663,  17272,
         9196,  53554, 129268,  66194,  45496, 145406, 132897,  43073,
        78342,  41544,  34594, 141950,   4134,   1037,  30087,  25823,
       117337,  54696, 121098,  75536, 105457, 115236,  87848,  62497,
        35866,  40606,  78814,  12227,  32351,  29029,  44976,  41379,
        83369,  43573, 131884,  20352,  29384,  37035,  84154, 153458,
        64855,  88881,  83020, 145221,  95473,   4302,   5721, 151881,
       131470, 139790, 122695,  56505,  49637,  22865, 121083,  54720,
        26112, 110382, 138195,  91571, 111339, 111840,  53177,  19840,
       139395,  98466,  46832, 100870, 116667,  30584,   3136,  41506,
        12422, 104772, 109291,  53725,  68231, 144631,  42701, 120833,
       103166,  95625,  44079,  83597, 144025, 116408,  47629,  18480,
        56265,  10852, 137903, 115115, 107833,  23277,  26361,  33427,
       118195, 110897,  40694, 100093,  47876,  97409,  11935,  67715,
       119081, 135241,  70681,   4851, 139604,  62315,  93275,  64299,
        95640,  70391, 147519,  92469,  55483,  30366,     58,  63964,
       109163,  95395,  99267, 114882, 145097,  61714,    903, 137860,
        79071,  25987,  94367,  56581,  57582,   7220, 120460,   4686,
        33732,  55782,  66725,  38020, 116907, 104559,  26424, 118113,
        37911,  72585,  31900,  43558,  68755,   9369,  96020, 135541,
        40223,  44290,    329,  10610,  88290,  89519, 103740, 132154,
       147350,  73065, 144049, 136908,  74285, 146594,  38930, 119859,
         8268,  18813,   6179,  64334,  48351,  58856,  66243, 122260,
        75167,  99833, 123260, 109858,   4133,  12638,  24014, 135428,
        86676,  73764, 109096,   3135, 104584, 113349,  73084,  58103,
       129478,   2950, 143954,  40546, 105093,  70882,  88169,  69743,
       106235,  91305, 144721,  63307,  70041, 112952,  11260,  84397,
       126916,  60797,  19851,  74493,  86335,  18380,  13034,  38838,
        55950, 121222,  55869, 144014,  11091,  13960, 130808, 141178,
        67170,  24135, 122468,  14689,  90452,  96710,  42188,  80664,
        56913,  99213,  19234,  14448,   8646,  85464,  55678,  14577,
       128112, 141963,   7436, 104327,  17865, 128272,  59477,  94373,
       103130,  58596,  17537, 104713,  10534,  59816,   7596,  99029,
       151483,  24275, 130184,  25637,  64073,  65761,  74526,  70273,
        73228,  66287, 126712,  73939,  92298,   8943,  37098, 108142,
       149482,   8061, 152618,  61957, 133667, 105452, 106902,  47662,
        64763, 124776, 106731,  18810,  24859,  21166,  34626,   1897,
       130176,  47509,  58500, 113956,  10381,  37426,  89480,  73405,
        42175, 111373,  92611,  16910,  65861, 122270,  73346,  59686,
       127717, 126160,  74751, 146759,  61950,  86056,  10676, 117012,
       148650, 124315,  58524, 152439,  40183,  48263,  85168, 118494,
       132458, 116194, 142531,  65250,  44296, 126522,  48511,  45994,
         6171, 110389,  97075, 142798, 142853,   9138,  33191, 152047,
       101852,  43186, 116591, 153560, 146843,  62560,  85109,   8528,
       124122, 134180,  36765, 132907,  50261, 149462, 102256,  56898,
        93714,  11663, 107268, 100220,  21931,  42972, 116080,  36069,
        12203,  27825, 126853,  62045, 109980,  56305, 136272,  98220,
        34587, 134465,  24222,  29537,  29742,   7879, 105656, 143998,
        70987, 129180, 145365,  59273,  98165, 119246,  78505,  73631,
       124655, 133262, 106986,  32291, 142791, 141571,  24706,  12793,
       129550,  54732,  69318, 152742, 108258,  34261,  28808,  72913,
        83358, 121354, 140590,  83793, 137046,  68631,  16433, 117868,
       107866, 129613, 105346,  90160, 100260,  20872,  35530, 148508,
        77282, 130098,  72056,  41515, 145325,  92560,  43095,  96709,
       111090, 110024,  37215,  51290, 125085,  46839,  39348,  87789,
       109730, 146390,  70438,  96341,  66246, 105087,  50690,  49549,
        37311,  78955, 149296, 136000, 124203,  67562,  91017,  74856,
       147249, 123950,  28701, 130206, 117283,  16040,  96735,  66597,
       127731,  54293,  83374,  97503,  98770,   2367,  30047,  30344,
        86712, 153710,  40596]), array([110587,  90746,  53144, 120687,  72239, 136391,  52728, 136814,
       138172,  57419,  72883,  92570,  51743,  95443,  21833,  69168,
        24449, 128539,  24052, 118738, 103018, 140834,  82658,  67024,
       147917,  21984, 115686, 101818,  76100,  18442,  37143,  41184,
        95222, 142077,  61612, 111616, 138067,  74879, 106765,  22502,
       137990,  75271, 143081, 123613,  65860,  67561,   8713,  20393,
         6828, 115403,  75724,   5149, 105516,  53612,   9644,  11510,
       142967,  19000, 121493,  67226,  62640, 112059,  11474, 138777,
        84099,  80370, 124689,  38486,  63237,  36623, 136687,  19144,
        24754, 100474,  23852,  58393, 133226,  54817,  33827, 120659,
       112821, 113790, 109083,  68788,  22679,  60894, 142959,  74096,
       143297,  19172,  68572, 147503, 101058,  16762,  24988,  18198,
         4449,  12288,  55734,  58723, 136678,  65055, 152958, 136304,
        22997, 118860, 104483, 103456,  37981,  95923, 115422, 115603,
        10292,  26318,  88985,    486,  45231, 110163,  98454,  56409,
        89982,  36052,  74898, 153170, 111836, 141702,  97611, 112700,
         1406,  81367, 117353, 136968, 143892,   7929,  15301,  72345,
        51654,  26137,  51018,  15700, 141608,  11214,  79098,  67042,
        77532, 108547,  54809, 151477, 118783, 105058,  88339, 142451,
        82300, 102103, 138386,  74300, 117508,   5317,  29506,  21305,
       136892,  78448,  34733,  49904,  96908, 103454,  47780, 104546,
        98771,  44981, 122020, 144637,  87270, 105390, 128944,  88453,
        61100,  70506, 134803,  57257,  61465,  20122,   1087,  81608,
        62631, 151717,  42144, 117011,   9829, 128141,  98330,  69587,
       123523,  46084, 143641,  17984,  75268,  25934,  51965,  13149,
        37024,  46260, 122278, 152184,  61908,  53334, 115507,  55271,
        82317,  14865, 149279,  25690,  52050,   4154,  71058,  46576,
        74574,  91725, 115129,  25701,  67436,  34890, 108064,  72029,
        95384, 131968,  16159, 143893,  11328,  51880,  38892,  35267,
        58279, 139548,  34197, 116547,  86225, 100417,  27816, 129259,
        83500,  80907, 153790, 124029,  92257,  54339, 137678, 126423,
        83176,  62228,  27810,  74950,  20689, 120008,  26027, 115013,
       118001,  12091, 123783,  14127, 110691,  65053,  31724, 138371,
        86666,  30882, 103209,  85070,  59719,  23621,  85024,  35942,
         3066, 129586,  16055,  43050,  78365, 110585,  16894,  51975,
        49876, 147499, 121274,  23964,  68512,  34303,  36974, 112334,
        84198,  88160,  17874,  39834, 113106,  51841,   2432, 120705,
        15713,  97245,  86047, 136741, 101201,  42001,  51787, 116196,
        79946, 139003, 115872,  50201,  12397,  43735,  62512, 128413,
       137076,  87036,  33000,  26297, 137900,  55466, 146502, 141054,
         8398, 120232,  84760, 110713,  25502,  62547, 150252,  59316,
       150768,  20752,  73171,  30877, 137558, 151892, 118470, 105107,
        17617,  66963,  25593,  44477,  62436,  34826,  97278,  97159,
        29206, 133165,  85864, 124112, 144287, 141284, 144763, 108195,
        86899, 147909,  44417,  46658,  47489, 138343,  59297,  92017,
       104684,  83586, 104114,  78994,  41250,  42401, 120602, 133613,
         8547, 101478, 106921, 143925,  99407,  12548, 117347,  22916,
        82960,  55289,   3968,  74085,  14585,  74290,  43182,  92666,
        94411, 152610, 133673,  13937,  53198, 134143, 125737,  96975,
          183,  60492, 133397,  78439,  66728,  67602, 134055,  18679,
        65682,  18274, 121933,  22611, 140640,  79960,  50901,  88962,
       115811, 153293,  73902, 151111, 111614, 118853, 131495,  90204,
        50679, 120920,  23230, 128150,  84617, 138215, 110787,  38509,
       107247, 113138, 112574, 132358, 122121,  44120,  50223, 103794,
        43835,  27064,  28600,  60298,  64498, 104507, 109841, 125061,
       122214,  93828, 149932,   3629,  89130, 110910, 136277,  17725,
        80010,  44001,  53001,  63627,  74022,   7085, 145212,  87868,
       112545,  40921,  91393, 113839,  96651, 102506,  52302, 115927,
        81141, 144461,  99576, 127058,  17076,  75709,  22600,  32053,
        37507,  47024,  20650, 133137,  78791,  86512,  33092,  34792,
        87554,  27246,  94636,  39320,   4125,  63318, 138349,  96484,
        16842,  27842,  39793,   3906, 129565,  81760,  82329,  48706,
        59548, 121780, 107493, 143006,  37308,  26747, 122669, 122787,
       102937,  77773,  84389, 144412,   1132,  53798, 108702,  21720,
        65668,  64494, 111666,  15377,  11269,  52478, 109622,  81744,
       145761,  76570, 138949,  78271,  55219, 130903,  41812, 137447,
       113555,   7466, 109210, 153123,  91943, 140541,  59706,  73670,
        59565, 110415, 103887, 112376,  99068,  27300,  35425,  99203,
        15104,  96028, 107076]), array([  7832,   8870,  87549, 146856,  36368,  78145,  12230,  18902,
        93295,  42312,  20005, 110334, 149277,  71963,    405,  35122,
       148370,  25378,  77344, 151168, 147195,  86607,  14416, 116701,
         4811,  99163,  94381,  78683,  54315, 152908, 113508, 128034,
        55675, 146941,  91311, 143592,  99466,  65519,  41040, 149830,
        88914,  86425,  16689,  29654,  84925,    343, 116318,  54590,
       139360,  53946,  31231, 132068, 145631, 152964, 145225,  64255,
       117211,  79051,  35238,  31581,   3243, 102057,  79744,  85987,
         8594, 113629, 126023,  27178, 123790, 125905, 120267,  23399,
       129877,  31639,  99156, 139157, 110919,  55417, 108309,  87147,
       121228,  91538,  37456,  66054,  53488,  77116,  43483, 124566,
       146916, 151106,   7222,  97341, 102845,  71167,  97890,  84356,
       138045,  65856, 104861,  32094,  51372,  11500,   6583,  65962,
        81469, 125307,  48020, 114755,  20100, 114422, 108472,  79107,
       105426,  99181, 124972, 120091,  84057,  63950,  29151,   1297,
        20305,  26903, 143667,  30761,  10975,  86264,   7821,  37636,
        98502,  87980, 121303,  12345,  13355,  11314,  86221, 137090,
        98623,   6510,  21721, 135007,  13796,  79186,  61675,  36829,
        62770,  26542, 132731,  48714,  37814, 107098,   3067,   6824,
        47848, 153671,  16781,  53070,  63548, 137967,  84557,   7407,
        63680,  10287,  85388,    949,  41265, 100613,   6874,  88637,
        17842,  36303,  47130,  98887,  85414,  45680, 122312,  37693,
        97897,  89013, 153484,  51418,  72801,  40060, 141337,   3887,
        65206,  60280, 140308,  85260,  84634,  63734,  23945,  23549,
        10047,  77275,  97899,   7581, 140067, 127521,   1579,  51971,
        36806, 137311,  27379,  18798,  49633, 120858,  79898, 148912,
        67192,  89333, 115594,  95911,   6886,  59890,    825, 138617,
       137313,  29166,  12951,  86728,  62934,  26746,  10332,  82550,
        97490,  59803,  66631,  64297, 124995,  58864,  23319, 100789,
        23330,  89253,  63836,  20948,  69848, 112179, 132931,   3704,
         3661,  49336, 136824,  28973,  51537,  58263,  96454, 133149,
       152880,  98337,  69760,  16491, 110360,  76499,  89320, 127274,
       139566,  48360, 123622, 116982, 112660,  48326, 147133,  71821,
         4023,  62900, 115676,  37261,  89507, 141189,  95399,  21387,
        90020,   1142, 111670, 120951, 129526, 121436, 152206, 153304,
        71433,  86740,  11387, 107113,  54028,  20877,  80211,  82172,
        34499,  13675,  69366,  86516,  31414,    986, 110556,  50001,
        22281,  93425,  66600,  48365,  10026, 144223,  98100,  61288,
       150964, 131364,  18872,  70500,  29055, 103461, 142060,  83834,
        16809, 146738,  11285,    795, 116539, 117830, 148738,   1780,
        89938,  82497, 109275,  97658, 150928,  46663,  55082,    458,
       125973, 105502,  56776,  86527,  81295, 119307,  57979, 129125,
       119273, 153654,  79705, 111278,  89121,  74279,  90605,   7982,
       119241,  18749, 114772, 145392,  58671, 131238,  45867,   5462,
        32004,  14294,  76852, 134050,  59871,  88990,  20373, 141237,
       114854, 114647,  78393,  11884, 145102,    698,  55084,  55552,
        94281,  15441,  78234,  90344, 153465,  82625, 153003, 110830,
        82652,  59362, 145990, 152419, 153212, 141638, 107199,  30020,
        54942,  15221,   3871, 129631,  42404,  59614,  67193,  95542,
        27321,  54994, 130952,  95505, 115607, 121490,  30720,  96033,
        88417,  26066,  81061,  81129, 149899,  65341,  22190,  47651,
       118867, 112105,  91644,  10186, 150541,  77258,  37003,  16475,
         8879,  64641,  45030, 153184,   5998, 143559,  12552,  81735,
       127984,  53161, 113383,  49324,  14257, 149741, 127211,  25527,
        57488, 128889,  84499, 106973,  24551, 144899,  71514,  11764,
        38582, 152143,  46763,  77850,  43601, 106767, 144114,  59847,
       129352,  66206, 100553, 100647,  59935,  82542,  86273, 137070,
        99907, 106363, 139105,  37027,  88732,  83529,  40980,  51504,
        69549,  96888,  25252,  75617,  91100, 105518, 144777, 134588,
       134979,  38338,  47374, 123756,  93420,  11726, 149940, 115962,
        92254,  14018,  90758,  51221, 120421,  31229, 120406,  23533,
       145181,  84191,  24246,  23058, 102372, 135873, 115207,  77581,
       100584,  12741,  79547, 146746, 132599,  85824,   9483, 143538,
        52140,   1367,   5726,  32800,  39028,  97978,  45898,  44374,
        29382,  37160, 111233, 106546,  12647,  32946,  84791,  91108,
       144255,   1731,   4924, 117581,  40958,  74434,  95651,  90031,
        46720,  61718,  71260, 130877, 103578, 132022, 130375,  67211,
        37793,   3884,  24000,  70152,  51285,  32630,  17288,    199,
       103754,  84408,  50553, 147556, 114168,  36166,  83795,  51043,
        74175,  25407, 138220, 153150,  94382, 109345,  17638,  39566,
        18620,  38125, 102154,  52156,  88375, 124825, 150163,  19468,
        41690,  62717,  67486,   4633, 140164,  19836,  67548,  92473]), array([ 63290,  49154,  91395,  92546,  42086,  90676,   1710, 111932,
        39744,  44848,  29010,  11522, 146779,  49195,  55812,  72530,
        39586, 100794,  52986,  59451,  14893,   9293, 105679,  46966,
        97136,  13177,  38090, 132857,  34873,  85828,  54610, 108349,
       151012,  31501,  50163,  57057,  99731, 146247, 146100, 111807,
        66333,   3941, 130130,  17261,   3280,  95624,  53457,  43097,
       136410, 103054, 107497,  54083,  82705,   4115,  78184,  14514,
       117292,  63711, 144023, 117390,  56590,  83306,  58828,  83522,
        84610, 149582,  14814,  27669,  57543, 102010, 146020,  16028,
        49508,  66387,  41341,  44082, 102258, 144198,  34310,  27873,
        93654, 104175,  40899,  75957, 140057,  77203,  38026, 150187,
       100559, 107861,  96466,  19867,  79489,  16772,  53219,  40950,
       138849,   7966,  78185,  46449,  75837,  22653, 110115,   6284,
        22586,  96382,  29017,  84813,  14412, 102117, 112229,  42147,
        35303, 138813, 113643, 115072,   6143,   4779, 103290,  28697,
        71681,  84575,  76567,  78515,    172,  44094,  19096,  48738,
        76534,  53137, 151546,  49843,  84404,  56420,  54758,  47290,
        79795,  87788,  51516,  66021,  81535, 152808, 138997, 109925,
       142840, 134094,  38336,   6792,  96768,   4861,  23565,  65239,
        95683, 102962,  60710, 130632,  82380,  51667,  22090,  42897,
        20527, 138649,  69348,  94034, 120721, 101496, 138046,   8014,
        14593, 115808, 153642,  77181,  40449, 102704, 152176, 114345,
        50709,  53741, 104320,  50750,  90371,  31342,  11019,  25932,
        58736,  51210,  94331,  33211,  21657,  93867, 128939,  90286,
        65177,   2516, 123572,  87686,  39698,  46334, 108354,  87965,
        46677, 108112, 123393,  65034,  84398,  71834,  17929,  85326,
        59605,  15370, 109173, 140939,  66891,    693,  16264, 127901,
        39405, 129528,  23402,  91633,  79052,  12948,  32308, 129781,
        68926,  39867,  56013, 108974,  88680, 126054, 138136,  85133,
       105870,  34954,   9531, 142136, 139366,  80157,  63393,  97723,
        75333,  43194, 103528,  55041,  97689,  23015,  97663, 107226,
        32057,   8493, 137754, 110908,  79514,  30364,  76344,  52237,
        60525, 114262,  19930, 141617,  34368,  78605,  17503, 148213,
        14643,  87053,  71158,  68260,  77617,  91643, 146895,  73343,
        86265,  16990,  90970,  61195,  82144,   6210, 102182,  28559,
        52662,  47093,  20979,  93688,  28158,  41420, 137431, 111038,
        32372, 111958,   3377,  84649, 130394,  26932, 124032, 106533,
        61215,   4453,  28175,  12848,   5739, 110458,  31192,  93720,
        59361,  97398,  51198,  96118,  74531,  82878,   3392, 132183,
        93286,  10308,  61793, 113730,  78173, 106535, 102006,  23474,
       132014, 134775,  33141,  70614, 152596,  59075,  36551,  69451,
        85827,   4887,  20163,  28479, 134592,  53305,  43853,  28558,
       113485,  24076, 113254, 135752, 109368,  34655,  52419, 141862,
        31720,  23476,  79048,  55104,  21625,  99009,  63612,   4726,
       104704,   9370, 148457, 153157,  63068, 132180, 101672,  93871,
        85030,  20343, 148122,  52603,  49394,  96039, 104100,  44931,
        37669,  10641, 137285,  13082,  31149,  65513,   5623, 101513,
        18268, 121847, 150331,  84287,  56620, 119684,  84812,  24555,
       123396, 106180, 153869,  31044,  55747, 109232,    802, 104395,
        40316,  51095,  18706,  54144,  62201,  12056, 144336,  68981,
       118039, 127288, 111215,   9459,  32771, 139340, 124258, 134428,
        95488,  72727,  87535,  34888,  80223, 118201, 151038,  21093,
       116828,  77888,  56391,  34649, 131694,  69443,   5719, 134251,
        63210,  58465,  16050,  43981,  83844,  77053,  66637,  16549,
        27019,  61558,  58728,  16171,  39045,  30763,  62294,  72583,
        90971, 146377,   6945,  73480, 127923,  95538,  79582, 129444,
        83330,  83074,  22431,  84637, 127940,  39058,  34390,  96169,
         1755,  44009,  95979, 109155,  42262, 123578, 127632, 107967,
       138642,  48332,  55518,   7674,  69718,  82442, 134483, 109504,
        74488,  60116,  16808, 149107,  81987, 145255,  61223,  56746,
        66538,  22780, 140122,  45498,  83142,  82351,  77492,  99021,
       101286,   1803,  67980,  31268,   7707, 118982,  65989,    730,
        91987,  95026, 103498, 110236,  62167, 120821, 126127, 133784,
       125769,   4477, 130826,  83724,  46528,  80264,  23879,   4293,
        27973,  88609, 134025,  20189,  93767, 106109, 120543, 130162,
       145462,  94492,   8187, 125292,  38357, 153609,  44978,  63031,
        88026,  85988,   9074,  75947, 104788, 133700,  97375,  95022,
        64933,  46878,  13288,  88485, 123852, 106841,  24396,  79455,
       109912, 145721,  51522,   6786, 131864, 153454, 143845,  79091,
       108740,  83440,  90731,  97350, 146645,  56053,  35564,  38401,
       131872,  25477,  42970,  63281,  12238,  84080, 128086, 107383,
       128752,  98712, 113621,  32744, 110732, 135524, 141200,  28766,
        90357,  87329,  72603, 145868,  81171, 132231,  78557, 123162,
        68334,  83595,   9464,  90734,  30938,  93194,  48756,  69494,
        38124,  78807, 144601, 108384,  10694,  11912, 129828,   2064,
        83569,  30168,  75374, 132517, 113460, 113575,  37127,  35881,
        99494,  13005,  75037]), array([138053,  11854,  91590,  62209, 105073,  75212,  25583,  57561,
         6783, 112829,  10986, 151085,  81729,  35636, 148445,   4646,
        35850,  85352, 126587,  22112, 123313, 130117, 133513,  87186,
       107630, 134320,  11305,  51189,  30478,  44236, 137641, 101487,
       116455,  28369,  17020, 128689,  46858,  73481, 101039,  57957,
        39595,  39481,  89658, 152443, 110191, 100080,  37662,  74946,
       152629,  64024, 106371, 142568,  29004, 139485,  30084, 140080,
        97882, 144648, 141175, 111952, 144213, 147507,  90195, 133134,
       118464, 125665,  55500,  87878, 146930, 124628,  12018,  11340,
        52215,  82753,  69841,  44694,  88925, 137012,  13564, 149859,
       151699, 141273, 144478, 150264,  80448, 112864,    777,   9104,
        65355, 129031,  83095, 140940,  86537,  21337, 102550, 114405,
        51261,  23771, 127742,   2428,  42260,  62150,  27522,  27992,
         1824, 100744,  40308, 127921, 118328,  19933,  25998,  76970,
        71282, 111205, 100776,  54263, 101952, 121998,  93323,  60622,
       153345,  99145,  53095, 129591, 123083, 151082, 149909, 123459,
        79927,  78905, 137988,  84098, 138593, 130782,  20706,  33497,
        64784,  19213,  17159,   7197,  61761, 153750, 140333,  43395,
       110088,  61003,  44792,  44516, 121885, 131500,  34781,  40982,
        86118, 115392,  68714, 111198,  64896, 134230,  15939,  71629,
        26600,  94609,  10570, 132422, 151266,  56966,  66116, 149531,
         2334,   2738,  42129,  98985,  67030, 103216, 150940, 132249,
       127336,  71772,  56465,  38700,  87052,  44930, 131021, 138431,
       126360, 145852,  93565,  40030, 122582,  46654,  17396,  89166,
        45609,  27849,  33776,  19637, 141979,  32827,  60778,  99750,
         8987, 117201, 123908, 120481, 136248, 122652, 102504, 151776,
        75400,  48935,   1234,  19539,  96649,  66521,  90516, 124814,
       152516,  56560, 105717,   5523,  43015,  68709, 147852, 141114,
        74213, 142533,  10673, 107904,  84750,  34464, 143302,  87481,
        77590,  89932,  81162, 143390,  77188,  36140, 126962, 104071,
        33809,  93032,   6865,  60131,  65605,  67972,  72448,  76939,
        60133, 152098,  49877,  33049,  32449,  37886, 105419, 136359,
        20541,  35676, 153562,  29355, 114183,   8210, 106697, 105814,
       141370,   6290,  12562,  56414,  28394,  71565,  91749, 125082,
        69350,  54663,  14060, 109254, 143470,  21636, 106185, 133075,
       124472, 101127, 118794,  99797, 128756,  49232,  41274,  25568,
        32340,  42427,  55010,  87484,  14880,  91598, 119839,  26627,
        40086, 106954,  61411, 123383,  41013,  28328,  67901,    286,
        71113,  87204,  70563,  47226, 100362, 111005,  88342,  57272,
        86233, 113516, 134910,  11390, 153797, 110035,  87463,  88020,
       148915, 107152,  32842,  46050, 130271,  36821,  41211,  40873,
       107463, 134520, 142046, 117433,  68217, 151263,  17501, 140814,
        32143, 129736,  30699, 107182, 149542, 111251, 142246, 122805,
       135061,  84441, 118067,  66406,  21599,  95173, 123943, 132116,
       119287,  93093,  33728,   9283, 121429,  23558,  52950,  18496,
       138996,  11759,  96837,  62699,   6502,  16317, 114616, 135523,
        61764,  56843,  80558, 124061,  26276,  39687,  93620,  44250,
        52716, 123505,  18588, 104474, 142059,  19370,  99779,  13805,
       147152,  16251, 114094,  68898,  20874,  19379,  72925,  50619,
       114087,  59578, 150525, 149915, 143524,  69329, 146818, 127405,
        81813, 100874,  87429,  64987, 115618,  46130,  43249,    723,
       132149,  96540,  26867, 101197,  60738, 134077,  14575,  45639,
          481, 138422,  61266,   2609,  75130,   2967,  98328,  29637,
         2450,  34185, 103803, 124589, 125456, 100914,  11689,  75679,
       122663,  36104,  60407,  61571,  60427,  39312, 106337, 133336,
       135775, 106179, 150404,  84971, 100046,  11168, 147905,  89137,
        34061, 139387, 142091, 128639, 134076,  22450, 131788,  73765,
       123633,   8614,  77693, 134432,  59053,  65449,  60926,   6233,
       110541,  22455,  26516, 107868,  70441,  53002,  78471,    991,
        47042, 153403,  88621,  14781,  70410,  61925, 138732,  95695,
       150644, 140377, 130451,  21196,  41835,  18828, 139817,   5494,
         8175,  48702,  19359,  68458,  88398,  59243,  32797,  13089,
        59435,  74496,  14541, 108867, 129963,   2938,  34674,  16779,
        72887, 102365, 140688, 134370, 126225,   2342,  90215,   7052,
        34091, 149665,  11039, 131990, 131720, 147291, 109883,  53735,
        49124,  39363,  51318,  70301,  33748,  52079,  94344, 108102,
        90641, 152779, 116105, 149322,  63362,  22145, 149071,  91350,
        55627, 107589, 138632,  83528, 137968,  81336,  54494,  55563,
          823, 101579, 127740,  13851,  37515, 131039,  78121, 141782,
          981, 109737, 106394, 130058, 123015,  88916, 134885, 103816,
       125709,  43220,  20736,  36994,  85815, 127225,   4524,  54951,
       135194, 100950,  85012,  38642, 137036,  29819,  39685,  70770,
        15707, 128570, 140454,  76552,  85973,  49723,  63511, 127268,
       148547,  50472, 122114,  68929, 129638,  62665, 148198,  83274,
        40363,  75754, 115418,  66079, 108193,   6310,  14260,  29946,
        73979, 106488, 108957,  54246,   2926,  14182,  86146,  81120,
        77248,  75818, 134065,  61606,  95413, 113952,  57910,  69521,
         7682,  96234,  76122,  69099,  34294,  43480,  45958,  55362,
         7427, 107865,  67974,  62293, 137502,  37423,  56650, 122024,
        49900,  75440, 106672]), array([ 55629, 124341,   7892,  67254, 131092,  29596, 123911, 113762,
       149181,  36959,  25557, 108920, 142821, 149095,  75054,  67993,
        62116,  80417, 110621, 101162,  59103,  81991,   8045, 100992,
       142796, 124104,  26382,  44765, 135129,  72716,   4503,  41301,
        23651,  21748,  40869,  50833,  58405, 147791,  45041,   6728,
       119898,  39236,  54338,  28114,  64135, 134915,  92067, 128793,
        90468,  68462,  37378,  21024,  65912,  80274,  31940,  47511,
        69641, 138233,  30068,   1921,  66459, 127275,  71241,  99603,
        73572, 142069, 121317,  96666, 119039, 153198,  46812,  24970,
       132229,  92544,  73119,  83325,  75381,  17635,  68207,  33209,
       151954,  17702, 115773,  77843,  45051, 112126,  33373, 152265,
        32859, 131799,  54154, 132158, 120190,  16213,  92340, 106855,
       142389, 144739,  71122,  21767,  58209,  74193, 120604, 128609,
        15896, 125287,  98446, 121114,  39939,  22087, 127474,  43405,
        61825,  20624, 100450, 127746,   9491,   3303,  15851,  41859,
        49895, 141813, 121955, 102132,  89260,   2493,  13800,  53275,
        22379,  50942,  58082, 114887, 107758,  89901,  87654,  22144,
          441, 133590,  75052,  88687,  36112, 149870,  93248,  26551,
        25858,   5909,  31532, 145986, 107451, 111829, 140698,  89701,
        88790,  13626, 115922, 120615,  19846,  92040,  73187, 140643,
       111388,  51467,  18623,   1683,  79452,  20512, 136296,  55718,
        70201, 149179,    531,  94015,  12558,  18012, 127262,  87403,
       101300, 132980,  23078,  25260,  42827,  50625,  41581, 106529,
       125158,   3662, 104287,  60186,  47169, 145328,  40121,  50524,
       128879, 140132, 149864,  93031,  97491,  87505,  94937,  86963,
       151096,  14780,  83359,  68852,  94996,  23038,  96692,  12650,
        87893,  32678,  84212,  90147, 122630,   1395, 106642,  33234,
        64284, 112646, 151550,  47606, 124047,  36892,  72869,  12867,
        78929,  61832,   3318,  59493,   4838,  72399, 105055, 107124,
       117668,  19498, 110822,  86569, 109863,  57919,  91664, 115337,
        98918,  37534,   3475,   3046,   5393,  79542,  33249,  61632,
        95755,  76881, 146668,  49783,     16,  43600,   3872, 131883,
         1002, 113544,  14309, 102139,   2544,  44135,  99556,  14195,
        42020,   2884, 142480,  86128, 112161,  12684,  26326,  50169,
       152060,  15927, 112794, 124591,  53699, 129615,  80072,    644,
        28583,  85084, 115420,    982, 117423, 106188,  50280, 139893,
        83830, 119391, 151489,  47824,  39961, 109222, 141930,   1206,
        70843,  49626, 126559, 122701,  37998,  86793,  85269,  64034,
        20633,  19452,  29979, 144644,  88594,   4129,  70697,  43538,
        11171,  36530,  71112,  28760, 153210,  57165, 130689, 132337,
       136366, 116512, 140878, 117334,  82199, 138891,  11968,   5375,
         3927,  45176,  82654,  30101, 145560,  36213, 151893, 112370,
       147762,  52286,   2475, 134868,  31921,  78201,  13473, 147493,
        19375,  50471,  46529,  73326, 142962, 141937, 120011,  48071,
        89423,  69281,  97820,  21868, 116958, 129137,  86403,  24544,
       146485, 136739,  91409,  69910,  47337,  82926, 105618,  40266,
        59668,  18598, 152380,  31828,  16067,  45681,  36360,  16795,
        25197, 121775,  50370,   1455,  11697, 137690,  76613,  54612,
       143091,  84933,  32699,  37609,  78992,   3311,  12334,  26635,
        45650,   7372,  54074,   7314,  99515,  72057,  79240,  99201,
        39926,  43437,  92929,  60346,  98033, 122178,  97666,  84110,
        50036, 113553,  83233, 103047,   8389,  63982,  22549, 123558,
       108715, 130760,  29204, 101023,  20805,  10361,  11909,   7331,
         9129,  77687,  83445,  64839,  74672,  15553,  62511, 111383,
         7856,  20317, 119074, 142715,  15533,  97396,   8051, 149402,
        21697, 148106,  76426,  49617,  37923, 100754,  98781,  65350,
        74106,  53064, 100955,  51414,   1451, 117355,  78295,  38480,
        90353,  23961,  60321,  15694,  94189,  88999, 144900, 131033,
         6761,  38434,  75621, 116290,  37140,  28408, 110648, 109727,
       151515,  12602, 125054, 145735, 133924,  58288, 136790,  96055,
        39537,  40862,  81853,  29306,  14357,  33641,  31505, 114229,
         1193,  47433,  60484,  71277, 130813,  58353, 138720,  78326,
        61821,  25379,  49579, 130471,  74791,  90898,  11577,  82151,
        83132,  50020,  58365,  63678, 118414,  89579,  48649,  73255,
        89771, 110061,  89433,  75036,  16742,  20107,  16459, 110350,
       103426,  40455, 102583,  12064,  77692,  96335,  73168,   5402,
        26052,  42008,   5258,  76032,  11011,  39774,  44500, 107742,
        17926, 113545,  89341,  21498,  50736, 122208,  40456, 138176,
       144948,  69426,  26816, 103496, 144190, 148129,  29316,  74832,
        11671, 101636, 123225, 121810,  35166, 149801,  72800,  55476,
       126801,  74184, 116592,  27110,  40448,  89003,  75055,  11785,
        42273, 102538, 136309,  34724, 120202, 126081,  63532,  49457,
        63474,  16943,  12557,  99867,  41773, 111734, 117532,  16930,
       140626,  70968,  14921,  21119,  23775,  95225,  62451, 140266,
       115099,  31114,  28577, 153173,  90777,  60578,  18325, 110153,
       128780,  24968,  10356, 117818,  61975,  73949,  36183, 105044,
       136947,  97127,  17927,  82003, 131879,  54795,  30427,  32536,
       133070,   5361,  92115,  49107, 121397, 129153,  18875,  63692,
       151536, 113982, 147156,   3123, 153233, 114873,  68417,  89410,
        67574, 127300, 131203,  36955, 108098,  58841, 126622, 129908,
        14746, 124189, 120552,  31704,  29770,   1537,  66667, 143017,
        37096,  41063,   6005,   6858, 118778,  14523, 110709,  56034,
        45850,  46741,  64406, 131258,  57834, 115116, 115684,  99798,
        57175,  16823,  99555,  23904,  55573,  68446,  79989,  56506,
       138384, 125151,  52391, 117561,   6986,  10213,   2264,  90007,
        41879,  13653,  42016]), array([ 37299, 139482, 131652,  83494,  11008,  73865, 111735,  58382,
        43273,  52041, 127637,  34440, 130752, 137362,  85622, 131464,
        26772,  45493, 142465, 112123, 145610,  65240,  67046,  77608,
        28467, 118135, 113532,  27834,  69969, 134142,  12791, 147405,
       133062,  76243,   1712,  29666,  32997, 135711, 132063,  22120,
       132477,  73300,  79434, 126452,  10066, 112965,  20294,  62353,
        52944, 122899,   9475,  86923,  51926,  72125,  14086,  26501,
        18932,  42183,   2005, 130378, 111727, 136092,  49655,  91441,
        28097,  48751,  76684, 115642,  61807,  56274,   7240, 122244,
          108, 122510,  29422,  90924, 147316,  33785,  46928,  90418,
        75983,  88042, 149414, 111631,  85655,   8091,  52788, 123986,
        99456,  70145, 131224,  67441,  72687,  53391,  55902,  96969,
       147649,  73356,  28399, 136177, 118146, 142598, 100047,  91069,
       122463, 129595,  55149, 134217,      7,  93017,  41167,  50415,
        63901,  69094,  84085, 119364,  54092,  16377,  78433, 153930,
        41144,  33524,  92105, 136073, 107452,  49725,  38965,   7106,
        67499, 129893, 150855, 148746,  23942,  95874,  81284, 152741,
        20265,  58307,  29540,  86251,  33093,   4300,  90977, 151181,
        60699,  92458,  97359, 133011,  11823,  95784, 150799, 137891,
       130054,  31051,  92998,  79382,  67701, 127290,  83246,  34175,
       125057, 101578,  39463,   7623, 126086,  78684,  76865,  29849,
        21102, 131426, 103230,  63960, 114196,  56137,  63862,  65997,
       148458, 137304,  28067,  13711,   2232, 134593, 136900,  65033,
        84126, 118913, 103758,    649, 112372, 133186,  45238,  42050,
        87571,  53537,  92087, 137297,  38740, 151998,  67603,  27449,
         4707,   1983, 129064,  83235,  66522,  42389,  36549,  53956,
       120717, 119528,  25814,  57590,  85636,  56267,  12462, 136205,
        27377, 142225, 148160, 126668,  79266, 117195,  16396,  42413,
        45870, 150033,  21963,  33996, 121456, 115144,   3695, 148999,
       131533, 147794, 114701, 114545,  62635, 100119, 140711, 117332,
       110956, 117889,  19025, 152483, 140870,  29280,   6908,  41708,
       115525, 135340,  23681,   4583,  11107,  41273, 112736, 151024,
        25580, 139651,  24113,  69341,  39080,  32093, 129713,  27405,
       151381,  77691,  13037, 118293,  96057, 136903, 123674,  48337,
        31445,  71643,  72633,  29626, 126208,  96780,  83446, 142330,
        91751, 119111, 137030, 136911,  28360, 107655,  23052,  91486,
        21734, 110030, 119729,  77631,  36399,  20344,  15100, 136318,
        40458,  98349,  40473, 152240, 109815,  16208,   6917, 135136,
       110545, 145487, 115328, 107754, 131741, 137381,  11031, 147655,
        22199,  23823, 113968,  54583, 118267, 136367,  35320,  99017,
       152719,  70692, 116111, 138359, 102199, 126373, 149695,  60162,
         3282,  36758,  53953,  92584,  86126, 141968,   4846,  69778,
       121307, 115854, 139348,  88275, 106366, 139665,  76275,  19226,
       102028,  82477, 105414,  45720,  64054, 145398,  57091, 120842,
        54353,  73699, 153557, 129167, 134935,  17669,  88673,  20888,
       125076, 105630, 131369, 108499,  48412,   4883,  28234,  89217,
       105665, 108106,  20573, 144468,  64158, 105261,  47500, 110432,
        27805, 121467, 109981,  67631,  10759, 152956, 142708,  96875,
        37034,  55221,   3822,  55267, 115334, 101045,  86699,  74501,
       141067,  89620,  17910, 129155,  79785,  57600,  26792,   5869,
        84176,  44986,   8473,  74327,  23208,  71323,  31252, 151377,
       151064,  41188,  70227, 150884, 141753,  41490,  50539,  38245,
        40550, 102301, 152451,  51248, 133095,  13819, 134524,  99735,
         2069, 149985,  60949,  72106, 119571, 101866,  19293,  85014,
        65964,  13822,   6287, 119494,  60164,  92193, 131651, 138525,
        19462,    875, 137511,  99906, 141165, 100330,  17322,  61779,
       125206, 111230, 100201, 144667,  95749,  30732,  81458,  30470,
        34209, 147648,  40850, 144459,  20416,  28555,  25710,  21167,
        30295,  53721, 114877,  65935,  54003, 152941,  11908, 147594,
        16688, 101124, 148628, 138076, 112131, 120442,  74824,  11088,
         5834,  33090, 120265,  98442, 133817,    162,  24900,  55307,
       143963, 105185,  61785,  20894,  90633, 147102, 152923, 105402,
        12846,  15751,  29060, 133776,  40490, 130875, 128136, 114243,
       126478,  47748, 136881, 150649,  48906, 148516, 148044, 135792,
        30701,   7062,  88606,  87005,  62123,  13153, 128342,  96663,
           41,  10446, 114828, 116742, 103481,  86417,  26935,  54549,
        66574, 108364, 105470,  84892,  67947,  27189,  82660,   4933,
        99377,  14312, 140441,  10126, 133954,  38330,   1153, 116112,
        47888, 144480,   3258, 148617,  30776,  59863, 122097,  57400,
        38406,  63431,  80701,  38888, 122552, 138837,  85557,  31141,
       102762, 106987,  68545,  55827, 142968,  91209,  76109, 102849,
       146346, 138299, 137334, 113593,  15831,  33020,   8563, 151552,
       114004, 111852,  56088,  80426, 143558, 127507, 131766, 120408,
        10532,  47209,  16217,  38172,  96926, 119906,   5371,  99195,
        40671, 148080,  52597,  94973,  38153, 152553, 128098,  92790,
        70846, 149115, 151593, 113028, 121692, 115881,  50582, 129574,
        58887,  75490,  29579,  19287,  64715,  95186,  93116,  28937,
        83740, 113869, 103087, 121892, 121382,  44798,  36575, 134716,
       152303, 142449,  31587, 121719,  44336,  55729, 120709,  91467,
        35844, 111824,  62879, 138537, 105869, 135468,  13086, 128079,
        32124, 127494,  73791,  12746,  80425, 116953,  39146, 136660,
       141002,  10346,  73893, 132098,  89332,  34708,   3116,  63501,
        53627, 130183, 126060, 150610,  75088,  11043,   7036, 108943,
       128111, 124658, 120614,  29553, 116271,  61849, 150555,  75926,
       114817, 139193,   8241, 119140, 144039,  71181,  39239, 124909,
        21062,   7124,  87680,  14432, 153297, 123539,  83004,  84893,
        59418,  90562,  26776,   7686,  83804,  56552, 103864,   5949,
        65222,  83028, 143483, 125883,  60344, 111180,  49200,  77504,
       125050,  48265,  18346,  44207,  16903, 150544,  18171,  41584,
       143274, 141990,   1023,  41142, 127960, 100970,  39779, 134781,
        20273,  26809,  15839, 140300,  98118, 123741,  13665,  52187,
        54035,  73889,  53158, 115305,  69174, 125495, 108659,  99663,
       149713, 137875,  20596, 135105, 127082, 146853,  37535,  36292,
       108797,  24226,  83087,  15218,  46722, 104383,  32046,  90497,
        32102, 110006, 150095,  91984, 128914,  25601,  99502,  28926,
        86848, 119310,  83698, 140752, 110654,  95831,  43889,  54415,
        72668, 101040,  31870,  74017,   7433, 112875, 119187,  53313,
       117270, 130668,  57604,  27682,  80049,  72764,  96315,  42073,
       129400, 129362, 103958,  29534,  79997,  16704,  60954,  37235,
       139888,  48416]), array([ 57710,  35493,  24801, ...,  50973, 105293, 118575])]
shape of feat_train: (11544, 602)
Mean accuracy: [0.9266020891314563, 0.0003837241694899257]
