Namespace(dataset='flickr', dropout=0.0, epochs=400, gpu_id=0, hidden=256, inductive=1, keep_ratio=1.0, lr=0.01, method='herding', mlp=0, nlayers=2, normalize_features=True, reduction_rate=0.03, save=True, seed=15, weight_decay=0.005)
size of adj_train: (44625, 44625)
#edges in adj_train: 218140
Test set results: loss= 1.5456 accuracy= 0.4714
idx_selected :  [array([10109, 13036, 20803, 24367, 29387, 34528,  8286, 19084, 38377,
       21342, 37860,  9465, 26205, 30816, 16106, 26208, 12491, 24532,
       31793, 31506, 13182, 25961, 41324, 32072,  3265, 35189, 24059,
       22755,  9360, 40450,  8114, 42124, 24292, 15353, 15193, 43736,
        6572, 25918,  4133, 10367, 12330, 37562,  6100, 26197, 28983,
       34014, 36919, 43429, 42432, 22208,  2583, 22537]), array([23596,  6304,  2718,  3847, 27627,  7060, 31223, 21587, 36966,
       36427, 33310,  7764, 35471, 31676, 37065, 22442, 22525, 42287,
        8625, 11300, 39036,  3123,  8356, 14590, 14520, 43460, 36291,
       44421, 11031, 33382, 20255,  9858,  9711, 16532, 24490,  8774,
        7551, 37548, 31567,  5276, 30232, 12128, 30644, 10444,  4591,
        6997, 32128, 41170, 18133,  1627, 34567, 23450, 35668, 19098,
       40721, 27629, 42449, 28479, 36470, 41592,  4761, 31040, 39001,
       18701, 32848, 24193, 41681, 10547, 38787, 32955,  8672, 37387]), array([10631, 40715, 23647,  2708,  7405, 25834, 38469, 10154,   949,
       35583, 13449, 30188,  3813,  8210, 10517,  9936, 38545, 22388,
        4077, 26673,  1080, 40696, 18167,    97, 41829, 40807, 24293,
       27559, 44048, 20707, 22273, 38482, 35230, 24378, 10919, 13226,
       28389, 13501, 38379, 37705, 31928, 27269, 37647, 32194, 43832,
        5396, 32910, 17419, 10789,  2467, 31257, 18026, 32037, 16185,
       21201, 22818, 40063, 11295, 26412, 32856,  7350,  9216, 20587,
        9788,  9624, 35414,  8259,  7374, 16302,  1551, 13279,  5232,
       17590,  7487, 34833, 13329,  7645, 35743]), array([34029,  6027, 21380, 20802, 44037, 27683, 38204, 13675, 10526,
        8373, 32288, 25665,  6692,  9074, 31635, 36873, 33715,  1388,
       30328,  6529, 25975, 18329, 32969, 22983, 27607,  9924, 15920,
       38544,  1615, 23961, 42857, 32738,   649, 34310, 39829, 37032,
       24920, 41257,  5919, 19904, 37291, 34923,  6875, 27823, 42349,
       34086, 27700,  8516, 16124, 11320,  3189,   972, 35824, 10421,
       15795, 34571, 38076, 12523,  6098, 14089, 29230, 36781, 18913,
       18344, 32579,  5543, 41896, 27171, 36658, 24954, 34754,  6429,
       40081, 29111, 29063, 34633,  9362,  7914, 12974, 25850, 28791,
       21069, 26903, 18311, 16018, 24840, 15130, 21063, 28097,  1526,
        8489, 20723, 25212, 36218]), array([34047, 10040, 13468, 26232,  6083, 41217, 18174,  6674,  4758,
       22522, 25782, 11187, 34458, 34860, 15959, 22954, 32530, 21368,
       28237,  5480, 36543, 22034, 17989,  5488,  7174, 30948, 12569,
       26475, 11026,  8402, 27313, 31782, 15149, 18505, 33518, 20361,
       31915, 36257, 31332,  6191,  9451, 29886, 35858, 24793,  1738,
        8596, 43811, 32733,  7411, 38319, 21308, 36409,  7059, 13516,
       30902, 41769, 27716, 36095, 13326, 22101, 42813, 35990, 14770,
       37052, 27399,  8175, 10853, 35061,  4898, 17522,  3150, 30708,
       12812, 21548, 23442, 26249,  4252, 36465, 35960,  6992, 23577,
        9709,  6638,  4407, 18096, 12804, 42590, 24003, 27284, 39522,
       41395, 44209, 34321, 35485, 23167,  6694, 41996, 43567, 29461,
       11272,  4428, 29103, 13784,  7212, 36515,  2026, 32466, 37214,
       25845,  5566, 23937, 18052, 12777, 42043, 41008, 40222, 44173,
       17633, 23656, 38930, 44195,   295, 37010, 25679, 10981, 20410,
       10568, 33357, 26701]), array([13630, 18467, 28316,  3310,  9518, 32284, 26332, 23943, 44458,
       19102, 16338,  1932, 20908, 10409, 15999, 44080,  2758,  4598,
       37798, 28205, 37337,  2513, 20887,  4978,  4706,  1401,  6957,
       11041,  1750,  7552, 26282, 40236, 33297, 24691, 17734, 16735,
         798, 29556,   711, 32731, 16210,  1497, 35073, 22836, 16379,
       32246, 40599,  6060,  2310,  5389, 26200,  6205, 34562, 13494,
        8301,  6837, 20512, 17566, 39975, 15000,  1327,  6094, 27448,
       40433, 20243, 18619, 10855, 24893, 26859,  8687, 11270, 23721,
       28006, 41044, 40604, 12501, 21039,  9104, 38994, 16094, 33007,
       33450, 39132, 14423, 14752, 40288,  2914,   152,  3286, 34387,
       16255,  1345, 22649, 19433, 10607, 20555, 11141, 13024, 27492,
       16100, 10530, 25535, 17519, 10646,  6916,  9746, 12517, 13379,
        7327,  2559,  9925, 35783,  4780, 39368,  2153, 20046, 35112,
        6505, 31010, 13173, 41159,  3384, 29006, 21747, 27826, 16310,
        3420, 31083, 31211, 42893, 36300,  2658, 27020,  6331, 23268,
       24319, 42306,  6380, 40041, 27722, 21477, 11109,  6797, 36687,
       29029, 18327,  2930, 17435, 18737, 30752, 30988, 26575, 28870,
         120, 10268, 15250, 11085,  1969, 36650,  9429,  2997,   463,
        8158, 13136, 43886, 17109, 34576, 38349, 14570, 41718,  2516,
       27669, 41695, 40040,  1910,  9087,  1890, 27364, 20618, 36860,
       27635, 36156, 31140,  6995,  9884, 22627, 22341, 12758, 20973,
       20620, 41808, 41803, 41079,  3789, 14161, 23968,  9346,  9168,
       31316, 16240, 12323, 18804, 28842, 19189, 11514, 16743,   570,
       16461,  1395, 16926, 25791, 23932, 28057, 33663, 26680, 40276,
       43027,  3209, 30253, 17805, 13188, 28780, 28457, 20287, 19719,
       38286, 18046, 35653, 11409,  4686, 40283,  9553, 24427, 41969,
       22800, 17002,  4564, 22771, 42496,  9655, 14534, 25125, 26068,
       43208, 16141, 19948, 33957, 42633, 35139, 29943, 26285, 28908,
       29949, 19806,  8421, 14413, 33555, 14944, 15221, 33780, 19457,
       28956, 38092, 13096, 25512, 13519, 35211, 14006, 33724, 22833,
       12613,  8461, 29250, 31774, 21264,   799, 11852, 23377, 10236,
       38247, 34824, 14977, 36982,  2790, 29198, 43827, 33390, 16746,
        8930, 36702, 28515, 17792,  5501, 13920, 19463, 15115,  1308,
       29015, 29530, 11773, 11911,  9477, 28004, 27678, 18656, 29460,
       29295,   772, 10023, 41204, 34579, 36923, 21642, 36659, 37971,
       40062, 16568, 35977, 43169, 40293, 33385, 20836, 13394, 18488,
       34879, 23920, 21801, 18709, 30214, 23119, 22743, 34204, 21310,
       23040, 22722, 41303, 11802, 31215, 23633, 21804, 27799,   691,
       10546, 15064, 12123]), array([ 5948, 18914,   911,  1659, 11702, 11257, 35194, 27864, 15783,
        3961, 42792, 44189, 35304, 38221, 34379, 26270, 34825, 19152,
       26904, 31103, 37747, 43975, 18637, 42589, 40976, 24698,  7523,
       43959, 35563, 24659, 32995, 23049, 21038,  1457, 38215, 29671,
       23404, 19643, 34264,  6525, 14459, 23663, 14755, 38276, 19340,
       13632, 24314, 17678, 43601, 11860,  7780, 24996, 10900, 29564,
       44239, 30086, 14994, 43193, 29547, 20527,  3833, 34660, 31896,
       22803, 37881,  2297,  5910,  7957, 28685, 42456,  3912, 22539,
       33665, 27993, 10035, 26428, 25943, 17393,  3154, 18435, 20576,
       30217, 33414, 43903, 31950, 17554, 40311, 23634, 23437, 34272,
       22047, 19870,  9354, 29496, 40118, 13877,  6777, 31770, 42460,
       16648, 29815, 32274, 26791, 21092, 11480, 31339, 21410, 28945,
         363, 10584, 26721,  3076, 17685,  7197, 31841, 24073,  7131,
       24825,  7224, 15690, 41812, 15767,  3952, 22705, 23670, 22628,
        4354, 31227, 40549, 27617, 27997, 44440, 40039,  3791,  4202,
       10334,  1527, 35395, 37552, 21331, 28751, 15517, 41394, 21270,
        9928, 23369, 37332, 24217, 27825, 42219, 36535, 42806, 33977,
       23181, 36332, 30760, 23977, 22377,  7390,  8040, 30787, 38040,
        7799, 35255, 41746, 31089, 28895, 34626, 11011, 22571, 24143,
        5301, 17099, 13089, 17186, 32200, 40227, 41476,  1476,  7282,
       33296, 38151, 11254, 24493, 35209,  8186, 19665,  3303,    20,
       10829,  7954, 42264, 44133,  8405, 42140, 38696, 43240, 12160,
       37662, 37288, 35394, 23170, 44409, 39154, 29359,  9870,  7973,
       30529, 24586, 12209, 20903, 29568, 29603, 39334, 12806, 17344,
       43874, 16726, 26694,   774,  9410,  3760, 34223, 43541, 16352,
       32365, 25234, 16430,  3387, 36041, 25133,  5339, 44040,  2871,
       19166, 43544, 38056, 42860, 26241, 23391,  8073, 32351, 15757,
       36056, 25869,    47, 16212, 15349, 17021, 29481, 24945, 33035,
       43621,  8107,  6973, 33756, 43230,  4866,  7903, 37490,  5251,
        9322, 35464,  2666, 15532, 21706, 10610, 23764, 16445, 22204,
       35146, 38846, 25567,  6625, 35785, 29210, 42867,  5379,  5757,
       31944, 20542, 26268, 33119,  4481,   808, 18819,   504, 22349,
       43236, 37978,  8448, 31821, 38810,  8742, 24479, 42565,  5868,
        5314, 31146,  6754, 25592,  7339, 31495, 41043, 39172, 29108,
       41177, 43447, 38732,  9910,   522, 10098, 32920,  3919, 24002,
       23100, 27045, 26075,   390, 29985, 40458, 41145, 21894, 41636,
       40624, 17928,  1036, 12556, 12893, 44526, 22318, 37184, 23781,
       12109,  9073, 20911, 34262, 16163, 16679, 27718,  6512, 16030,
       12979,  7070,  5236,  6136, 28607, 23192, 40785, 42755, 12352,
       31717, 20704,  8285, 43050,  3430,    32, 26675, 17686, 18313,
       35782, 33759, 14783, 36913,   699,    52, 25023, 33000,   643,
        5061, 21032,  7605,  8187, 27347, 14436, 36275, 10044, 39716,
       19011, 40377, 34770, 42289,  6381, 28104,  3028, 27246, 15683,
       20972,  6499, 32894, 40872,  1475,  6071, 30024, 26932, 18879,
       20827, 40846,  6164,  4860, 20568, 28376, 43000,  1415, 27311,
       44562, 10940, 30443,  7150, 40866, 14914, 13271, 33876, 13179,
       37336, 24654, 43520, 44299, 39440,  6473, 24922, 21626, 37267,
       37910, 13995, 18006, 30926, 13258,   498, 33570,  5352, 30993,
       30095, 21728,  8132, 29152, 38750, 24247, 10220, 42829, 40834,
        5666, 27527,  9780, 28788, 27600,  4096, 30656, 11615,  5193,
       41865, 15591, 17716, 42979, 35598, 10983, 27921, 20661,  7629,
         813, 42146, 26546, 44355, 12692, 30250, 28408, 29271, 12057,
       41728, 37697,  8212, 14672, 10487, 39913, 16132, 10827, 16882,
        6865, 27851, 12164,  9860, 43618,  9247,  2564, 34212, 26733,
       17396, 27086, 28991, 22738, 31496, 19784,  3445, 15035,  3282,
        7928, 22647, 36449, 30609,  5166,  9292, 42062, 34222, 30801,
       40457, 16809,  3020, 27336, 32245, 13983, 35290, 40829, 12961,
       10307, 40300, 15131, 35710, 21125, 32959, 10501, 12006, 16659,
       37882, 22679, 42808, 20027, 25853, 14207,  2574,  6988,  2642,
       20775, 12838,  9567,  9030, 10559, 14008, 26981, 14126, 23898,
        3461,  5277, 16287,   341, 19626,  1817, 10808,  1921, 28148,
       36959, 22572, 27359,  7102, 37045, 17930, 44528,  8138, 19133,
       43547,   692, 19324, 37095,  1905, 29265, 20718, 28441, 34906,
       35556])]
shape of feat_train: (1338, 500)
Mean accuracy: [0.4448034777932147, 0.007401157611277236]
