Namespace(dataset='reddit', dropout=0, epochs=400, gpu_id=0, hidden=256, inductive=1, keep_ratio=1.0, lr=0.01, method='herding', mlp=0, nlayers=2, normalize_features=True, reduction_rate=0.002, save=True, seed=85, weight_decay=0.0)
size of adj_train: (153932, 153932)
#edges in adj_train: 10753238.0
Test set results: loss= 0.4403 accuracy= 0.9413
idx_selected :  [array([13694]), array([97335]), array([ 67316, 151853]), array([36456, 28110]), array([123541,  84576]), array([ 82638, 134123]), array([150745, 112905]), array([ 92259, 110367]), array([ 78624, 110403,  35734]), array([110337,  15991,  28638]), array([ 77495, 125542, 145353]), array([118869, 103974, 112037]), array([98249,   631, 36670, 48037]), array([115565, 135952, 104505, 132144]), array([132162, 111036,  62986,  26586]), array([25595, 44804, 49208, 73249]), array([ 26937,  74741, 130424,  24532]), array([ 67576,  58175, 144801, 129902]), array([120018, 151156,  41445,  64555,   6923]), array([  1246,  13833,  18702, 104049,  97675]), array([131943,  97878,  28602, 147035,  77991]), array([ 50727, 148024,  65853, 137920, 148569]), array([ 24352,  39811, 132406, 110355, 137709]), array([ 91023, 119346,  40492,  89904,  65899]), array([114061, 129074,  15024, 120098,  29616,  80075]), array([ 77823,  92553,   4188,  93717,  89082, 104279]), array([ 62477,  95463, 136846,  32892,  45866, 129680]), array([ 12481, 144531,  19701,  59606,  49643,  22106]), array([139760,  75479,  87074,  91562,  85499,  55235]), array([ 79088,  16568,  80658,  71656, 103809, 139021]), array([ 13161,  82755,  25727,  35983,   3550, 144241, 149251]), array([  9166,  35305,  44442,  48164,  64695,  30385, 147565, 122236]), array([ 68271,  68948,  63761, 133524,   2105, 118880,  71475,  79068,
       117655, 129098]), array([  3151,  53159,  74285,  12591,  45496, 103130,  16910,  22628,
       106235,  29384,   1996,  89799, 117337,  49291]), array([110587,  52728,  16762,  65860, 120687,   9644, 103018, 138172,
        53144,  24052,  36623, 141054,  92257,  72883]), array([  7832,  65519, 146856,  20305,  87147,  71821,  12230,  93295,
        86607,  37814,   7821, 137313, 129877,  87549,  42312]), array([100794,  63290,   9293,  91395,  54610,  54083,   1710, 136410,
       151546,   6284,  17929,  26768,  14514,  59451,  92546,  29010]), array([138053,  11854,  11386,  91590, 122582,  62209, 112829,  35850,
       130782, 106371, 123313,  32842, 140080, 141209, 105073,  81729]), array([124341, 113762, 142821,  67254,  10805,  36959,   8045, 135129,
       127275,  44765, 124104, 145986,  19846,  55629,  40869,  59103,
        99603,  67993]), array([ 37299, 139482,  45493, 145610,  85622, 118135, 126452, 136073,
       147405,  62635,  92458,  90418, 129595, 112965, 113532,  62353,
       111735,  77504,  72125, 137362, 118913]), array([ 57710,  99729,  85292,  36076,  27193,  58733,  30117,  83044,
        87850, 107809,  37425,  69396, 122502,  47535,  35493, 145317,
       116583,  16288,  21112,  77884, 121159, 104027, 114315,  41760,
       128974,  54431, 104230,  75651,  48528,   9224,  51499,  55126,
        64276,  38495, 103948,  43112, 101397,  99841,  24801, 143799,
       110356, 130458,  67882, 126443,  45272,  98813,  57131,  91968,
        51180,  25944, 113166,  21440])]
shape of feat_train: (307, 602)
Mean accuracy: [0.7038186286912207, 0.01708354823191233]
