Namespace(dataset='reddit', dropout=0, epochs=400, gpu_id=0, hidden=256, inductive=1, keep_ratio=1.0, lr=0.01, method='herding', mlp=0, nlayers=2, normalize_features=True, reduction_rate=0.02, save=True, seed=15, weight_decay=0.0)
size of adj_train: (153932, 153932)
#edges in adj_train: 10753238.0
Test set results: loss= 0.4646 accuracy= 0.9393
idx_selected :  [array([ 13694, 111146,  16130,  14334]), array([ 97335, 109506,  32563, 132075,  36543,  54753, 139038, 114163,
       134471,  49905, 139551,  75220,   2869,  11206]), array([ 67316,  29987, 134983,  74451, 151853, 140447,  80464,  25111,
        84153,  56074, 113487,  85304,  63981,  19161,  23562,  74959,
       135154, 139821,  52459,  64657,  96494]), array([ 36456,   3727,  54399,  91819, 103307,  25555,  94720, 130112,
        55040,  49871,  78966,  19336, 106473, 143014, 132824, 145970,
          393,  80048,   2506,   8569,  62910,  14125]), array([113413, 109915,  85059, 122185,  84576,  85202,   6425,  52201,
        51709, 123696,  95486, 115852,  81497, 134521, 126767, 143281,
         8605,   9498,  50892, 109495,  44701,   7608]), array([ 82638,  33889,  17577,  87818,  42553,  69130,  84147, 135607,
        62269,  26383,  50319, 116946,  39607, 134123,  22906, 128073,
        48461,  22682, 111678,  70102, 113612, 146276, 139614]), array([112977, 117286, 112905,  98468,  24081,  75511,  67021,   9410,
        60723,  75721,  58492,  81197,  98571,  34702,  72205, 145672,
       104498, 114818, 100758,  88598,  44102,  18974, 126558,   5314,
        37852,  23718,  62546,   4132,  43141]), array([132163,  51002, 114473, 128437, 120221,  42238,  16082,  52754,
       104908,  78092,  71690, 107456,  32251,  38840,  85112,   7814,
        27996,  70631, 110087,  40998,  57260, 119892, 110367,  90815,
        81432,  14076,  95863, 110189,  11923]), array([118520, 101665,  95052,   4011,  35734,  59165,  82788,   1070,
        59087,  11776,  58598,  96251,  98043,  93059, 103284, 131014,
        95918,  63586,  40929,  38565,  70775,  55355,  77487, 123621,
        66790, 110403,  91014,  88712,  75439,   1029,  66902]), array([ 28638,  15991, 110337,  86229,  34880,  81357,  99651,  45907,
       146973,  84937, 106669,  47101,  44493,  11487,   2477, 109606,
        34334,  42782, 115258,  34656, 120518,  12834,   3633,  48171,
        38526,  27563,  81293,   1371, 113644,  95213,  16723,  48780,
        31790]), array([ 77495, 125542, 100804, 145353,   2623,  59985,  78387,   1116,
       153834,    961,  45170,  35453,   6852,   8929,  98743, 125343,
       102112, 126479, 125418,  31975,   4905, 148815, 145673,  48331,
         3133,  57186,  47281,  21870,  71198, 107176, 123792, 148138,
        68137, 150609,   5983,   5217,  26880]), array([103974,  54530,  58415,  36095,  93400,  57375,  90805, 108579,
        92516, 112619,  97595,  91154,  19214, 112037, 118869,  37043,
       147698,  84111,  75706,  89019, 139169,  33305,  15304,  90475,
        96867,   1944, 116951, 103589,  92297,  29804,   6201,  39784,
        95219,  25938, 150260,  63080,  91743]), array([ 98249,  48037,  36670,    631, 103191, 107048,  46920, 113731,
       101970,  45437,  98307, 104762,  71102,   6617,  41317,  59930,
        53895, 112217,  59290, 108071, 143649,  49212,  57964, 153034,
        73646,  94360,  91135, 131501, 110396,  25150, 144176, 153685,
       150205,  65880,  68143, 128588,  28057,  35779, 136905,  66244]), array([135952,  74183,  86581, 104505,  12328, 151383, 104431,   1975,
       132964,   9384, 135294,  33758,  47361,  71209, 110268,  90916,
        31424,  97606,   8777, 138865, 143029,  41890, 108350, 136371,
       116435,  62602,  23132,  94862,  30136,  27191,  11104, 119601,
       103987, 138509, 141499,     76,  90649,  65038,  57201, 133189,
        30816,  78731]), array([  8560, 104803,  10113, 110635, 132162, 121242,  50827, 104964,
        91516, 122672, 138437,  27086,  43431,  35285, 116286, 114346,
        15554, 123975,   1926,  62986,  92062,  16653, 133482,  43551,
       133545,  13265, 127157, 150687,  59670,   6916, 134237, 142677,
       105124,  40602, 138001, 148321, 153022,  26586, 116281,  74293,
        28657,   1768,  61057, 145278]), array([ 25595,   6381,  52385,  49569, 150675,  15388,  40993,  73249,
        33796,  76296, 144884,  25947,  49208,  44804, 144782,   3350,
        74453,  93809,  79006, 109701,  84739,  30373,  98135,  20391,
        42479, 150000,  62314, 118781,  54909, 109646,  94651,  19943,
       113064,  80482,   3802,  11831,  11543,  20755,  29096, 109918,
        47902,  94648, 107442,  13242,  72098]), array([ 26937, 135092,  16767, 118385,  77966, 140926,   9198,  52561,
       123838,  46021, 130424,  95809,  33791, 148186,  50255,  29737,
        73151, 146800,  98494,  87214, 108515,  98244, 118618, 121390,
         3224,  94920,  73879,  13081, 132501,  26846,  64916,   6544,
        83216,  30911, 128707,  38564,  96078, 148285, 150430, 139197,
        74302,    263,  99285,  31816,  53258,  94355, 124418]), array([ 67576,  58175, 144801, 129902,  16544, 150182,  93713,  42843,
       150291, 123547,   2707,  54209, 120668,  22215,  58249, 108067,
         2722,  27793, 122105,  16804, 148813,  28257,  41806, 134629,
       140353, 114354, 128252,  71000,  85487, 100922, 114075,  15521,
       117958, 141964,  81296,  19832,  89298, 123964,  10444,  78243,
        22272,  68204,  81033,  11213,  60423, 129903,  68866]), array([120018,  67810,  82106,  76430, 117425, 114922,  25870,  79172,
        82249,   6923,   5290,  36340,  46171,  21807,  49656,  82384,
        89780, 102180,  92908,  77633,  37641,  49960,  62606, 118746,
        74766, 125642,  97534,  49033, 123723, 124805, 104846, 147311,
        63121,  64555, 108732,  43061,  41445, 134628,  58404,  47903,
        83960,  16019,  38412, 108380,  54707,  98727,  51792,  79141,
       114863, 153757, 113203, 103338,  26218,  42530,  53472, 102189]), array([  1246,  32150,  36113, 130353,  13986,  45117, 127398,  73873,
        42084,  23855,  13833,  32731,  52160,  81482,  86369,  76174,
       115996,  79083, 152559,  25188,  60915,  58348,  11403, 123504,
        49441,    367,  12694,  29648,  92295,  92248,  18477, 149584,
        82968,  50917, 125380,  93671, 105764,   2365,  88626, 145933,
       114469,  92833, 150900,  10476, 122390,  15825,  14219,  56309,
        85162,  33829,  51690,  84773,  56180,  51503, 104049,  13839]), array([ 97878,  37610,  88582,  88099,  77991,  30736,  86881,  21842,
        70658, 153070,  91575,  95407,  26353, 143229,  14216, 147035,
        52853,  56619,  98061, 103113,  60163, 141433,  91187,  36863,
       131943,  42961,  11225, 125124,  44080, 103635,  59013,  63215,
       123334,  25128,  79945,  94993, 137162,  22647, 118050,  54374,
        10751,  67036, 110064,  45155,  49789,   4897,  44235,  44145,
        88931,  37317,  59746, 136266, 124111,  72484,  17448,  10583]), array([125975,  32775, 137920, 148569,  82567, 105113,  70443,  10183,
        65853, 148024, 120475,   8150, 112047, 126923,  88364,  31770,
       106736,  22716,  67087,  67005, 133021, 140578,  58173,  50727,
        52612,  47334,  87328,  77469,  75904,   6537,  96547, 125348,
       132971,  18336,   1172,  99331, 121727,  12104,  11149,  62762,
        51492,  57825, 144695,  14041,  46427,  91215,   1129, 143903,
        91920, 151989,  85623, 145792, 134656, 147325,  14684,  23956]), array([151566,  90889, 137709, 112798,  39811,  33788,  26532,   1527,
        65491, 110355,  35936,  34752,  28649,  89911,  90644, 116400,
       123408,    781,   4222,  30713,  94022,  21520,  80014, 152122,
        66040,  78325,   2512, 126305,  33667, 117021, 122381, 141898,
        35210,  20532,  42640,  37860,  89731, 112191,  88133, 106574,
       100688, 112642,  15177, 111908,  35486,   9500, 122635,  57706,
        56049,  10510, 115920,  97412,  79476,  30936,  86305,  88553,
       146510]), array([ 24760,  16865,  49749,    304,  40492, 119346,  59956,  38989,
        53032,  61234, 146498, 107499,  10693, 115797,  96340,  10647,
         2781, 109299,  78229,  49390,  43123,  75286,  82871,  28878,
        50752,  45147, 115028,   8404,  63807,  58023, 105315,  95620,
        19387,  81071, 116961,  13620,  46349,   1788,  51594,  89904,
        79015,   1491,   2843,  59861,  51637, 150336,  20834,  46182,
        70439,  27382, 103499,  55889,  84264,  32746, 153567,  90928,
        19700]), array([114061, 140230,  10995, 153133, 142154, 129074,  59198, 100876,
       132513, 116976,  95757,  29616, 119464,  48707, 120098,  90512,
        47276,  60804,  79959, 113494,  72092, 113157,  80075,  55696,
        58694, 133720,  36504,  32548,  89626,  96611,  53377,  76031,
        91635, 107400,  86032, 108614,  88523,  90417,   2653,  54206,
       141503,  32660,  48783,   7689,  30319, 106735,    814, 106510,
        12273, 140956,   9552,  73467,  45770,  18194,  15349,  93424,
       136373, 116990,   9142,  11799,  90597,  91078]), array([ 77823,  16912,   4188,  93717,  89082, 104279,   1730, 120027,
       135549, 150843,  85125,  92553,   9487, 118253,  33891, 140624,
        74385,  41281, 101095,  68452, 132936, 137517, 117864, 122938,
       105306,  13345, 102127, 135787, 135360,  76235, 126329,  31879,
        56408,  49926, 102293,  13113,  88195, 105118,  23902,   3147,
        81558,  93458,  92925,  17112, 140936, 136102, 128337, 113110,
         4496,  46685,  31503,  96535, 134256, 119495,  21292,   8361,
        19584,  33577,  81564,  58922,  77064, 132172,   5073, 107275]), array([ 62477,  85225,  45866, 122891, 105740,  39810,  87960,  98949,
        82084,  82501,  71445,  54551, 112231, 118089,  93039, 105062,
        97547,  73020,  47681,  21048,  56060, 121607,  54377, 136406,
        39327, 119118,   9954,  53394, 152077, 121648,  20098, 118510,
        67070,   7357,  93795,   7302, 108689, 129680,  32608, 147756,
        11188, 109675,  16856,  19181,   9692,  52837,  53527,  25771,
        16532,  32892,  66763,  40837,  17644, 127671,  49657, 105020,
        81374, 129474, 149608,  20808,  23918, 113965, 141966, 100639,
        69759]), array([ 12481, 110507, 102016, 114756,  19701,  53195,  22106,  49643,
        59606,  50086,  12165,  87855,  71622, 100904,  87219, 100200,
       118402,  45233,  95912,  47225, 113053, 122934,   9542,  66018,
       137317,  99575, 148846, 146202,  12355,  94237,  29673, 129174,
         4836, 133206, 148097,  90822, 122861,  23916, 125726,  63910,
       139376,  35271,  75744,  72003, 144531,  55890, 111917, 107083,
       103946, 138778,  64458,  98554,  79536, 145572,  74155,   5565,
       113942,   3203,  36570,  90465, 132495, 123021,  96179, 103485,
        26589,  56693]), array([145649,  69890,  85499,  91562, 112978,    790,  87074, 134916,
        55235, 143231,   6817, 148034,  41985, 151360, 153813, 119564,
        75479,  76181,  82260, 153455,  38465,  56538,  54582, 145645,
        60621,  50425, 103730,  23605,  30192,  99119,  74965, 150653,
        82584,  89054, 134772,   6138,  60942, 135804,  49665, 121376,
        68004,  64728,   8785, 133660, 147368, 148609,  83881,   9668,
       129490,  99948,  71381,  37084,  28040, 141670,  14728,   1741,
        81273,  14834,  36531,  44468,  22443,  50821,  18242,  11025,
        18090, 132413,  35591]), array([ 79088,  16568,  80658,  71656, 103809,  51265, 102705,    237,
       136669,  60626,  51961, 113784,  75258, 127496,  46541, 118014,
       100964, 137396, 105008, 100771,   2166,   1726,   5540,    603,
       107925,  90242,  56269,  65919,  52985, 142607, 121825, 136145,
        29018,  59531,   7479, 146671,  32163,  18896,  68547,  79127,
        29840, 114164, 144187,  27041,  81736, 124133,  46207,  37181,
        90103,  37203,  93528,  17820,  60821, 144959,  37788,  52529,
        75581,  45683,  15965, 101132,  93585,  59342,   2542,  32073,
        21586, 108125,  98688]), array([ 13161,  35983,  91110,  25727,   5862, 127035,   7132,  45149,
       144488,  67826,  14694,  41475,  52686,   3550,  66393,  28310,
        56052, 124490,  76428, 115627,   2965, 120312, 125831,  91172,
         7526,  24858,  69249, 120077,  69728,  66388, 152002,  59430,
        89903, 139509,  55925,  63269,  39141, 113950, 149251,  46329,
        18282,  72812,  71828,  57478,  15834,  15660, 126083,  41611,
        34566,  25876,  64625,  31997, 115486,  93776,  21557,  92576,
       144890, 101856, 128397,  17852,  49391,  20183, 114823, 111406,
       128732,  57832, 100790, 109641, 141566,  58490,  64355,  70187,
        67099,  66031,  64720,  64915, 119068]), array([111405,  30385,  35765, 128589,  48164,  44442,  88368, 121275,
       121161,  74551, 123825,  47566,  87314, 102985, 116344,  92822,
        54814, 108876,  30284,  29776,  49167, 115444,  70519, 109453,
        37216,  78001, 132591,  29541, 147565, 118390, 151711,   9235,
        94553,  98538, 120201,  23398,  20511,  26491,  40761,  22836,
        18874,  86721,  89807, 103666, 127919,  46022,  33835, 130287,
       103402,  19544, 122236,  27943,  81731,    432,   1409, 115393,
       120113,  22932, 116747, 148341, 125409, 129402, 112393,  54141,
       114376,  56724,  76480,  83913,  52179,  72802,  19502,  64859,
       111457, 129296, 142152,  58707,  42281,   4537,  78537,  98942,
       121516]), array([ 68271,  68948,  63761, 129952,   3826, 102077,  25190,  24999,
        12160,  33970,  46994, 128176,   6913,  62727,  15449, 114773,
       128386,  30500, 129970, 143830,  42733,  99208,  79068,  76441,
        82833, 111253, 143613,  92868,  59042,  83525, 105845, 109438,
        81281,  12962,  89500,  64506,  79861, 106891,  48910,  25473,
       142406,  32987, 149560, 134948, 129098,   1053, 146726, 118880,
        16449, 107844, 127319,  42443, 135039,  43673,  58646,  25544,
       119574, 126178,  26391,  64082,  46051, 129393,  91043,  85430,
        40042, 143534, 117984,  62472,  49861,  42383, 119479, 118369,
         2105,  74045, 103336, 113899,  71273,  17460,  85336,    368,
       134545, 108051,   2901,  74378,  74932,  56257,  34945,  15343,
        37645,  70251,   6427,  71475, 107912,  78628, 113231,   7815,
        28278, 138432,  42044,  41026, 119805,   4805,  86231,  80629,
        67062, 130257,  76844,  76398]), array([  3151,   1916,  36572, 153569,  49291,  71977,  61090,  58586,
        53159, 105647,  91228, 125561,  19541,  23368,  89799,  15161,
        89581, 126544,  49850,  44210,  83089,  72072,  40213,  57433,
        50109, 144021, 118707,  72831, 105505, 153151, 147138, 130288,
       153810, 105435,  77387,  33700, 139261, 113309,  89300, 103287,
        92270,  20913,  96560,  72062,  22628, 133536, 112187, 149652,
        99645, 148694,  15575, 122056,  99005,  12591,  44365,  34225,
       123556,  95661,  66658, 117522,  37405,  83788,  33663,  17272,
         9196,  53554, 129268,  66194,  45496, 145406, 132897,  43073,
        78342,  41544,  34594, 141950,   4134,   1037,  30087,  25823,
       117337,  54696, 121098,  75536, 105457, 115236,  87848,  62497,
        35866,  40606,  78814,  12227,  32351,  29029,  44976,  41379,
        83369,  43573, 131884,  20352,  29384,  37035,  84154, 153458,
        64855,  88881,  83020, 145221,  95473,   4302,   5721, 151881,
       131470, 139790, 122695,  56505,  49637,  22865, 121083,  54720,
        26112, 110382, 138195,  91571, 111339, 111840,  53177,  19840,
       139395,  98466,  46832, 100870, 116667,  30584,   3136,  41506,
        12422, 104772, 109291,  53725,  68231]), array([110587,  90746,  53144, 120687,  72239, 136391,  52728, 136814,
       138172,  57419,  72883,  92570,  51743,  95443,  21833,  69168,
        24449, 128539,  24052, 118738, 103018, 140834,  82658,  67024,
       147917,  21984, 115686, 101818,  76100,  18442,  37143,  41184,
        95222, 142077,  61612, 111616, 138067,  74879, 106765,  22502,
       137990,  75271, 143081, 123613,  65860,  67561,   8713,  20393,
         6828, 115403,  75724,   5149, 105516,  53612,   9644,  11510,
       142967,  19000, 121493,  67226,  62640, 112059,  11474, 138777,
        84099,  80370, 124689,  38486,  63237,  36623, 136687,  19144,
        24754, 100474,  23852,  58393, 133226,  54817,  33827, 120659,
       112821, 113790, 109083,  68788,  22679,  60894, 142959,  74096,
       143297,  19172,  68572, 147503, 101058,  16762,  24988,  18198,
         4449,  12288,  55734,  58723, 136678,  65055, 152958, 136304,
        22997, 118860, 104483, 103456,  37981,  95923, 115422, 115603,
        10292,  26318,  88985,    486,  45231, 110163,  98454,  56409,
        89982,  36052,  74898, 153170, 111836, 141702,  97611, 112700,
         1406,  81367, 117353, 136968, 143892,   7929,  15301,  72345,
        51654,  26137,  51018,  15700, 141608,  11214,  79098,  67042,
        77532]), array([  7832,   8870,  87549, 146856,  36368,  78145,  12230,  18902,
        93295,  42312,  20005, 110334, 149277,  71963,    405,  35122,
       148370,  25378,  77344, 151168, 147195,  86607,  14416, 116701,
         4811,  99163,  94381,  78683,  54315, 152908, 113508, 128034,
        55675, 146941,  91311, 143592,  99466,  65519,  41040, 149830,
        88914,  86425,  16689,  29654,  84925,    343, 116318,  54590,
       139360,  53946,  31231, 132068, 145631, 152964, 145225,  64255,
       117211,  79051,  35238,  31581,   3243, 102057,  79744,  85987,
         8594, 113629, 126023,  27178, 123790, 125905, 120267,  23399,
       129877,  31639,  99156, 139157, 110919,  55417, 108309,  87147,
       121228,  91538,  37456,  66054,  53488,  77116,  43483, 124566,
       146916, 151106,   7222,  97341, 102845,  71167,  97890,  84356,
       138045,  65856, 104861,  32094,  51372,  11500,   6583,  65962,
        81469, 125307,  48020, 114755,  20100, 114422, 108472,  79107,
       105426,  99181, 124972, 120091,  84057,  63950,  29151,   1297,
        20305,  26903, 143667,  30761,  10975,  86264,   7821,  37636,
        98502,  87980, 121303,  12345,  13355,  11314,  86221, 137090,
        98623,   6510,  21721, 135007,  13796,  79186,  61675,  36829,
        62770,  26542, 132731,  48714,  37814, 107098,   3067,   6824,
        47848]), array([ 63290,  49154,  91395,  92546,  42086,  90676,   1710, 111932,
        39744,  44848,  29010,  11522, 146779,  49195,  55812,  72530,
        39586, 100794,  52986,  59451,  14893,   9293, 105679,  46966,
        97136,  13177,  38090, 132857,  34873,  85828,  54610, 108349,
       151012,  31501,  50163,  57057,  99731, 146247, 146100, 111807,
        66333,   3941, 130130,  17261,   3280,  95624,  53457,  43097,
       136410, 103054, 107497,  54083,  82705,   4115,  78184,  14514,
       117292,  63711, 144023, 117390,  56590,  83306,  58828,  83522,
        84610, 149582,  14814,  27669,  57543, 102010, 146020,  16028,
        49508,  66387,  41341,  44082, 102258, 144198,  34310,  27873,
        93654, 104175,  40899,  75957, 140057,  77203,  38026, 150187,
       100559, 107861,  96466,  19867,  79489,  16772,  53219,  40950,
       138849,   7966,  78185,  46449,  75837,  22653, 110115,   6284,
        22586,  96382,  29017,  84813,  14412, 102117, 112229,  42147,
        35303, 138813, 113643, 115072,   6143,   4779, 103290,  28697,
        71681,  84575,  76567,  78515,    172,  44094,  19096,  48738,
        76534,  53137, 151546,  49843,  84404,  56420,  54758,  47290,
        79795,  87788,  51516,  66021,  81535, 152808, 138997, 109925,
       142840, 134094,  38336,   6792,  96768,   4861,  23565,  65239,
        95683, 102962,  60710, 130632,  82380,  51667,  22090,  42897,
        20527, 138649,  69348]), array([138053,  11854,  91590,  62209, 105073,  75212,  25583,  57561,
         6783, 112829,  10986, 151085,  81729,  35636, 148445,   4646,
        35850,  85352, 126587,  22112, 123313, 130117, 133513,  87186,
       107630, 134320,  11305,  51189,  30478,  44236, 137641, 101487,
       116455,  28369,  17020, 128689,  46858,  73481, 101039,  57957,
        39595,  39481,  89658, 152443, 110191, 100080,  37662,  74946,
       152629,  64024, 106371, 142568,  29004, 139485,  30084, 140080,
        97882, 144648, 141175, 111952, 144213, 147507,  90195, 133134,
       118464, 125665,  55500,  87878, 146930, 124628,  12018,  11340,
        52215,  82753,  69841,  44694,  88925, 137012,  13564, 149859,
       151699, 141273, 144478, 150264,  80448, 112864,    777,   9104,
        65355, 129031,  83095, 140940,  86537,  21337, 102550, 114405,
        51261,  23771, 127742,   2428,  42260,  62150,  27522,  27992,
         1824, 100744,  40308, 127921, 118328,  19933,  25998,  76970,
        71282, 111205, 100776,  54263, 101952, 121998,  93323,  60622,
       153345,  99145,  53095, 129591, 123083, 151082, 149909, 123459,
        79927,  78905, 137988,  84098, 138593, 130782,  20706,  33497,
        64784,  19213,  17159,   7197,  61761, 153750, 140333,  43395,
       110088,  61003,  44792,  44516, 121885, 131500,  34781,  40982,
        86118, 115392,  68714, 111198,  64896, 134230,  15939,  71629,
        26600,  94609,  10570, 132422, 151266,  56966,  66116, 149531,
         2334]), array([ 55629, 124341,   7892,  67254, 131092,  29596, 123911, 113762,
       149181,  36959,  25557, 108920, 142821, 149095,  75054,  67993,
        62116,  80417, 110621, 101162,  59103,  81991,   8045, 100992,
       142796, 124104,  26382,  44765, 135129,  72716,   4503,  41301,
        23651,  21748,  40869,  50833,  58405, 147791,  45041,   6728,
       119898,  39236,  54338,  28114,  64135, 134915,  92067, 128793,
        90468,  68462,  37378,  21024,  65912,  80274,  31940,  47511,
        69641, 138233,  30068,   1921,  66459, 127275,  71241,  99603,
        73572, 142069, 121317,  96666, 119039, 153198,  46812,  24970,
       132229,  92544,  73119,  83325,  75381,  17635,  68207,  33209,
       151954,  17702, 115773,  77843,  45051, 112126,  33373, 152265,
        32859, 131799,  54154, 132158, 120190,  16213,  92340, 106855,
       142389, 144739,  71122,  21767,  58209,  74193, 120604, 128609,
        15896, 125287,  98446, 121114,  39939,  22087, 127474,  43405,
        61825,  20624, 100450, 127746,   9491,   3303,  15851,  41859,
        49895, 141813, 121955, 102132,  89260,   2493,  13800,  53275,
        22379,  50942,  58082, 114887, 107758,  89901,  87654,  22144,
          441, 133590,  75052,  88687,  36112, 149870,  93248,  26551,
        25858,   5909,  31532, 145986, 107451, 111829, 140698,  89701,
        88790,  13626, 115922, 120615,  19846,  92040,  73187, 140643,
       111388,  51467,  18623,   1683,  79452,  20512, 136296,  55718,
        70201, 149179,    531,  94015,  12558,  18012, 127262,  87403,
       101300, 132980,  23078,  25260,  42827,  50625]), array([ 37299, 139482, 131652,  83494,  11008,  73865, 111735,  58382,
        43273,  52041, 127637,  34440, 130752, 137362,  85622, 131464,
        26772,  45493, 142465, 112123, 145610,  65240,  67046,  77608,
        28467, 118135, 113532,  27834,  69969, 134142,  12791, 147405,
       133062,  76243,   1712,  29666,  32997, 135711, 132063,  22120,
       132477,  73300,  79434, 126452,  10066, 112965,  20294,  62353,
        52944, 122899,   9475,  86923,  51926,  72125,  14086,  26501,
        18932,  42183,   2005, 130378, 111727, 136092,  49655,  91441,
        28097,  48751,  76684, 115642,  61807,  56274,   7240, 122244,
          108, 122510,  29422,  90924, 147316,  33785,  46928,  90418,
        75983,  88042, 149414, 111631,  85655,   8091,  52788, 123986,
        99456,  70145, 131224,  67441,  72687,  53391,  55902,  96969,
       147649,  73356,  28399, 136177, 118146, 142598, 100047,  91069,
       122463, 129595,  55149, 134217,      7,  93017,  41167,  50415,
        63901,  69094,  84085, 119364,  54092,  16377,  78433, 153930,
        41144,  33524,  92105, 136073, 107452,  49725,  38965,   7106,
        67499, 129893, 150855, 148746,  23942,  95874,  81284, 152741,
        20265,  58307,  29540,  86251,  33093,   4300,  90977, 151181,
        60699,  92458,  97359, 133011,  11823,  95784, 150799, 137891,
       130054,  31051,  92998,  79382,  67701, 127290,  83246,  34175,
       125057, 101578,  39463,   7623, 126086,  78684,  76865,  29849,
        21102, 131426, 103230,  63960, 114196,  56137,  63862,  65997,
       148458, 137304,  28067,  13711,   2232, 134593, 136900,  65033,
        84126, 118913, 103758,    649, 112372, 133186,  45238,  42050,
        87571,  53537,  92087, 137297,  38740, 151998,  67603,  27449,
         4707,   1983, 129064,  83235,  66522,  42389,  36549,  53956,
       120717, 119528,  25814]), array([ 57710,  35493,  24801,  99729,  63563,  41760, 119768,  75651,
       122502,  67882,    584,  79303, 130458, 136488,  62920,   9910,
        69252,  48520,  54431,  11082, 101397, 142212, 135401,  33953,
        65976,  10842,  28504,  95132, 125087, 113166,  45642,  48528,
       129384, 128974, 107809,  47496, 120225, 106004,  89570, 104230,
         3445,  22843,  55077, 147173,  26981,  57131,  23758, 151707,
        29729,  58733,  19927,  25859,   7640,  10930,   7322, 128925,
        91968,  59636, 121159, 109823, 114315,  48797,  95306, 124682,
        93379,   7108,  62438, 138416,  77884,  88278, 116583,  15251,
       112681,  83044,  57683,   6041,  16986, 140689,  83686,   9281,
        79485,  81420,  92316,  67820,  43047, 124883, 148103, 141870,
       149819,  25149,  39921,  32849, 113187, 118809, 113504,   9634,
        21639,  19285,  21112,  99254,  18523, 153186,   1959,  76826,
        79794,   5547, 103724, 143220,  51180, 115421,  95390, 134009,
        74665,  73077,  76442,  27741, 146255,  16288, 117209,  49514,
       110967,  97377, 140985,  70720,  17274,   5847,  30117,  41352,
        98036, 138287,  98861,  71988,  69396, 107256,   1692,  36076,
       101669,  73047, 104469,  89678,  45629,  16885, 113347,  20687,
       129418,  61018,  51276, 148353, 128220,   2063,  10357,   4470,
        38554, 126443,  81054, 122393,  55354, 153743,  87550,  83611,
        14394,  52056,  25056,  22609,  99715,  56568,  77579,  25495,
        41609,  81003,  21440,  77137,  16979, 100941, 103598, 145317,
        30535,  87243,  63196, 139839, 105707, 108801,  31216, 142145,
        25801,  67804,   5707,   7119,  16637, 111547, 120128,  94549,
        54380, 141557,  99172,  84748,  60060,  86381,  58062,  43879,
       132603,   4859,  29449,  26048,  45669,  56749,  99841, 153590,
        26520,   6317, 132208, 118182,  49545,  19347, 103839,   9131,
        87850,  95339, 135677, 127454, 149758, 120410, 100698, 122650,
        35389, 114864,  51353,  39835, 104027, 134200,  94292, 135661,
       107081, 104082,  47535, 142873,  53853, 109690,  98564,  22534,
        22293,  64276, 145108,  67560,  46757, 102110,     13,  52721,
        57777,  80847,  30686, 143178,  89271, 118381, 129534, 124570,
        85292,  20641,  50726, 114446,  58635,  63577,  43112,  31958,
        80203, 112707, 111931,  50684,  27193, 144136, 122174, 107505,
        98986,  53652, 107069, 106972, 110356, 145793,   5102, 120497,
        22531,  96931,  10251, 114195,  71403,  93836,  13409,  45583,
       118919,  48485,  55622, 145257,  93484, 143579,  37425, 114256,
         1602,   7724, 102683,  48284,  37117, 120513,  88331,  40408,
        70542, 144204,  31656,  93542, 143191, 145939,  32289,  29258,
        90351,  26844, 152083, 102514,  16666,  74954, 143850,  41201,
       135955,  30503,  33597,  53951,  35251,  52220,  54233,  55126,
        50419,  31618,  40342, 116550,  69079,  57389,  64745,  70336,
        80185,  80613,  47850,  11768, 107043, 151926,  79254,  50378,
       152233,   4899, 132182,  96014,  26119,  17580,   3182,  45607])]
shape of feat_train: (3078, 602)
Mean accuracy: [0.8856254743918749, 0.0014338067580900004]
