Namespace(dataset='reddit', dropout=0, epochs=400, gpu_id=0, hidden=256, inductive=1, keep_ratio=1.0, lr=0.01, method='herding', mlp=0, nlayers=2, normalize_features=True, reduction_rate=0.002, save=True, seed=120, weight_decay=0.0)
size of adj_train: (153932, 153932)
#edges in adj_train: 10753238.0
Test set results: loss= 0.4640 accuracy= 0.9409
idx_selected :  [array([13694]), array([97335]), array([74959, 67316]), array([60223, 36456]), array([113413, 109915]), array([ 82638, 146276]), array([112977, 143122]), array([  2758, 110367]), array([ 78624, 110403,   5055]), array([15991, 74345, 34334]), array([ 72880,  71198, 125542]), array([103974, 118869, 112037]), array([ 98249, 107048,  36670,   6617]), array([74183, 47361, 21208, 90916]), array([  8560, 104803, 114346,  62986]), array([25595,  6381, 52385, 49569]), array([ 97827,  52561, 121390, 131769]), array([114075,  22215, 150291, 100922]), array([ 58287,  79172,   6923, 117891,  64555]), array([ 1246, 32150, 36113, 13986, 56309]), array([  5012, 103635,  77991,  88099, 131951]), array([125975,  57825,  99331, 126381,  65853]), array([ 24352,  39811,  36358,  57706, 112798]), array([ 16865,  24760, 119346,  38989,  59956]), array([114061,  10995, 153133,  71762, 113157,  80075]), array([141971, 126329, 104279,  77823, 140624,  58922]), array([ 62477,  22326,  54551, 119118,  82084,  74699]), array([110507, 102016, 114756,  47225,  44086,  12481]), array([139760, 150653,  87074,  74965, 112508, 151360]), array([ 79088,  16568, 127849,  75258,  71656,    237]), array([ 15834,  45149,  82755,  13161,  91110,  66393, 144488]), array([111405,  30385, 128589,  48164,  44442, 147565, 140690, 102985]), array([  2105,  63761, 145184,  25190, 103551,  79068, 119574,  12160,
        79861,  96696]), array([141571,  43073, 118707,  99645, 125561,  29384,  89300, 146843,
        74285,  49291, 105647, 103287,  83089,  96560]), array([120687,  45755,  86225, 103018, 138172,   9829,  52728,  90746,
        74096,  95443,  11510,  58393,  21833,  68572]), array([148370,  12230,  31639,  43483, 120267,  35238,  93295,   8870,
        25378,  23399,  77344,  16918,  36368, 105426,  53488]), array([ 90286,  65947,  27873,  49154,  97136,   9293, 136410, 138046,
       110115,  52986,  59451,   1710, 113954,  54083,  54610,  50163]), array([123083,  91590, 112829,  81729,  39287,  28369,   6865, 139485,
        33728, 123313, 122060,  51189,  42427, 100744,  27849,    481]), array([ 55629,   1921, 124104,  72716,  88594,  12650,  24970,  67254,
       121114, 112126, 141813,  90898,  21748,  92340,   9038,  83325,
        75052,  16213]), array([ 37299,  11008, 119729,  83494,    108,  20294,  28467, 139482,
       136177, 129893,  85622,  18932,  42183, 122899,  58382,  32997,
       111727,  83235,  42413, 137362, 126373]), array([ 47535,  33953, 143220, 100941, 118381,  77137,  87850,  48528,
        58062,  99841, 107809,  74461,  76442,  57710, 110967,  55077,
        35796,  25944,  21193,  83044,  28504,  35493,  54380, 135677,
         9634,  98564,  29729, 113166,  87550,  89570, 104230,  30535,
        22843, 119768,  80613,  86381, 146255,  97377,  90351,  73047,
         5707, 121383,  25495,  63094,  15251,  63577,  95544,  51180,
        26048, 129534, 142212,  29258])]
shape of feat_train: (307, 602)
Mean accuracy: [0.707742075396682, 0.015357853850755361]
