Namespace(dataset='reddit', dropout=0, epochs=400, gpu_id=0, hidden=256, inductive=1, keep_ratio=1.0, lr=0.01, method='herding', mlp=0, nlayers=2, normalize_features=True, reduction_rate=0.01, save=True, seed=1, weight_decay=0.0)
size of adj_train: (153932, 153932)
#edges in adj_train: 10753238.0
Test set results: loss= 0.4898 accuracy= 0.9398
idx_selected :  [array([ 13694, 111146]), array([ 97335, 109506,  54753, 139038, 114163,  39480, 134471]), array([ 67316,  96494, 151853,  56074,  23562,  11687,  63981,  19161,
       133563,  10045]), array([ 94720, 115630,  55040,  49871,  19336,   3727,  54399, 145970,
       143014, 112209,  62910]), array([123541, 143721,  52201, 134521, 115852, 122185, 113413, 129395,
        55496, 135087, 123696]), array([ 82638,  96140, 146276,  62269,  17879, 128073,  39607,  22682,
        22208,  42553,  45804]), array([ 38313,  88598,  60723, 100758,  66144,  44102,  22284,  55226,
        58492,  36331,  94797,  98468,  23718,  69659]), array([132163, 134559,  41946,  51002, 110087,  39445, 128437, 144041,
       114473,  11923,  52754,   6441,  92259, 112312]), array([ 78624, 118520,   4011, 123621,  95918,   1070,  70775,  60712,
        74064,  95052,  61501,  42722,  59087,  85953, 125254]), array([110337,  15991,  99651,  74345,  86229,  34880,   2477, 109606,
        34334, 106669,   2742,  45907,  95723,  47101,  55875,   9460]), array([ 56748,  71198,   2111, 125542,  77495, 100804,  95162, 145673,
        35453,  48331,   5217,  72880,   1116, 125343, 126479,  11052,
        31975,  92006]), array([118869, 112037,  36095,  16450, 107165,  90805,  57375,  92516,
       112619,  93400, 116951,  58415,  10828,  58327, 147698,  18255,
       103974, 139169]), array([ 98249, 107048,  48037,  36670,   6617, 153034,  73646, 132041,
       112217,  62101,   2956,  68143, 150205,  28057, 107832, 128588,
       143563,  45345,  21820,  49212]), array([ 74183, 135952, 104505,  90916,  31424,  78391,   1975,  19601,
       132144, 110268, 119994, 143029, 132964,  62602, 146267,  47118,
        85895, 138987, 103987,  94862,  83459]), array([  8560,  62986,  47436, 132162,  10113,  56726,  22409,  43431,
       104803,  50827,   8819,  80169, 116281, 110635,  12700, 114346,
        16685, 127157,  65911,  26586, 104964, 105124]), array([ 25595,   6381,  40993,  74453, 113064,  49208, 144884, 142125,
        33796,  73249,  45236,  72098,  25947,  15388,  94648,  11543,
       150000, 115493, 150675,  54909,  79006,  93809]), array([135092,  16767, 129995,  82525,  52561,  95809,  98615, 121390,
       140926, 152652,  42647,  71311,  94920,  83216, 112617, 130424,
        33791, 118385,  37736, 124418,  58397,  28924, 153231]), array([114075,  42843,   5135,  51660,  16544, 141964,   2707,  72973,
        60423, 129902,  11213, 148813,    740, 134629, 116150, 123964,
       150291,  15891,  58249,  22215,  76798,   3564,  10444]), array([ 58287,  60122,   4251, 126648,  38412,   6923, 125642,  86493,
        63121,  98727,  76430,  36340, 114863,  77633,  21807, 104846,
         5290,  89780,  61489,  43061, 146092, 111888,  82384,  58404,
       135427,  22717,   3469, 117425]), array([  1246, 152559, 127398, 104049,  51503,  45117,  83786,  73873,
        42084,  32731, 114469,  81482,  56180,  29603, 132192,  13833,
       125380,  39932, 105764,   4142,  97675,  12795,  56309,  10476,
        93671,  16148, 151041, 115996]), array([131943,   5012,  28602,  70658,  88099,  37610,  91575, 103635,
       131951, 103113, 153070,  25128, 143229,  99786, 123334,  40105,
        42961,  73195,  98061, 149339,  44080,  91187,  22647, 129147,
       110630, 111760,  10583, 121980]), array([ 22128,  50727,  32775,  47334, 144510,  75904, 144695, 137920,
        63631,  62762, 105113, 132971,  67005,  15192, 148024,  70443,
        57825,   1247,  31770,  14041,  22716,  88364,  91215,  77469,
        15856, 125348, 106736, 120475]), array([145640,  24352, 151566, 137709, 110355,  33788,  39811,   1527,
        78325,  30713,  97771,  65483, 123249, 123408, 126305, 115920,
       112191,   2512, 121621, 116400,  66040,  11723,  21520,  80014,
        94022,  26532,  35210, 152122]), array([ 24760,  16865,  46349,  80391,  59956,  28878,  91023,  63807,
        36371,  40492,  53032,  90928,  76212, 131461,  10647,  78229,
       123419,  77297,  27382,  45147,  50752,  55577,  75286, 115308,
        95620,   8994, 104427,  22122]), array([132513,  29616,   5111,  10995,  90597, 113157,  80075,  79959,
        48783, 141503, 140956,  88523, 114061, 129074, 130905,  91635,
        45770, 136373, 100367,  47276,  35403, 116976, 100876,  53377,
       106510,  91078,  15349,  32548,  48707, 140230,  96611]), array([  9298, 118253,  74385,  41281,   9492,  93717,  89082,  33891,
         4188, 102293,   9487, 101095, 150843, 111964,  58922, 135360,
         3147, 126329,  75204, 102127,   1730,  31879, 122938,  78582,
        49926, 123876,  13113,  81564,  85796, 117864,  96535, 137517]), array([ 62477, 131136,  52837,  73020,  74699,  82084,  20808, 122891,
        45866,  20098, 152077,  56060,  54551,  95463, 118510, 114021,
        46009, 119118,  25771,  39810,  32608,  11188,  69759,  66442,
        82501,  64399,  21048, 108689, 133829,  53527,  32934, 134149]), array([102016, 114756, 111917,  87855, 110507,  47225,  71622, 145615,
        45233,  49643, 116295,  12481,  22106,  53195, 148846,  66018,
       144531,  59606, 100200, 118402,  19701,   9542, 133206, 100904,
        26589,  34914, 129174,  56799,  55890, 125726, 122934,  72003,
        23916]), array([139760, 150653,  87074,  93993, 146192, 123336,  55235, 112978,
          790,  76464, 150824,  85918,  68004, 151360,  82260,  80726,
        30192,   8785,  44468,  80299, 135804,  96262, 148034, 145649,
        41833,  20487,  75348, 119564, 153813, 153455,  38465,  41985,
         9668]), array([ 79088,  16568,  80658,  71656, 105008, 102705, 103809,   5540,
        75258,  21586, 108121, 113784, 114164,  60626, 122894, 130915,
        32073,  96393,  46541, 108125, 137396,  13261,   7479, 118014,
       146792, 128976,  37203,  20240,  27041,    237,  18896,  81736,
       126486]), array([ 82755,  13161,  35983,  67826,  17852,  55925,  41475,  25727,
       152002, 125831, 115627,   7526,  64915,  53553,  91110,   3550,
        66393,  72167, 127035, 106534,  39141,  28310, 143408,  18282,
        46329,  69728,  66853,  34566, 144241, 149251,  14694,  24858,
         2081, 120077,  56052,  97199, 128397, 139509]), array([111405,  30385, 128589,  35305,  94553, 147565, 151711, 122236,
        48164,  44442, 107077, 151300,  54814,  92822, 121275, 116344,
       117725,  41652, 102985,  81731, 132591,  89807,  88368,  98538,
        69298,  52179,  19544,  18874,  26395,  29776,  90595,  20654,
        21647,  87314, 119589, 151535,  37216,  22297, 143487,  42281]), array([  2105,  63761,  53300,  25190, 134948, 103551,  60324, 143830,
        79861, 119479, 138281,  28271, 120800,  65010,  33970,  68948,
       129952,   3826,  49068,  99208,  56662, 142024, 109438,  23358,
         6913, 125617,  94406,   6082,  25551, 108757,  40042, 129393,
        28278, 126849,  32987,  83525,  70099,  79736, 120184, 142674,
        67675,  24999,  20866, 106383,  79068, 146726, 118880,  85336,
        86231,  67543,  43300,  56571,  12962, 117655]), array([ 16910,  36572,  74285, 105647, 146843,  99645, 145406, 109858,
        79071,  71977, 103740,  89300, 100870,  49291,   3136, 148694,
        29384,  20913, 139261, 106235,  68231, 141571,  43073,  58586,
        53554, 131884, 109163,  78342,  30366,  17272,  53159,     58,
       137903,  96560,  70041, 147519,  40546,  62497,  33700,  72831,
        45496,  83358, 121083,  41379, 118707,  59816,  14448,  77387,
       105435, 112187, 115236, 126544, 152439, 125561, 130808, 123556,
        97409,  66658, 141950,   5574,  12591,   1916, 103287, 123950,
        66194, 153151,  62315,  49637,  47876,  54696]), array([136391,  52728,  21833,  67024,  65860,  12288,  84099, 107247,
        72883,  74096,  22600,  95222, 138172,  68572,  19000,  51975,
       141054,  24052, 128539, 136687,  55734,  22502, 105516,  11510,
        24449,  74879, 103018,   9829,  11328,  72239, 143892, 136814,
       121493,  61612, 133613, 120687, 104546,  42401,  86225,  76100,
        18442,  37143, 144287,  92570,  95923,  79098,  24754,  65055,
       142451, 123613, 115686,  83586, 106765,  39793,  38486,  15700,
       131968,  11474, 101818,   9644,   5149,  33827, 118738, 142967,
       120659,  22997,  43525, 109083,  58393,  57419, 101058, 143297]), array([148370,   7832,  36368,  12230,  78145,  87549, 128034,  21686,
        65519,  79705,  71821,  41040, 119241, 120091,  26542,  42312,
        99163,  53488, 147195,   7821,  31639,  87147,  89121, 146856,
         4811,  87980,  50001,  35238,  79051,  85987,  11500,   6583,
       124972, 143592,  16769,  77344,   8870, 115594,  27178, 121228,
         7407,  93295, 110334, 114422, 104861, 116318,  55675, 146941,
         6824,  25378, 151168,  10287,  99156,  91538, 110919,  51372,
        18749,  43483, 145631, 139157,  35122, 108472, 129877,  96454,
        18902,  14416,  29654,  86607,  23319,  51537,  23399,  65856,
        53070, 127068, 137313,  84925]), array([100794,  95683,  72530, 113643,  90286, 110115, 118201,  54083,
        11522,  83306,  85326, 111932, 109173,  42086,  84404,  14814,
        91395,   1710,  49394, 141200,  96382,  78515, 140057,  51516,
        29010,  49508,  57057, 103054, 142840,  20343,  32308,   9293,
        28697,  93058,  28158, 102117,  49195,  44848,  59451,   6284,
        55812,  54610,    693, 129444, 109925, 112229,  35564,  25932,
        60525,  82705, 123572,  79795, 108974,  14514,  38026, 132014,
        52237,  74531,  87313,  99222,  27873,   8744,  40449,  49154,
        94331,  52986,  23476, 134244, 146100,   4115,  86356, 134483,
       132857,  31501, 151012,  35303, 105679,  54144,  63711,  39744,
        43853]), array([138053, 123313, 130117,  34464,  91590, 148445,  82753, 125082,
         6783,  21541, 112829, 144478,  83095,  66521,  11386, 116455,
       128689,  86350,  15939,  13381, 131500,  87172,    823,    196,
        81729, 148941, 122060,  61761,  69962, 138996, 151699,  23771,
        57957,  62209,  64024, 134520,  71113, 134910,  12018, 126360,
       153403,  51168,  89363,  27849,  45609, 153750, 100776,  36821,
        80448, 141490,  65605,    481,  46858, 152443, 127336,  91749,
        66116,  27522,  44930,  25998, 135061,  19539,  32827, 121998,
        33497, 111205,  32842, 114405, 151263,  39481,  86634,   5523,
       133134,  26276, 101487, 112864,  72448, 141265, 140377,  89166,
       151102, 103216,  40308, 115618]), array([ 55629,   3059,  68852,  92115,  99603, 121955, 141813, 149095,
       133590,  75381,  36959,   1921,  25557,  25260, 113553,  69641,
       117616,  87505, 124104,  77843,  79452,  44765,  84212, 142796,
        81991,  70201,  90468,  67993, 121317, 109222,  67254, 131092,
        75052,  80274, 119898, 116512, 112126,  45051,  57919,   6728,
       134915, 111388,  21748,  12650,  71241,  31921,   9491,  50833,
        92040, 106529,  24970, 142821,  26382,  83359, 113762,  75054,
       127275,  41581,  58082, 117334,  61632,  64406, 135129,   8045,
       147791,   3303, 119039,  47337, 107451, 112370,  68207,  42020,
        88594,  71122,  96666, 128793,  72716, 107758,  23961,  89575,
        46812,  64135,  15851,  54154,  74024,  17635, 138233,  41301,
        59103,  18623,  91409]), array([139482,  58382,  83235,  83494,  90924,  85622,  45493, 111735,
        62353,  11008,  61807,  62635,    108,  73865,  12791,  38965,
       144468, 147405,  45870, 118293,  29666, 151552,   4707, 136177,
       134593, 118146, 122463,  29849,  95784, 135711, 122510,  69969,
        52041, 134142, 118135,  76684,  42050,  42183, 102199,  28467,
        48751,  81284, 122899,  56274, 107452,  91069,  20265,  49725,
        36758, 137362, 132477,  43273, 136073, 147316, 145610,  83246,
        76243, 110545,  62879, 111852, 133095,  20294,  46928, 130752,
        63960, 113532,  18932,  75983,  14086, 119729, 100047,  60699,
       131652,  78433,  28097, 148746,  10066,  66522, 142465, 112372,
       126452, 112123,  79266,  29540, 122244,  92998, 131464,  41167,
        28399,  73356,  73300, 115642,  11107, 100330, 138299, 133776,
        55902,  99456, 123986,  90418,  53956,  24900, 100119, 112965,
        91441]), array([119768,  35493,  48528, 145317,  11747,  41760,  24801,  30686,
       107809,  97143,  54380, 102892,  85314,  29258,  94549, 142873,
        75651,  83044, 116583,  98036, 113187,  54431, 122502,  76102,
       143191,  30535,   8320, 124883,  47496, 146255,  89570,  28504,
        21193,  47535,  51180, 118381,  85292, 130652,  87850,  37425,
        58733,  94181,  33953,  48520,   6760,  52056,  57710,  36076,
       104230,  10842,   9634,  10357, 129418, 121159, 114315,  45338,
         5707,  99172, 128925, 152583,  98986,  98861,  24901,   3445,
        22843,  80613,  77884,  81420,  20687,  96141, 107256,  84748,
       113166, 125087, 142145,  58062,  97185,  98813,  98878,  88411,
        79303,  80686,  71843,  16986,  73077,  74665,  57131, 151707,
        97475,  71184,  37854,  63196, 124482, 140065,  63094,  11997,
        45583,  26844,  92433,  21112,  73047, 115421,  51473,  15236,
       110356,  67882, 112825,  30237,  42801,  39921,  45953,  19682,
       101669,  90693,  10930, 121314,  53853, 135677,  31216, 130458,
        66033,  99841,   7108,  25056,  45629,  15251,  21639,  79894,
       124682,  67820,  43112,  95265,  79485,  24498,  61219,  29729,
        76617,  83686, 118919, 145108, 135955,   6554,  31831,  51353,
         1602,  10383,  14533, 143489,  89271,  22609,  41352, 134009,
        23758,  80847, 140985,  97989,  32270, 132603,  71842,  70542,
       102110,  74461,  55622, 140689,  57777, 121383,  65976,  56167,
        56568, 139839,  25944,    584,  32289, 107505,  19347,  77522,
        43879,  19285,  74954,  21440,   4859, 113904, 101397, 103073,
        14916, 111547, 143220,  94083])]
shape of feat_train: (1539, 602)
Mean accuracy: [0.8579932771894315, 0.0019542386326134647]
