Namespace(dataset='flickr', dropout=0.0, epochs=400, gpu_id=0, hidden=256, inductive=1, keep_ratio=1.0, lr=0.01, method='herding', mlp=0, nlayers=2, normalize_features=True, reduction_rate=0.005, save=True, seed=15, weight_decay=0.005)
size of adj_train: (44625, 44625)
#edges in adj_train: 218140
Test set results: loss= 1.5456 accuracy= 0.4714
idx_selected :  [array([10109, 13036, 20803, 24367, 29387, 34528,  8286, 19084]), array([23596,  6304,  2718,  3847, 27627,  7060, 31223, 21587, 36966,
       36427, 33310,  7764]), array([10631, 40715, 23647,  2708,  7405, 25834, 38469, 10154,   949,
       35583, 13449, 30188,  3813]), array([34029,  6027, 21380, 20802, 44037, 27683, 38204, 13675, 10526,
        8373, 32288, 25665,  6692,  9074, 31635]), array([34047, 10040, 13468, 26232,  6083, 41217, 18174,  6674,  4758,
       22522, 25782, 11187, 34458, 34860, 15959, 22954, 32530, 21368,
       28237,  5480, 36543]), array([13630, 18467, 28316,  3310,  9518, 32284, 26332, 23943, 44458,
       19102, 16338,  1932, 20908, 10409, 15999, 44080,  2758,  4598,
       37798, 28205, 37337,  2513, 20887,  4978,  4706,  1401,  6957,
       11041,  1750,  7552, 26282, 40236, 33297, 24691, 17734, 16735,
         798, 29556,   711, 32731, 16210,  1497, 35073, 22836, 16379,
       32246, 40599,  6060,  2310,  5389, 26200,  6205, 34562, 13494,
        8301,  6837, 20512]), array([ 5948, 18914,   911,  1659, 11702, 11257, 35194, 27864, 15783,
        3961, 42792, 44189, 35304, 38221, 34379, 26270, 34825, 19152,
       26904, 31103, 37747, 43975, 18637, 42589, 40976, 24698,  7523,
       43959, 35563, 24659, 32995, 23049, 21038,  1457, 38215, 29671,
       23404, 19643, 34264,  6525, 14459, 23663, 14755, 38276, 19340,
       13632, 24314, 17678, 43601, 11860,  7780, 24996, 10900, 29564,
       44239, 30086, 14994, 43193, 29547, 20527,  3833, 34660, 31896,
       22803, 37881,  2297,  5910,  7957, 28685, 42456,  3912, 22539,
       33665, 27993, 10035, 26428, 25943, 17393,  3154, 18435, 20576,
       30217, 33414, 43903, 31950, 17554, 40311, 23634, 23437, 34272,
       22047, 19870,  9354, 29496, 40118, 13877,  6777])]
shape of feat_train: (223, 500)
Mean accuracy: [0.4440371084121365, 0.004154980762390882]
