Namespace(dataset='flickr', dropout=0.0, epochs=400, gpu_id=0, hidden=256, inductive=1, keep_ratio=1.0, lr=0.01, method='herding', mlp=0, nlayers=2, normalize_features=True, reduction_rate=0.01, save=True, seed=85, weight_decay=0.005)
size of adj_train: (44625, 44625)
#edges in adj_train: 218140
Test set results: loss= 1.5489 accuracy= 0.4692
idx_selected :  [array([20803, 24367,  5342, 10109, 34528, 30816, 26205, 42124, 26208,
       11971, 24424, 19084, 13182, 26553,  3265, 37860,  2234]), array([23596,  6304, 15454, 28536, 31567, 16246, 31040,  3695,  7060,
       25811, 13864, 20688, 21587, 36966, 36427, 33310, 27955, 31695,
       42449, 28479, 36482, 24490,   976,  3123]), array([10631, 40715, 23647, 13279,  8198, 37720, 13739,   949, 22189,
       32910, 22027, 44048, 32310, 18167, 27269, 21201, 22818, 28252,
       15939, 22273,  7474, 38379, 27559,  4077,  9788, 34833]), array([34029,  6027,  9074,  6692, 20348, 34924, 12974, 22983, 23709,
        9924, 27607, 34310, 29852, 27683, 28130, 22827,  1615, 23961,
       38204,  8373, 12711,  9915,  8516, 24920, 24840, 31635, 34086,
       27700, 36873, 16241, 19904]), array([43567, 11840, 10040, 28291, 22037, 37372, 28237,  6191,  3150,
       17989, 21308,  1966, 30948, 13326, 22954, 29461, 22842, 27192,
        8754, 33412,  4629, 11187, 34458, 21950, 37593, 11317,  9190,
       22034, 27859, 35061, 22522, 15779, 24044, 26249,  9451, 22046,
       35858, 36330, 17143, 12569, 34413, 44185, 38237]), array([18025, 26973, 30051, 23550, 29168, 26332, 23943, 39132,  1756,
       44458, 19102,  3435, 10409, 15999, 44080,   570, 14423,  1497,
       35073,  6060, 32586, 38994, 40599, 27669, 20243, 25330,  4686,
        7552,  9240, 32731, 30214,  2272, 23377, 41718,  4978, 21039,
       17734, 40604, 16379, 19423, 13630, 32264, 12517, 13379, 15064,
       37218, 29006,   711, 28515, 13096, 43027, 38996, 17109, 34576,
        5389,  4598, 24691, 41969,  8261,  6946, 27635, 36156, 40236,
       27448, 13494, 26200, 17566, 39975, 18619, 22771, 40041,  2930,
       16255, 28205, 37337, 16926, 31316,  2516, 34650, 21792, 23040,
        2310, 30253,  3209,  9925,  3310, 35480, 12227,  8687, 11270,
       32592, 15250, 23968, 37798, 32208, 22212, 13188, 41044,  6094,
       10646,  2153, 11109, 21477, 22359, 33555, 22234, 31010,  1345,
       33400, 18327,  2513, 40040, 33450,  1890, 30098]), array([19139, 27993,   911,  1659, 16795,  4314, 20576,  8040,  7197,
       28227, 39657, 11257,  9501, 37881, 43975, 21038, 19152, 43601,
        8167,  4354, 34272, 39440, 25546, 19643, 18637, 25133, 30801,
       29481, 19340,  8107, 18914, 35464,    20, 10035, 15783, 34770,
       18435,  8448, 34825, 41844, 24825, 43031, 27864, 23181, 26906,
       35563, 19046, 34379, 21331, 12352, 13583, 10501, 19665, 22204,
       43541, 36535, 11860, 14994, 17309, 17099, 24229, 42264, 40311,
       29496, 38215,  7224,  8212, 40549,  3154, 10487, 17554, 37288,
        1439, 10718, 38221, 37332,  9860, 42792, 25234, 44239,  3260,
       22377, 27953,  9354,  1036, 28991, 16030, 12979, 13227, 17393,
        7070, 35209, 15517,  7523, 28274,  5666, 23049, 12806,  6381,
       41394, 38561, 29573,  5150,  7954, 18879, 34264,  4052,  7780,
       30787, 31896, 14213, 25567,  4637, 43447, 23111, 35395,  2267,
        1230, 35255, 26981, 12826, 29568, 20704, 20527,  3833,  6525,
       13089, 12057, 14914, 18313, 43544, 31770,  8073,  9567, 11480,
       34660, 16212, 43236,   643, 11615,  9322, 38276, 14755, 10044,
       31089, 43000, 17631, 23977,   363,  5379,  1457, 24002, 19133,
       26932, 27718, 20827, 10610, 12838, 24698, 38151, 32846, 42979,
       31944,  1415, 30545,  8742, 40457,  5301, 29671,  1392, 39334,
        7903,  7957, 27825, 16288, 42146, 13271, 44440, 40133,  2871,
       23628, 37296, 29790, 32995, 41746, 19007, 12961,  9030, 24479,
        5948])]
shape of feat_train: (446, 500)
Mean accuracy: [0.44085958858064805, 0.007492806485937375]
