Namespace(dataset='reddit', dropout=0, epochs=400, gpu_id=0, hidden=256, inductive=1, keep_ratio=1.0, lr=0.01, method='herding', mlp=0, nlayers=2, normalize_features=True, reduction_rate=0.075, save=True, seed=1000, weight_decay=0.0)
size of adj_train: (153932, 153932)
#edges in adj_train: 10753238.0
Test set results: loss= 0.4835 accuracy= 0.9394
idx_selected :  [array([ 13694, 111146, 140821,  14334,  55723,  16130,  19330,  50177,
       150130,  93033,  55016,  18095,  59367,  88293,  56593,  34713,
        90507]), array([ 97335,  54753, 139038, 114163, 134471,  39480,  71294,  38008,
       132075,  75220,  84516,  90230,  33734,  44289,  47379,  79466,
        53126, 143129, 109506,  55356, 131634,  40992,  99427,  92890,
       101935,  66780,  98775,  27715, 134939,   8872,   9896,  75459,
        71712,  49905,  25462,  21334, 143678,   2869, 139551,  87547,
        36543, 134926, 138790,  32563,  29203, 102967, 143537,  38138,
       118639,  17570, 100237,  83106,  12304,  81674]), array([ 67316, 105521, 151853,  19161,  74959,  22796,  29987,  67465,
        79666,  80464,  25111,  80143, 121834,  10045,  85304,  52459,
        46023,  84153, 109894, 135154,  64657, 125410, 134983,  84996,
        15176, 107140, 122715,  25607,  56903,  23562,  11687,  63981,
        31146,  59303,   5992,  93262, 117972,   9994, 144924,  71043,
        87910,  55058, 113983, 149581,  47849,  74451,  16337, 108455,
        60472,  20054, 101505,  66840,  74440, 113487,  44387,  50989,
        56074,  96494, 138708,  42138,  53940, 140447,  81343, 116321,
       142138, 133563, 133863, 152500, 112722, 141542,  12527, 100075,
        57810,  60912, 149679, 117525, 117367,  37429,  84822,  58255]), array([ 94720,  25555,  54399,  55040, 103307, 132824,  36456,  91819,
        84671,  78966, 119133,   2506,  53763,  49871, 105478,  12314,
       102621,  19336,  61627,  62910, 126501, 143014,   8569,   3727,
        42141,  79468, 128530, 122883,  99348,  93928,  34064, 109665,
       143900,  14714, 106473, 142664,  22167,  60223,  92379,  51968,
        28110,  99667,  93060,  99671,  45483,    393, 125032,  89641,
       144219,  80048,  23261, 104044,  87308, 119798, 122385, 130112,
       131310,  49240, 108038,  89131,  15196,  27592, 109349,  14125,
       115630, 103494,  75891,  71132,  48958,  54016, 126926,  81453,
        82516,  71279,   4014,  51144, 149821,  71701,  41778,  98611,
        86600,  23729]), array([113413, 109915,  85059, 122185, 115852,  31262,  50892, 143721,
       152348, 134521,  52201,  63287,  51709, 115060,  84576,  95486,
       143281,   8605, 126767,  44701,  48266, 123696,   6425, 135087,
         9498,  11729, 142463,  87659, 116854,  32533,  25171,  59835,
         6580,  17941,  81497,  25441,   7608, 129395,  64268,  68215,
        20906,  50899, 103194, 123541, 107248,  43156, 124251,  32926,
        52926,  55496, 126242,  33290, 122035,   3185, 146494,  85202,
        63246,   6977, 119857,  55365,   5569,  45501,  73745,   7964,
        22967, 136018,  40364,  18266, 108832,  42456,  85731, 116266,
       137049,  23027, 104794, 144063,  15653,  60486, 112967,  43326,
        33522, 143295,  38296, 127095]), array([ 82638, 146276,  96140,  62269, 135607,  84147,  17577,  47412,
        69130,   6699, 116946, 105661, 111678, 142871,  70102,   7271,
         2000,  17340,  14837,  22682,  28260,  39607, 104090, 138591,
       101989,  80720,  50319,   5513, 140198,  26383,  43280, 139614,
        31437, 141013,  22740,  72669, 122819,  45804,  33889, 142816,
        85860, 128073, 134123,  49452,  48330,  14403,  22208, 127041,
        83039,  82975,  96492,  81629, 112116, 131380,   1852,  90850,
        83448,  61792,  61388,  75582, 113755, 112200, 131749,  88841,
        38104,  22906,  10457,  85432,  51613, 101542, 152927,  65708,
        88081, 127469,  52559,   1800,  43392,  12208, 113678,  48461,
        82522,   2996, 114026, 103849,   1654,  51598]), array([150745, 119490,  81197,  60723,  36331,  58492,  10154,  88598,
       133447,  75721, 143122,  98468,  72654,  66144,  24081,  88308,
         9410,   7968,    133, 120640,   5314,  23718,  43141,  34702,
        67021, 112866, 145672, 119255,  18974, 108609, 117286, 121316,
       126558,  65687,  99293, 127449,  38313,  55226,  16483,  97781,
        95078,  82900, 100758,  10058,  59309,  81126, 129700,   4698,
        47984,  26629,  94797,  62546,   7008, 125530,  30969,  77182,
        44102,  23226,  85532, 126264,  16048, 151618,  37852,  15629,
        38960,  69659,  71716,  96371, 130876, 114818,  94876,  95981,
        76024,  24990,  24411,  29552, 138333, 104300,  54529,  14231,
        60697,  91129,  86261, 112977,  29419, 131393,  86651, 133704,
        60219,  22284,  28755,  73009, 142723,  55760,  27305,  42320,
       135986, 104498,  40961,  58774,  79373,  72205,   4132,  48086,
        95555, 117320, 130566,  61107, 141783]), array([110367, 119892,  70631,  82873, 120221, 128437, 109218,  11923,
        57260, 126449,  51002,  52754, 139617,  16082, 112312,  50518,
       107456,  41946,  67098,   7814, 123949,  38840,  71690, 152050,
        92703,  19891, 114473, 108582, 134559, 133830, 110087,   6154,
       138655,  43198,  41158,   6441,  34373, 151018,  87540, 126960,
       105666, 150140, 125012,  66754,  63714, 116345,  58017, 106980,
        39445, 106495, 137802,  14347, 122529,  14245, 132311, 145644,
        85663,  73129,  95863,  56510,  97839,  40948,  47890,  90815,
        72107,  14076,  43947,  60330, 142634,  94369,  30808, 142186,
         2887,  27255, 110698,  21252,  92259,  40896,  60716, 131578,
       111921,   4780,   1600, 133494,  20212, 139897,  63820,  66581,
       132163,  85112, 115175,  60151, 142356,  88096,  17526,  94277,
       129195,  42238,  29039, 113434,   1739, 110186,  42793,  17262,
        61505,  65275,    190,  27349,  16303,  46043,  81432]), array([118520, 101665, 139685,  61501,  38565,  95052, 113151,  77487,
        55355, 115751,  29516,  60712,  70775,  59087,  85953,  96251,
        95918,  35734,  50476, 108634, 125254,  40929,  26960, 123621,
         4011,   1070,  53783,  20586,  66790, 152329,  84350,  82788,
        59165,  91014,  92144,  60661,  75133,   2280, 140197,  70171,
       114290,   1029, 131964,  19959,   5055,  75439,  98438,  81270,
       142683,   4758,   6253,  90188,  51119,  30581,  98043,  74064,
       118863,  36462,  68528,  62298, 117058, 122627,  62823, 101780,
       112453,  58637,  53884,  89439,  77952, 129942,  22787, 142399,
       110403,  76097,  78624,  11776, 147850, 136457,  23841,  76718,
        85933,    336,  55626,  75391,  67851,  95353, 131014, 153400,
        93059,  99686,  94867,   7136,  26381,   6189,  58598, 146724,
       128091,  12900,  61968, 113663,  25951, 113709,  60120,  88743,
       103284,  62009,  28758,  76896,  31480, 131765,   1561, 128055,
         3942,  36055,  36852, 107706,  64869,   6992]), array([110337,  11487,   2477,  14005,  47101,  65128,  86229,  74345,
        15991, 146973,  45907,  97744,  34334, 106669,  34880,  99651,
        84937,   9460,  70827, 115258, 113644,  34364,  34656,  55875,
        48780,   1371,  16723,  24622,  38526,  96785,  63425, 133750,
        77315, 106053,  59886,  31790,  12834,   3633,  42782,  70329,
        27563, 117527, 127634, 139204,  50122, 109606, 131116, 133078,
       103100,  95213,  47401,  70570,   2742, 142094,  56780,  69186,
        68246,  61903,  31841,  85010,  10872,  82042,  92194,  67703,
       130008, 110990, 114321,  53351, 118643,   1581, 122139,  91329,
       103349,  65580,  94379,  49098, 133145,  95723,  47792,  64662,
        73555,  47185,  34764,  24703,  80180,  30094,  72186,  84456,
         8954,    969,  81902,  23254, 141493,  16960, 109755,   6272,
       129575,  48171,  83988,  94597, 116376,  68183,  41295,  85978,
        28601,  21152, 120518,  96765,  76345,   8118,  33883,   4648,
        92241, 102363,  32181,  94446,  28638,  66145,  10704,  59410,
        99728,  36224,  63032]), array([ 56748,  71198, 136002,  77495, 125542, 148815,   6852,   8929,
         1116, 145673,  62764,  77922, 124610,   2623,  80317,  92006,
        76777,  47281, 153834,  78387,  59985, 126479,    961,  28377,
        35453,   5983,  95162,  55112,  45170, 119753,  57750, 128377,
       123792,   7744, 107908,  17338, 150609,  38251,  55484,  31975,
       111411, 145353, 118283,  55207,  68137, 148138,   7660,  83669,
        47243, 139510,   6200, 111728, 149931, 132343,  97073,  88733,
        18459,  25490,  63232,  73518,  88519,   5217, 150020, 125418,
        83659, 120230,   3118, 100963,  96298, 120523,   5489,  52801,
        42928, 141596,   2111,  39024,  72917,  69027,  45426, 151359,
        26527, 131382,  98743, 125343,  81963,  19599, 113534,  73684,
        83652, 113250, 127712, 147159,  67927,  72880,  48331, 102193,
       137618,   4756,  32510, 109720, 102112,  45849,  79113,  98848,
       135357, 133184,  46398,  71007,  21688,  73806,  46428,  82485,
        21258,  63859,  11020,  48689,  60810,  13878,  50849, 148488,
          118,  54230,  57192,   6587,  81155,  74796,  27207,  73273,
        51230,  67203, 152245,  51470, 100804,  79397,  56067,  16197,
        23157, 114073,  40329,  21870,    955, 118347]), array([118869, 103974,   6201, 112037,  57375,  58327,  93400,  29804,
        92297, 108579,  92516, 132898,  36095, 139169, 142930,   7193,
        46736,  56211,  55142, 152464, 116951,  90805, 112619, 153926,
       103589, 153411,  19214,  79913,  85496,  58134, 150260,  57789,
        84111,  42340,  57289,  91743, 125535,  97595,  16450, 102288,
        27034, 105922,  33305,  47879,  53866, 134088,  63080,  75706,
        64099,  37879, 141605,  96867,  91079,  61656, 121421, 102609,
       125804,  46790,  22856,  76135,  54530,   5967, 102718, 100637,
       134712,  88974, 107165, 126803,  82227,  18255, 126787, 113248,
        67190,  47218,  68519,  27480, 147698,  84918, 144330,  58415,
       124746, 138667,  20901,  31057,  14368, 107504, 107136,  15066,
        19482,  22820, 101791, 125723, 121341,  62824, 118782,  91154,
        73784,  13398, 108493,  39638,  67672,  93840,  90565,  61699,
        55541,  11071, 111822,   3909,  82916,  21917, 141799, 136299,
       102559,   5903, 137305, 140009,  36590,  39784, 114148,  89019,
       101649,  38241,  43077,  38665,  99937,  95219, 123370,  52355,
        86470, 144995,  67956,  37153,   3268, 107622,  44579, 116691,
        72068,  98427, 137390,   8286, 131632, 143726]), array([ 72677,  36670,   6617,  62101,  72652, 107832,  40914, 101970,
       128588,  68143,    631,  48037,  98249,  35779, 136905,  28057,
        59930, 129417,  26303,   2956, 107048,  47690, 143563, 144176,
        72705, 131501,  45930,  21820, 112217,  92556,  24601, 103191,
        49212,  94360,  57964, 153685,   4696, 143649, 153034,  53895,
       108071,  98307,    995,  56093, 133593, 150205, 104762,  65880,
        41317,  52239,  94064,  96917,  83815, 109743,  66698, 123727,
         7025,  45437, 128117,   3975, 110396,  45441,  13797,  25150,
        59609,  71102,  69202, 101549, 112007,  58268,  98557,  54371,
       132041,  40699,  53670,  72872,  61625,  18591,  96565,  36161,
        72686,  26058,  14827,  46920,  91135,   3018,  49743, 148305,
       142837, 129453, 141476, 138345,  48241, 118022,  94401,  81220,
        73646,  23584,  15715,  49395, 144110,  92878,  36618, 153452,
       113731, 141296,  20840, 128205,  45345,  58559,  85616,  90338,
        89609, 101681, 135842,  10201, 141214, 139217, 129851,  96979,
        59290,  33030, 108287,  53827, 118727, 127532,  80999,  13191,
       140269,  51911, 121328, 110055, 103600,  59630,  54289,  78324,
       148592, 106929, 118301,  61277,  28392, 133441, 130323,  66244,
        17946,  77967, 108573,  36294, 118196, 125963]), array([135952, 104505,  47361,  56797,  86581,  21208,  74183,  90916,
       110268,  31424,  19601, 106988,   9384,  71209, 145251,  83459,
       129399, 132964, 113735, 151383,   1975, 104431,  87713, 131692,
       119601,  97606,  94862,   4171,  95977,  31677,   6365,  23132,
        11591, 136371, 114309, 111058, 135294,  42865,   6987,  65038,
        90649,  41187,  45306, 115674,  73991,  63580,  27191,  67411,
       133047,  84112, 133189,  82013,  35459,     76,  52371,  65711,
       138509,  97679, 149272,  29954, 151099,  18901,   7206, 130968,
       126871, 130465,  18683,  81423, 132638,  95035,  13864,  37251,
        68189, 105895,   8777, 141499,  51900, 120593, 101157, 122104,
        47118, 116435,  62602,  20207, 124020,  18307, 111690, 146267,
       130022,   4719, 114991,  53503,  71872, 120612,  83131,  18008,
        30816,  42960,  38630,  38756,  34146, 131640, 150791,  30136,
        52850,   9221,  74951,  38619, 138129,  15321,  41890,  30482,
           53, 114819,  45495,  75242, 143029,  60454, 119933,  57075,
       123767, 101184,  75984, 153544,  14994,  14763, 120865,  25522,
       119994,  55698, 124545,  62724,  63445,   2949, 102495, 129370,
       150665, 138865, 136493, 103987,  11104,  25414, 125954,  48823,
        80112, 138947, 132460, 128106, 102745, 115172,  87398,  49634,
         9724,  68949, 132144,  42946,  67772,  27313,  10267,  35906]), array([  8560,  62986, 133545, 132162, 111036,  43551,  80169,  10113,
        16653, 121242,  50827, 104803,  12700,  26586, 110635,  47436,
        16685,  91516, 122672, 153022,  23117,  70684,  43431,  27086,
       109019,  74293,  51959,   8819,  56726,  59670, 133482,  82757,
        96995, 127157,  15554, 114346, 150687,  34803,  22409, 123975,
       116286,  44652,  92062,   4430,  61484,  30356,  67754,  57726,
       148321, 138437,   4304,   2269,  37347,  13265,   6916,  12968,
       100873,  40602,  28657,   1926, 116281, 124615,  36515,  12748,
       134237,  67767,  76628,  40016,  61236,  35285,  28134, 149331,
        61057,  81647,  27452, 145278,  30730, 138460, 104964, 138001,
       135718,  70009, 150704,  77500,  65666, 104916, 114692,  74121,
       111498,    700,  77485,  55117, 136363,  95503,  62143,  59665,
        56658, 134063, 132468, 145489, 114694,  58402, 115983, 130696,
        90968,  55701, 137542,  86836, 125843,  90493,  95617,  23225,
       122331, 142031,  76147, 127698,  92521, 110000, 132571, 129693,
        30222, 143421,  54257,  31807,   5096,  29411,  74010,    676,
       130711,   6227,  97020,  49310, 105124,  37957,  36498,  15681,
       142035,   5463,  83237,  91814,   1614,  12226,  85950, 126697,
        61157,  26053,  54775, 108625,  20943,  95746, 117375,  87520,
        89753,  95933, 150343,  59357, 145243, 139113,  33775, 114279,
        10229,   2452, 119075,  20292,  40091, 107358,  41306]), array([ 49569,  52385,  42479,  49208,  73249,  64198, 144884,  25595,
        45236,  40993, 150000, 126889, 109701,  19602,  11543,  20755,
        79006,  33796, 119557,  94648, 109646,  54909, 144782,   3350,
        29566,  93809,  15388,  76296, 136126,  20391,   3802,  80003,
        25947,  37712,  11844,  80482,  47902,  62314, 109918,  80875,
        84739,  28285,   1379,  44804,  19647,   6381,  74453, 113064,
        94651,  19943,  28189, 105475,  66318,  21940, 142125, 148839,
        92892,  63806,  68006, 107442,   9440,  56731,  30373,  33746,
        89635,  61055,  56323,  98263, 150675,  41761,   4813, 115493,
       152181,  29096,  28485, 104263,  29653, 105214,  46032,  92412,
        54450, 115191,   5488,  87931,  43585,  46152, 104316,  26762,
        17374,  57535,  43897,   6642,  39936, 149826,  92875,  21763,
        17099, 118781,  11831, 111740,  35872, 110641,  83708,  82664,
       113860,  74209,  28466,  97602,  36162, 121089,  92803, 142485,
        91162,  24671,  86687,  55831,  72098,  86855,  96049, 106908,
       120950,  21094, 107571,  85512,  79296,  11945, 109558,  13242,
        72860, 105682, 153153,  40843,  72281,  69722,  82653, 149456,
       109405, 102623, 128253,   7181,  98052,  89715, 153333, 129557,
       135411, 147755, 121244, 120485,  87013,  27614,  71288, 147022,
        35277, 141424,  18981,  80249,  50401,  38040, 106825,  54088,
        41380,  65924,  60527,  31027,  37843,  33664,  14680,   9513,
        72565,  26914]), array([ 92122,  98615, 131807, 130424, 131769,  61602,  52561,  87214,
          263, 148186,   7414,  89505, 135092, 136667, 123838,  71311,
       127526,   3224, 129995,  29737,  46021,  83216, 102436,  45955,
        58397,  95809,  33791,  12952,  68406, 140926,  35367,  74302,
       152652,  37736, 117002,  73837, 148285,  38564, 124418,  47615,
        53258, 104601, 118385, 132501, 123212,  72158,   9198, 149746,
       112368,  97354,  64916,  41721,  77966,  17615,  50255, 153231,
       151444, 108515,  91965,  28852, 118047,  75193,   5406,  96078,
        88480,  31816,  74741, 149391, 118979,  15642, 100983, 107435,
        24532, 149808, 109072, 125959,  61225,  73151, 140071, 148875,
        94290,  50997, 131813,   1030,  30911, 121334,  94355, 153841,
        71336,   9023, 107854,  27947, 121390,  57164, 127550,   7056,
       145947, 126562, 151413,  17317,  54095,  89929,  29902,  64854,
       112617,  94920,  96579,  28924,  26846, 143354,  76457,  65906,
         4018,   3907, 144015,  10737,  73879, 138322,  35193,  94040,
        53917,  67802, 122566,  26937, 137624, 102324,  72061,   7886,
        59305, 101660,  79332, 147731, 137109,   6544,  44427, 146000,
       136768,  73569, 105808,  52089,  99462, 139197,  67444,   8188,
       131700, 149317,  67309,  72639,  42647,  45097,  32208, 144981,
        83794,  55047,  47066,  90489, 129849,  95087,  42886, 148199,
        95566,  56687, 121668, 144532, 126718, 103579, 134210, 152103,
         6121, 136643, 138986,  13458,  36029,  60052, 152137, 145379,
        97164]), array([114075,  67576, 129902,   2707,  96823, 150291,  11341, 144801,
        58249,  11213,  16544, 114354, 100922,  60423, 117958, 140353,
        28257,  40362,  68204,  47784,  99094, 104312,  29297,  83693,
        69870,  10444,  95969, 134629,  16804,  85487, 120668, 123547,
       108067,  22215, 129903,   3564,  85422, 127635,  27793, 113007,
        15521,  47175,  48236,  68346, 104453,  19155, 148813, 136400,
       128252,  57466, 141964,   5135, 116150, 123964, 134501,  21976,
        25520,   9754, 148225, 133324,  51660,  57973,  56281,   1656,
          740,  56126,  41806, 129726, 138398,  26543,  70700, 110390,
        70870,  84579, 126980,  19832,  24048,  89298,  71949, 127341,
        40469, 133509, 139181,  81296,  42843,  59688, 101937,  14174,
        78243,  35201,  56965,  27908,  72973,  22272, 122397, 128296,
         2722, 125936,  19912,  15891, 122105,  35268,  78064,  65514,
        58175,  96650,  93587,  81033, 108224,   4944,  54760,  54209,
       119907,  86672, 100387, 116397,  59524,  90846,  50869, 109942,
        76798,  69304, 105861,  71000,   8828,   9121,  54139,  82772,
        63611,  97904,  41668, 102971,  81561,  26716,  79149, 103956,
       132050,  54546, 101155,  43024,  22247,  50392,  52279,  96258,
        74218, 136295,  93713,  40484,  35508, 151930, 136600,  85205,
        93865, 133682, 118791,  52609, 122191,  94113,  59249,  85035,
       122068,  99061,  35497, 149792, 145036,  59981, 137291, 129271,
       118474,   7151,  38897,  52100,  71922,  93816,  24997, 109723,
       151436,  46988,  30041]), array([112097,  25870,  83960,  51792,  64555,  63121,  86493,  74766,
       102180,  36340,  49033,  77633, 147311,  92758,   6923,  82249,
       111888,   5290,  82384, 102189,  37641,  49960, 114090,  54707,
       114863,  89780,  61489, 153757,  51481,  21807,  82106,  84174,
       152800,   1263, 135427, 123132,  55030, 125642, 124805,  51747,
        92908,  70860, 107674,  98602,  60122,  38708, 116028,  79141,
       106593,  45559,  72760,  58695,  47903, 123723,  43061,  42530,
        70269, 108541, 123850,  39258,  99312,  68031,  61351, 113276,
        58404,  76430,  71673, 146092, 117891,  38412,   7449,  97534,
         9488, 134109, 137364, 118158,  33343,  27148, 100981, 116372,
        53472, 141709,  38483, 114922, 108732, 103338,  55236, 104639,
       143591,  66735,  46851,  45853, 113960, 105916, 123562,  85476,
       116847,  44134,  94839,   4001,  31889,  37319,  98091, 121361,
       133575, 135316, 123241, 126284,  93494,  97566, 152024, 153514,
         2885, 111267,  33316,  68579, 108380,  48999, 110583, 108795,
        35221, 128954, 101296, 133492,  90901, 114307,  10135, 134628,
        79172,  62606, 126648,   7578, 118746,  96261,  19265,  22717,
        29916,   6813,  30265,  69745, 108410,  60765,  62450, 142758,
       111997,  88906, 151128,  88477,  71448, 109652,  43191,  88079,
        40303,  35133,   6209,  42743,  23080,  33247, 127721,  73136,
       111511,  75469, 148356, 135638, 104846,  87183,  54975,  60121,
        42906, 114095, 125243, 146186, 141210,  60508,  81414,  46171,
        61070,  49656, 113203, 117425,  64349,   9666,  46564, 104958,
        61730, 146087,   6066, 150364,  79612, 118894,  62840,  25047,
        88646,   4251,  77329, 139445,     32,  79999,  60177,  41445,
       114235, 109280,  13295, 119206, 135310,  10834,  57501, 130576,
        21559,  68699]), array([  1246,  13833,  51102,  36113,  73873,  45117,  11403,  50917,
        46937,  49441,  32731,  41119, 130353,  92248, 104922,  52160,
       127398,  29648, 115996,  56602,    367, 110443,  32150, 145933,
       114469,  92833,  93671, 123108,  97828, 149584, 110397,    243,
        86369,  19518,  29603,  23855,  76824,  81482,  92295,  14418,
        58348,  63299, 151814,  10476, 117218,  76174, 151041,  13839,
       122390, 104049, 105764,   4142, 133523,  57718, 125380,  56309,
        32843,  42327,  36700, 129703, 123504,  78932,  54899, 119913,
        54442,  93519,  19651,  70888,  29958, 150900,   6294,   2365,
        27566,  61576, 107432, 143881, 134270,    923, 129033,  51503,
        64081,  18702, 102896,  15886,  42726,  50767,  24331,  51690,
       130857, 139774,  76392,  21704,  98474,  98824,  24556,  14219,
        56180, 108518,  72693,  48419,  26802,  60254,  62164,   3992,
        82065,  50115,  52596, 150337, 129083,  12630,  19112,      6,
       148658,  42084, 107577,  69928, 143329, 141881, 103312,  18477,
       118815,  63122,  28052, 129405,  94968,   6153, 112616,  16148,
       117027, 120417, 110703,  61120, 117845,  81507,  13235, 106359,
       146507,  93022, 148645, 120946,   3201,  51605,  63962, 141682,
        94347,  22839,  35318, 132192,  39932, 123091,  51497, 116804,
        92178,  84773,  10275,  17108,  27056,  58681,  15219, 104294,
        56863,  87845, 149068,  33602,  91423,  77051, 144999, 136195,
        90622, 115322, 109075,   2196,  58754, 104911,  83841,  51671,
        94994,  97380,   3031,  75646,  58760,  75812,  23550,  24055,
        55526, 112275, 152559,  55609, 134006,  84420,  15519,  54256,
        11630, 102996, 143236,  21052, 132307,  20987,  98053,  56235,
        15825, 148338, 133912,  33829,  88626,  75544, 123094,  45871,
       150678,  74109]), array([103635, 131951,  97878,  37610, 146961,  36863,  95938,  86881,
        22647,  55607,  70658,  88099,  52853, 129147, 153070,  88582,
       103113,  44080,  16211,   8164,  27263,  91575, 121980,  45155,
        59746,  59013, 110630,  11225,  49789, 123334,  92319,  67036,
       149339,  62883,  40105,  85170, 139810,  25128, 143229,  77991,
        73195,  87324, 135011,  81092,  99786, 119408,  17093,  72484,
       130937, 125349, 131943,  60163, 113707, 125124,  83760,  24446,
        17448,  94993,   3547, 111795,  44235,  28602, 137162, 111760,
        81997,  50931, 141433, 151467,  75696, 102429,  98061,  54374,
       138846, 134591,  97762,  27926,  29783,  43707,  21336,  58955,
       111448,  26083,  88931,  10583, 137969,  87330,  91187, 133979,
        82155, 147035, 136266,   4897, 136119, 122340, 138571,   8169,
        42961,  51860, 116672, 133211,  35679, 116992,  82239, 111052,
        37317, 118050,  27761, 102769, 153553,  96546, 131682, 127607,
        63215,  62325, 140028,  41485,  79945,   8671, 126377, 136679,
        26353, 153706,  24882, 141171,  55398, 129890, 107572, 137497,
        16160,  74414,  88237, 108402, 117399,  19553,   8993,  51732,
       108344, 148635, 153379,  21276,  40918,  74659, 132853, 146584,
       124887, 134891, 142668,  44234,  49739, 129280, 118274,  61453,
        50794,  95224,  70568,  22168,  68504,  50178,  56619,  82993,
        30736,  65975, 112171, 152983,   2856,  64700, 101643, 148973,
        10751, 138685,  58905,  23679, 144817, 114326,  43260, 139798,
        71846,  84009, 119692,   9468, 102670,  10477, 120688,  93038,
        29223, 144254,  12826,  60306,  34188,  33798, 122027,  50564,
       145726, 134804, 104244,  66855,  25647, 143264,  14964,  14216,
        34058,  69856, 149016,  92607, 133529,  22507, 124286,  93354,
       106854,  29305,  76710,  90566]), array([137920,  70221,  50727, 148024, 120475,  57825,  65853,  47334,
       126381,  29152,  78066,  85623, 106736, 125348,  91215,  77469,
        67005,  75904,  70443,  10183,  82567,  67087, 149106,  21516,
       133021,  88364,  31770, 140578, 105113,  63631, 122099, 125975,
        87328,  62762,  11149,  58173,  12812,  92727, 112047,  12104,
        71397,  22716, 132971,  55155,  45460,   4036,  18441, 141555,
        15192,  87611,  84146,  11181,  23956,  10428,  18336,  54620,
       126923,   8150, 122834,  14684,  91920,  21589, 104614,   9415,
        56370, 104927, 117896,  20170,  25329,  63825, 132319,  16029,
       144510,  13740, 144695,   1172, 121727,  90868,  96547,  68439,
        47749, 145792,  19774, 133908,   5679,  71149,  84578, 150514,
        46556, 140319,  92638,  13238,   9249,  14041,  61643, 127491,
       128494, 138030, 109837, 124357,  51492, 134656, 143903,   1129,
       145478, 148638,  86166, 148196,  80113,  55830,  58776, 106381,
       115517, 100306,  25039, 140462,  37209, 135647,  50722,  24723,
          563,  17420,  19672,  32389,  35440, 147325, 112921,  65105,
        27919,  67769, 110701, 148932,  82140,  10710, 150819,  15856,
        73854,  27373,  68019, 127392,  49217,  32110,  27358, 132658,
       150655, 128338,  75402,   8464, 142156,  88776, 131093, 142147,
        67114,  45865, 131708,   9843,  41832, 139144,  97558, 137157,
        67821,  65497,  56876,  62199,  70584,  82167, 130242,  82044,
        64711, 106099,  98919,  70038,  84041,   1247,  69673,  97531,
         6537, 125955,  73013,  40414, 131182,  27147,   5483, 143795,
       150870,  46838, 152302,  14852, 146495, 109670,  87252,  48125,
       150560,  26718,  43306,   5639, 104134,  15901,    299, 143507,
        81102,  59966,  46029, 145233, 147888, 138394,  58449,  27808,
        32477,  64470,  45294,  26251,  99331]), array([145640,  24352,  65491,  36358, 151566, 137709, 117021,  66040,
         1973,  89731, 152122, 122381,  20532,  21047, 123408, 152404,
        89911,  21520,  11723,  65356,  78325,  35210,  42225,  24286,
        33667, 110355,  30713, 121621,  77154,   2512, 126305,  41987,
         9500, 137789,  21942,  57706,  45747,  90644, 132039,  92393,
        97412,  56049, 124510,  86305,  35486,   2437,  86920,   8159,
       116400, 106574,  34752,  30936,  39400, 112191, 115920,  37860,
        26532,  69888, 151184,  80958,   4222,  76507, 100688, 153053,
        90889, 123291,  15177,    781, 122635, 149972, 112077,  31626,
       146510,  32119, 123249,  65483,  56814, 131012,  75942,  29751,
        92152,  88553,  71708,  47214,  60807,  61426,   1149, 122748,
       113410,  21701, 144611, 147444,  51459,  20863,  14443,  88787,
        97752, 132406,  33788,  97771,  48527,   3331, 105114,  53414,
       107536,  27473,  98621,  65548,  88133,  67043, 102476, 141897,
       146898,   1527,  28649,  39811, 112642,  96574, 115731,  12456,
       144764, 121295,  23054,  42640, 136383, 149162,  92373,  63430,
        79476,  94069,  75917,  85126,  18313,  41954,  66348, 121364,
       124477, 108310,  41421, 102724,  57643, 101047, 126583,  10510,
       134933, 119683,  85081,   3527,  27742,  25896,   8152,  45777,
        11463, 143743, 142584,  87733, 103626,  22057, 112798, 106260,
        88369,  85013, 106828, 122986,  94022,   4084, 121726,  94087,
        87443, 109166,  56633,  40225, 119697, 141364,  80184,  97233,
         1034, 100214,  66493,  10749,  23586,  75568, 130298,  23009,
        78059,   2120, 141898, 109571, 131217,  73740, 100063,  14153,
        36998,  43574,  50512, 127817, 115467,  13104, 109206,  24447,
        72680,  81975, 108337,  17064,  80014,   6070, 138934,  69965,
       129315,  88343, 108198,  25573,  84502,  33298]), array([119609,  74666,  53032,  91608,  24760, 119346, 115308, 150336,
        28099,    304,  55577, 146498,  16865,  75286,  40492,  59956,
       126458,  19387,  36371,  66625, 130724, 103499,  90928,  93822,
        26622,   2781,  27382,  46349,  53111,  95620,   1491,  95536,
        54702,  70439,  10647, 131461,   4478,  77297, 135258, 136454,
       109299,  43822,  65326, 152280,  43123, 135913,  83476,  51594,
        51853,  50752, 116961,  15661,  55889, 112951, 115028,  69504,
       104272,  58575,  22122,  22992,   8404,  38989, 133904,  13620,
       123419, 115797,  67378,   7588,  49944,  73885, 107225,  85729,
       130290,  49749,  70071,  25416, 149011,  74599,  36619, 132393,
       101708,  46182,  19561,  21896,  32746,  22726,  76977,  84264,
         6918, 102903,  65175,  56280,  32541,  89904,  24224, 153567,
        27130, 133821,   8994,  19529,  38093,  46645, 108451,   6271,
        50531, 117810,  58023,  56983,  44604, 105315, 111255, 145068,
       153390,   2843,  79696, 122549, 126777,  33188,  63807,  78229,
        35944, 102941,  48834,  35369,   9842, 104427,  47955,  15093,
       133373, 131980,  74637,  84843, 142257,   4156,  49583,  76172,
        98525, 148151, 144854,  95887,  71157,   9597,  31227,    549,
        44890, 110702,  51637,  96340, 124037,  44860,  48535,  43128,
        63889,  26931,  19700,  20694,  94057,  60606,  20834,  94363,
        82871,  64419,  91023, 124922,  66886, 146128,  18297,  59861,
        79015,  37773,  46172,  14113,  57233, 147883,  65618, 105896,
       122608,  74653,  63624,  28878, 145030,  96752,  76113,  44348,
        56854,  21642, 105804,  14591, 134857,   1794,  62112, 105685,
        28648, 118399,  67551, 149427,  60180, 109447,   1261, 119309,
       141359, 107499, 109249,  87025,  11063,  55080, 102368,  71153,
        79531,  41698,  24861, 114516,  71171,  25239, 115930,  12627]), array([114061,  49878,  48707, 129074, 120098,  29616, 140230, 100876,
        10995, 137071,  96611,  54407, 142154,  60804,  80075,  47276,
        90512,  15349,  18194,  72092, 116976,  79959,  76031,  90417,
        45770,  92240,    814, 148536,  58694,  48783,  54185, 140956,
        91078, 133720,  36504,  32548,  88523,  53377, 151034, 107400,
        81035, 106510, 102839,  63985,  80519,  91635, 132513,  96175,
        80025, 113157, 100645,  26290,   8715,  30319,  73467,   6991,
        23811, 125774,  74570,  98309, 133197,  90597,  71762,  83613,
        66736,    952, 145715,  42911,  39228,  79645,  48234,  68408,
       129659,  81078,  32660,  87275, 121627,  37968, 143340,  30407,
        35403,  35254, 108614, 147144,  94332,  62192, 141503,  72525,
       142397,   7689, 119464,  67431,  46348, 153133,  30422,  51328,
        92538,  38906, 148119,  81871,  93424,   1200,  54225, 116489,
        87143,   8485,  59198, 147500,  86823,  48978,  75426,  12273,
        31278, 100815, 103931,  55696,  62730,  12272,  85011,  86032,
       116990,   9142,  11799, 130905, 126908,  46396,  94405,   3314,
        66997,  24306,   1449, 119976,  19171,  21055, 153641,  52918,
        28286,  45192, 136020, 144435, 117787,  15280,   9552,  43872,
       126299,  28262,  62245, 100367,  14503,  86182,  85704,  54206,
       116737, 106735,  46121,  56148,  99507, 130304,  64671,  33370,
        19173,   3966,  76028, 140061,  23642,  11865,  75842, 116674,
       108909, 117440, 140109,  94327, 116223,  49176,  32275, 149991,
        84678,  79607, 135277, 114029, 151609,  95381,  99553,  45130,
       150258,  11499,  99072, 111395, 112640,   9119, 105170,  81605,
       146493,  17854,   5947, 130237, 102660,  89626,   2653,  16618,
       121398,  79674,  82823, 112649,  25972,  16743, 100048,  28687,
        48510, 152979,  29349,  36698,   5686,  43990,  22802,  46776,
       108091,  32412,  65661,  25705,  32667, 113535,  81328, 119967,
        50434, 136373,  11943,  78609,  28129,  23406, 120921,  30172,
        90093,  67398, 113494]), array([141971, 126329, 104279, 135360,  75204,  93717,   4188,  77823,
       101059,  30046, 120027,  13113,  95899,  92925,  78582, 111283,
        68452, 142899, 137517, 140972,  96535, 119495,  64403,  76235,
       142339, 136102,  31503,  85125,  16620,  21292,   9487,   3367,
       150843,  88195, 132172,  33891,  75129,  51253,  73158,  31747,
        29473,  41281, 122938,  31879,  99354, 122953,  81564,  58922,
        63472,   1730, 117864,   9298, 107739, 110902,  65832,  28080,
       104583, 130122, 118253,  23472,   8361, 102127,  99484,  48441,
        19584, 105306, 148566,  33577,  94102,   3147,  86940,  21369,
       135787,  81320,  89082,  49926, 105118,  52381,  16874,  58390,
        92553, 103463,  51118, 141815,  97258, 112669,  24922, 140936,
        17112, 140281,  98526,  23928, 102293,  80761, 101095, 149933,
         2868,  26628,  26791,  23804, 135424,  90051,  77064,  38429,
        99113,   6768,  51958, 124754,  11724,  96089,  85408, 131179,
        69238,  15582,  75016,  81558,  23902, 148836,  55524,  68795,
        33385, 118515,  63648,  39206, 117821, 145078, 113110,  76143,
        92752,  32600, 151545,   4496,  76130, 111444, 123981, 120153,
       128246,  83715,  80923, 127172,  45042,  43514,  89600,  89198,
        73597, 101108, 105196,  83276,  16912,   5073,   7867, 107275,
        95789,  46506,  95472,  98257,  80586, 114057, 104780,  55322,
        61050,  15791, 134256,   8074, 127017, 135549,  14609, 122171,
       149489,  91446,  42712,  81037, 143190,  38635,   4153,  32729,
       102253, 122362,  71051,  48837,  56458, 118617,   5882, 132819,
       111964,    865,  58607,  50242,  93458, 123232,  66345,  76337,
       102012,  82959,  56374, 121135,  76303, 102972,  20406,  57696,
        48620, 138940,  46685, 123675,  49619,  28713,  53274, 104283,
        42941,   9036,  28913,  85021, 141737, 128276, 121020,  54505,
        63921,  91156,  27464,  93421, 129972, 108278,  56408,  86266,
        91505,  79556,  10498,  60863,   1368,  41127,  28933,  39711,
       115343,  21756,  84295, 131522,  62218,  17325, 124454,  72753,
       126010,  29805]), array([ 62477, 131136,  54551, 119118,  20098,  45866, 129680,  83190,
        25771,  73020, 129474, 152077, 121547,  39810,  47681, 103474,
         4774,  97547,  21048,  53527, 138467,  49957,  32892, 121607,
         1196,  93039,  78770,  56500,  82501,  17644,  22326,  82084,
        85225,  23918, 127671, 108689,   7302,  19181,  53394, 131151,
        95463, 136846,  52378,  21849,  66342, 100639, 109675, 147756,
       117403, 105740,  93795,  10700, 105062,  69759,  56060,  44737,
        46009,  67070,  54377,   8685, 101609,  20808, 122891,  11188,
        32608,  88489,  22928,  49657, 103929,   9613, 121648,  48034,
        87290,  32934, 134170,  98949,  74787,   5297,  59026,   9954,
        94871,  11208,  64767,  62070,  27527, 105020,  77476,  73892,
        67591,  81374,  80840, 126435, 141322,  80820,  58335,  57968,
        16401,  76280,  64399,  74699, 118510,  55735, 134149, 114021,
         1315,  89985, 105468, 113598,  15609,  80148,  66763,  40837,
        18899,  80166,  85738, 108002, 124914,  91620,  92309, 103543,
       132864,  12027,  39371,  82046, 106429,  52837,  15969, 125651,
        79072, 122706, 128579, 106614,  82097, 140873, 141966, 119302,
        66442,  45575,    128, 132682,  87960,  89797,  91247, 141688,
       114480,  30092,   9346, 136406, 127725,  72073,  82201, 114008,
        17949, 126105,  40155,  39327,  78339,  81529,  10206, 118089,
       144792, 102186, 152907, 133829, 113032, 110372, 122264,   9692,
        85441, 114263, 109288,  24580, 130827,  79417,  98363,  74264,
        66161,  97096, 112231,   7357,  36351,  20850, 143996,  50960,
       136041, 153559, 105237,  68318,   2825,  25238,  18551, 149608,
        24488,  92969,  80472,  46255,  93961,  74051,  16856, 110426,
         7956,  67780, 103121,  71539,  67798, 101960, 130748,  28700,
        56358,  73374,  61996,  71445, 113721, 132333,  40519,  89683,
       149468,  78076,  12433,  72179,  88748, 147602, 143665,  36170,
        92219,  38389, 109050,  90406,  12755, 139850, 129664, 139489,
       110954,  84999,  90492,  68856,  89864,  79278,  16532,  22580,
       141331, 117203,  23781,  82061, 100565]), array([110507, 102016, 114756, 148846, 122934, 100904, 114442,  53195,
        19701,  22106,  49643, 113053,  71622,  98554,  94237,  53877,
       137317,  10701,  45233, 123021, 132495, 111917, 116295,  26589,
       118402,  23916,  87855,  12481,  50086, 107083, 138778,  27929,
       144531,  59606,  99575,  29994, 122861,  80568,  27760,  12355,
        51325, 133206, 125726, 144829,  34914, 129174,  53557,  36570,
        56557,  39084,  94165,  63910,  47225,  96179,  72003, 146202,
         9542,  25032, 103946,  72965,  12165, 145304, 103485,  35271,
       105381,  75744,   4836, 145128,  63788,  90465,  56750, 126989,
       145572, 122784,  46864, 101903, 136647,  75795,  94075, 148097,
       121966,  68009, 144516, 113942,  71482, 111175,  63432, 128595,
        66018, 139376,  73368,    293,  42293, 122545, 149800, 105187,
       116986,  22837,  45936,  79536,  98994,  73557, 143817,  36478,
       101880,   1949, 143318,  56693,   5565,  40704, 119398, 137172,
        84090,  19607, 119243,  47366,  92192, 151907, 137003,  98930,
       147961, 117881,  41594, 143768,  64458,  64801,  74155, 111894,
       100200,  47336, 129199,  90790,  86045, 143684,  57798,  94298,
        75066,   3706,  88571,  56327, 138090,  91345, 103627,  84068,
        67964,  71496,  87219,  55890, 102498, 143443,  74438, 117969,
        85960, 103056, 100228,  90822, 109769,  35346,  44086,  25744,
        88997,  27967,  39082,  61820,  34291,  21814, 128135, 113239,
        87707,   1365,  89818,  98217,  78519,  88114,  48728, 145298,
       129248,  56799, 113774,  77165, 122322,  11739,   4239, 103830,
       101133,  56975,  10301,  70496,  18246, 125882,  48750,  18381,
       112808, 116506, 118970,  15817,  74790,  47494,    767,  54488,
        92474,  85774,  91092,  94946,  31251, 112894,  23500,  58868,
       108386,  70528,   8496,  14450, 113005,  43122,  10671, 133296,
        24755, 110566,  10507, 132213,  74770,  68655,  29673,  46386,
         6765, 143994, 136267,  87927,  15615,   8735, 118616,  96061,
        68608, 110037, 121549,  88526, 100161,  44900, 136999, 120643,
        77433, 133066,  42150, 117577,  90791,  29677, 105366, 101793,
        84270, 119061]), array([139760,  85499, 151360, 146192,    790, 133660,  75479, 148034,
        82260, 112978,  22413,  93993,  87074,   6817,  38465,  29495,
        91562,  20487,  80299, 153455, 121376,  12913,  44794,  99153,
        41833,  54582,  16931,   1741, 134096, 134772,  60621,  75513,
        14728,  73448,  15958,   9668,  30192, 150167,   8785, 135804,
        55235,  50425, 103715,  59344,  76464, 139464,  44468, 144292,
        95320,  46138,  99119, 150824,  70884,  82584, 150653,  60942,
       127351, 122521, 140822, 145649,  20827, 121782,  28040, 103213,
         6138,  77160,  67540,  82150,  75348,  85337,  21703,  35591,
        35132,   3905,  37084, 117913,  85333,  41985,  85918,   7125,
       133577,  56538,  82328, 148609, 105956,  19225,  30924, 107309,
        14590,  27266, 119026,  26246,  63476,  50821,  37111,  89054,
        87652,  59507,  92755,  64728, 145645,  18090,  18242,  11583,
        99948, 139775,  81273,  40972,  23605,   6717, 151130, 109957,
        55044, 125997,  86222,  79683,  61935,   2838, 129490, 120887,
        14492,  36531,  74580, 118669, 146171, 124834,  13157,  59467,
        93886, 134916, 152037,  95776,  91642,  70626, 123336, 131544,
        72112,  44785, 118805, 132921, 142209, 142113,  78639,  34853,
         2266, 105650,  94728, 112781,  34614, 138012,  31012, 104708,
        10318,  26482,  80046,  76318,  90775,  90148, 122816, 117361,
       135319,   3063, 136942,  45823,  29913,  69802, 153247,  87175,
         7675,   8046, 136301, 153235,  69890,  96262,  59505, 120089,
        44462, 103640, 130442,  13156,   9716,  48056,  88285,  79387,
       106112,  68004,  60888, 104339,  89909, 144834,   2310,  70864,
       111620,  43207,  53702,  16720,  45716,  64571, 151678,  60404,
       120910,  38589,   6353, 151747,   4782,  70578,  86851, 104405,
        21259,  22443,   7098,  62090,  76181, 106240,  47721,  97909,
        49567,  64830,  24124, 144747,  43177,  80078,  75800,  55419,
        86187, 153884, 151190,  12175, 106372,  61865, 109522, 140100,
        96583,  76438, 109885, 135260,  66202,  76349, 150909,   8826,
        11414, 136984, 119292,  59767,  76393, 152667, 101050, 133400,
       137444, 100483,  26521,  69600, 138241]), array([ 79088,  16568,  80658,  71656, 105008, 103809,  96393,  75258,
        21586,  60626, 113784, 114164,   5540,  37203, 118014,    237,
        37788,   2166, 108125,  92375,  18896,  46541,  51265, 101647,
        90798, 127496,  13261, 142607,  29840,  15602,  75581, 146671,
        32163, 102705, 136669, 100964, 100771, 139021,  32073,  46207,
        37181,  90103, 121825, 116273,  65919,   7479, 147007,  90917,
        52985,    603,  15965, 109329, 146792, 153307,  81736, 126486,
       137396,  27041,  23789, 111896,  93585, 134199,  59860,  50999,
       101250, 114372,  12278,  16375,  17164,  52529,  30228,   1726,
        60821,  68098,  59531, 108079,  62654, 127503,  93528,  45683,
        29404,  75494, 128805, 136145,  31797, 124662, 148704,   3328,
       102794,  53713,  35547,  93035,  11684,  79833, 126818,  68547,
       107925,  42208, 132376, 101132,  93449, 110206,  88015, 121686,
         2891, 108856, 120093,  56399, 132485, 144790,  23323,  52428,
        13287,  90242,  14931,  42666, 144111,  44360,  10369, 130915,
       144187, 127849,  52591,  79127,  83700,  63456,  92609,  55589,
        67232,  72848,  92100, 134082,  49806,  65762,  81543,  98533,
       122259,  92364, 151009,  94584,  80784,  89477,  89352,  23756,
       141404,  84514,  42321,  32039,  74419, 139742,  69104,  20194,
        83766,  61752,  29018,   8597,  34434,  98688,  56269,  91762,
       116776,   1281,  56400,  26873, 108646,  20240,  68038,  67721,
        93378, 147124, 142041,  67587,   8142,  62566,  35245, 128676,
         1051,  17820,  84931,  51961,  25704, 153922,  36502, 104752,
       117903,  31595, 114962, 132721, 144959,  98736,  49566, 104844,
        57122,   3861, 114430, 102369,  61249,  75869,   4964,  64928,
         1833,  83666,  79557, 104268,  49185,  56083,  72581,   8902,
        43536,  56404, 151854, 131375, 138687, 123216,  44247,   2785,
       124133,  65881, 129250,  66074,  56487, 133410, 153525, 113841,
       106993,  78063,  33722,  10439, 140672, 123040,  12090, 128644,
       109010,  89529,  94742,  54973,   9610, 110100,  91500,  11277,
       122133,  53426,  10929, 130852, 111479,  83007,  61861, 120925,
       100926,  89835,  78859,  64109, 147018]), array([ 13161, 101856, 152002,  25727,  33341,  67826,   7132,  77460,
       125831,  66393, 127035,   2965, 150580,  15660,  91110, 144488,
       139509,  47283,  51149,  64915,  45149,  65316,   3550,  69728,
       135481,  91172,  72167,   7526,  18282,  59025,  89903,   2081,
       141566,   5862,  14694, 140187, 120312,  24858,  85808, 141037,
        97199,  52686,   5117,  32202,  39141, 143408,  45405, 108429,
       145105,   5123,  90320,  56052,  84173,   1694,  59624,   1662,
        10035,  64190, 153732,  47554,  53410,  46329,  31997, 144241,
        46601,  17852,  43654, 115627,  93776, 150809,  50560,  34566,
        46236, 106534,  55925,  15834, 144890,  64720, 128397,  90976,
        53553,  17113, 121012,  79324,  35983, 111406,  77582,  79937,
         6061,  24825,  26950,  16741,  97294,  45029, 124490, 126158,
       128732,  71828,  21329, 122728,  28310, 133652,  66117,  74006,
         1609, 127685, 106267,  46163,  17739,  57632, 144730, 144475,
       140563,   3467,   5400,   8021,  15220,  69249,  86181,  58383,
        80493,  35922, 152296,  99617, 115486,  93787,  66853, 119068,
        66031,  59430,  58490,  75558, 129263,  82755,  58058,  77255,
        98075,  46865, 135777,  25876,  12172,   5441,  66388, 121480,
       147057,  59353,  49391, 114990,  31686,  39014,  50696,  91201,
        92576,  49140,  75477,  57478,  82639,  24813,  83394, 124783,
       149251,  21557,  46390,  16024,  99337,  56376, 127675,  12214,
        41611,  64355,  26991, 117297,  23142, 120761,  54342, 103341,
       112749,  33072, 100790, 109641,  70187,  11023,  26111,  91923,
        85132, 124753,  61567,  17352,  56782,  38852,  87506,  35736,
         1498, 146947,   3682, 141808,  76428, 126083, 113419, 118137,
        70486, 128199, 119909,  22985, 148513, 111570,  58858,  47197,
       141372, 126200, 122616,  64531,   8593, 147708,   4040,  36900,
        37107,  87115, 148706, 108620, 113179,  99700,  41955,   2928,
        13127, 124668,  76528, 130531, 138999,  49401, 107907,  37746,
       143119, 108318, 149996, 120077, 105451, 129253, 126071,  49936,
       107189,  81905, 118996, 145144,  40053,  18845,  26936, 153221,
         1333, 125089,  67259,  26324,  99872,  64625,  71086,  36342,
       124228,  90128,  66748,  15279,  66256,   2903,  26666,   1564,
        36754,  58796, 110850, 149027, 117937,  24941,  54393,   7904,
       121900,  82395,  10351, 108644,   1645,  44031, 141650,  20183,
        53298, 137131, 100219, 110875,  59781, 126244,  51489,  61048,
        63269]), array([  9166,  35305, 128589,  30385, 147565, 107077, 116344,  48164,
        54814,  92822,  87314, 102985,  44442,  84335,  18874,  26491,
        40761,  19544, 120201,  98538, 126597,  27095, 129402, 132591,
       142152, 151711, 121275,  79392,  27943,   9235,  16261,  49167,
        76480, 121161, 111405,  72802, 111457,  38499,  20511,  37216,
       118390,  37638, 122912,  47556,  40307, 113653,  79711,   2529,
       101676, 145425,  23135,  29776,  74551,   2140, 114376,  77330,
        86721,   5652,  83868,  41176, 138377, 138753, 120113,  89682,
        30490,  81731,  42181,  20336, 151300,  41652,  52179,  90595,
       143973,  97984,  34323, 115444, 128931,   7654,  22297,  29541,
        98670,  42281,  46385,  82503, 123825, 126312,  59634,  15194,
        85544, 111759,  73095, 118874,  78001, 123352, 104060,  64820,
        61615, 148341, 122236,  26395,   4413,  33835, 129119,  30284,
        64695, 151535, 126956,  21990, 115393,  21548,  16678,  65119,
       103402, 135351,  88368,  26691,  48375, 139725, 123641,  41373,
       142218,  46250,  86134,  87751,  35103,  44169,  31111, 105355,
          432,  17881,   4961,  58077,   1409, 139942, 112393, 122483,
       132551,  33852,  48253,  34807,  19634,  59082, 118583,  19611,
       140992,  65339,  21647,  67526, 109082, 145361, 114487,  60416,
        51658, 126126,  45369,  94553, 103434,  79716, 115839,  39719,
        30572, 150730,  80470,  96839,  68868,  14207,  22836,  35191,
        53400,  54141, 106802,  78537, 129296,  20709,  27505,  89108,
       137914, 116747, 143487,  36108,  56356, 103490, 129016, 125154,
        44574,  60399, 135261,  17193,   7944, 130287,  80781,  26484,
       135901,  59943,  49210,  70519,  83173,   4537,  30702,  77921,
        14693, 149805, 127371,  15132, 103064,  32905,  71845, 129269,
        55512, 104163,  39665, 144903,  88203,  40925, 133767, 140760,
         7804, 134928,  54326,  64859,  33488, 149392,  26286,  84445,
       120016, 125982, 134657, 144936,  99512,  69298,  21381,  12898,
        98942, 121516, 113788,  46022,  35765, 114219,   9995, 112342,
       147938,   9175,  11381,  99970,  41261,  26651,  68854,  40729,
       104567,  90662,  60927,  53450,  36969, 146348,  37349,  81935,
       139023,  69629, 100154,  89807,  98632,  79686,  49446, 152078,
       142597, 129543,  89371,  48480, 137540,  45621,  58501, 145214,
        37258, 140690,  35314,  32698, 143133, 134780, 125106,   6870,
        24214, 102925, 139852,  54295,   2988,  67102, 127919,  52108,
       104569,  61885, 110534,  99310,  97514,  22806, 124295,  95287,
        79560,  20654,  19859,  99381, 149132,  68108, 139945,  36230,
        36520,  14105]), array([  2105,  24999,  25190,  73754, 103551,  83525,  91250,  62858,
        79068,  64789,  49068, 118380, 106891,  18199,  20587,  56257,
       120800,  91439,  21138, 118880,  25551, 137691,  67675, 117657,
        30500,  12962, 143830,  42383,  62727,  56610,   6866,  41026,
        28128,  99208, 138281,  76844,  24579,  40130,   6427,   1053,
        46994, 143534,  94406, 107646,  41649,  90792,  34942,  32167,
       152213, 122809, 103174,   6913,  53049, 142674, 123407,  57330,
       130257,  33970, 126178,  19186,  65010, 119479,   3826, 108846,
       126849,  20866,  71475, 107912, 106383, 133618, 107844,  61014,
        46051, 146726, 101330,  25544,  59042,   7815,  11452,  66566,
        67543,  56662, 119574,  85430, 129952,  85626, 104757,  79861,
        94898, 121078,  64082,  15449,  28278, 109438, 102334,  64550,
        53295,  59392, 120675,  63761, 133524, 147889,  32987, 117655,
        45343, 119516,  92320,   2565,  29218,  64506, 135039, 104084,
        30624,  25473, 135648,  25418, 136098, 113231,  10939, 100152,
        84973,   2901, 126325,  42295,  46185,  13388,  10307, 135614,
        76281,  65895, 140562,  27746,  61894,  36850,  80629,   9736,
        70059,  34406, 111253,  86231, 149035, 129393, 125617, 100166,
        17062,  93042,  11741,  58646,  79736,  17892, 151705,  79526,
        68848, 127642, 129435,  76724,  85336,  25982,  91450,  40688,
        75499,  16449,  76398,  74932,  77390, 101255, 112970,  21031,
       114939, 118369,   8807,  72546, 123822,  49650,  83355,  87715,
        73708,  35091, 128176, 125215,  13842,  91967,  12160,      2,
       133409, 113899,  85847,  53300,  40042,  74331, 139669,  44284,
        42044, 148543,  33919, 127593, 145184,  43287,    819,  51563,
        67691,  62425,  26389,  68328,  38021,  37991,  46582,  56571,
        70251, 126614,  26391,  43390,  44987,  93231,  74378, 153722,
        99350,  96628,  57899,  45474,    368, 129970, 105947,  91043,
        68449,  57032,  69415, 132215, 101389,  97340,  59751,  65492,
        18669,  91282, 142776, 127319,  94070,  87774,  11429,  45012,
        34629,  66005,  17460,  74980,  25182,  22741,  78628,  63896,
       133772,  32461,  82833,  66726, 129740,   6482,  20261,   7088,
        42443,   5815,  27350,  81051, 112015,  17214,  98589,  15025,
       144231,  49536,  70554,  64508, 105845, 108443,   2751,  74045,
       107699,  96696,  22322,  54406,  28271, 118753,   8292, 129382,
       132402, 142024,  38433, 128255,  15081,  90073, 105632,  94569,
        39137,  15173,  82369,  79422,  20401,   4723, 130765,  55311,
        12866, 108387, 151945, 108051, 112984, 149560,  35236,  56905,
       112403,  78024,  94149,   6082, 121721, 149204, 101698,  48570,
        96947,   3398, 152765, 123858,  43673,  68948, 139267,  85411,
        29897, 129057, 138586, 131991,  45889,  32863,  43759,  11292,
        56832,  89328, 128447,  48405,  62235,  98833,  99620,  24899,
        65619,  33060, 143820,  63613, 131513,  89500, 135574,  72204,
         4622, 134948,   8620,  62258, 142919, 111595, 119224, 117797,
       136427, 146178,  11720, 106449, 137469,  23291, 145070, 109377,
        69379, 150411, 137565,   2265,  71938, 143523, 133937,  36928,
        43103, 142155,  55468,  25941, 144444,   5428, 129098,   9014,
       146981,  34945,  37660,  65955,  14407,  96607,  39690, 120726,
         9088, 119421, 148972,  49257,  53588, 107543,  16378, 135475,
         4121,  19232, 125566,  17611,  66208, 150199,  18292,  49861,
       112332,  43300,  11379,  35003,  54876,  97821]), array([141571, 125561,  36572, 114684,  49291,  12638,  40546,  72831,
        37035,  53159,  64763,  89799,  74285, 117337, 146759,  62045,
        66658,  66194, 122056,   4302,   5721, 115236,  55782,  30366,
        16910,  22628,  43573,  71977,  87848,  58586,  26424,  41544,
        17272, 105452,  99005, 116080, 147519, 105647,   4134,  89519,
       141950,  15575,  89300, 126544, 152439,  35530, 144021,  95640,
       110382,  65861, 112187,  33700, 108092, 123556,  79071, 103287,
       113309,  92270,  25376,  20913,   3136, 136272,  19541,  37911,
        50109,  53554,  25987,  45496, 145097, 121083, 122695,  68231,
       106235, 139261, 100870,  96020,  78342, 148508,  55483,  25637,
       118707, 141726,  77387,  32351, 148694, 151881, 105435,  56505,
        66243,  56917,  26112,  66725, 136908,  62497,  83089,  97075,
       131884,  29742, 147138, 101852,  47629,  18480,  83788, 116913,
         1916,  62315,  73346,  40694, 109858, 129268,  94367, 130098,
        43186,  58596,  49637, 118113, 103130,  70681,   3135, 153151,
        42188, 135428, 123260,  12591,  57433, 116591, 144631, 120833,
       116566,  95625,  98220,  96560,   1996,   8646,  58524,  46839,
        85464, 107833,  83241,   1037,  83597,  54696,  54720,  40183,
       119081,  97409,  10381,  30087,  17537,  55869,  59816, 116907,
       109291,    329,  90452, 111617, 148883, 115115,  49850, 117932,
        58103,  14448,     58, 103740,  56913,  41379,  25823,  42175,
        66287,  88954,  44976,  38930,  23368, 111339, 111840,  98466,
        29384,  26361,   1897, 100220,  37426,  31900,  34225,  10453,
       121098,  89581, 140590, 116667, 147350,  83369,  10610, 152618,
          973, 114882,  56265,  64855, 123720,  64073,  61090, 149452,
        29537,  63964,  72056,  40223,  14577,  47876,  12227, 143954,
        56581,  61207,   6179,  88528,  59027,  82739, 124315,  33427,
       126249, 104559,  15161, 145365,  89086, 131470, 117522,  61645,
       129180, 118195, 152047,  55678, 106986,   8943,  10852, 109980,
        74751, 139395,   8295,  93275,  13216,  72247, 147580, 106731,
        30584, 137903, 144915, 128112,  34587,  20321, 121222, 144721,
       116408,  67715,   6171,   7596,  24275,  75536, 144025, 132897,
        62560, 104772,  46832,  61714,  43558,  29029,  18380,  73613,
        92469,  99267,   9747, 104584, 141178,  95661,  86676,  61957,
       119859, 130928,  80275,  47141,  37405, 153458,  13545, 129550,
        57582,    903, 135241, 104898,  73631,  18810, 105567,  64299,
        44365,  73228,  34626,  23277,  18813,  86712, 106902, 128272,
        98165, 132458,  68567,  68755,  67170,  33663, 131036,  25817,
        63307,  20864,  99645, 145406,  85109,  90160, 149296,  84397,
        15568,  57776,  60797,  39348,  74493, 149462,   4686, 129613,
       144049,  24859,  35242,  87789,  24649,  70299,   7436, 117323,
         7625,  96341,   2367,  72072, 149652,  88169, 101710, 112952,
       107342, 113349,  61652,  96048,   8061, 107268,  12793,  44290,
       116194,  45549,  90615,  18045,  38020, 104842,  78814, 135541,
       109096,  67562,  32291,  56140, 106952, 102256, 124655,  72062,
        61950,   8268,  77282,   2950, 127731,    374,  50312, 152982,
        84154,  11935, 109163,  95395,  36509,  78079, 142798,  15544,
       126853, 146594,  24014,   3692,  83023,   3151,  42701,  74849,
        72585,  73065,  22842,  40158,  95217,   8528,  83020,  45994,
       130184,  92611,  27825,  96710, 137860,   5574,  42036,  13519,
       110495,  73764, 133667, 151335, 126384,  99213, 124080, 108142,
        53634, 140714, 131558, 145221,  43073,  91305,  10893,  13045,
       118844,  48693,   3465,  11091, 116410,   5021,  58713,  10466,
        20352,  83358,  73371, 133536,  48956, 149443,  46477,  61109,
          436,  44568,  22547,  18881, 133831,  33638,  85608, 104713,
        83793,  60774, 104439,  22800,  76309, 113112, 152371,  40213,
        56305,  30047,  95862, 151483,  69217, 136000,  70391,  86335,
        22526, 100250, 139986,  56898,  88881,  47662,  54293, 129822,
       142853,  91961, 134128,  55021,  37913,  16038, 146843,  44210,
       133262, 124776,  21166,  78766, 153560,  92560, 127717, 100514,
       124412,  46384,  32170, 125768, 146337, 113956, 120182,  21931,
        66597,  83870,  36893,   5995,  69376,   7879,  34026,   9196,
        19152, 104699,  17838,  83077,  72992,  94878,  32674,  73939,
       139667,  76335, 125134, 122260,  47103, 132907,  50261,  33732,
        86574,  99833,  10534,  70273,   7220,  92298, 131895,  95214,
       129478,  11756,  12070,  94373,  64541,  17558,  16433, 146390,
        70438, 117012,  35866]), array([110587,   9829,  86225,  84099,  67561, 118738, 103018,  53144,
        68572,  72883,   9644, 138777,  10292, 132358, 138172, 143892,
        67024, 120687, 105516, 128539,  57419,  95222,  65860, 111616,
        61612,  58393,  51743, 142967,   5149,  37143,  69168,  24052,
       152184, 147503,  80370, 141054,  74096,  75271,  15700,  92570,
        18442,  76100,  52728,  74879, 112821,  20650, 136687,  24449,
         1406, 124689, 133613, 143297,  36623, 109083,  46260,  11510,
       136814, 138067,  22502,  19000,  72345, 142451, 115686,  83586,
       106765,  20393,  23621, 142077, 104546,  11474, 143081, 123523,
        67226,  98454,  20122,   8713, 140834,  22679, 112700,  34431,
       103454,  22916,  62640, 115507,  74574,  24754,  42401, 112059,
        79098, 152958,  95923, 122020, 144637,  65055,  38486,  39793,
        52050,  22997,  26297,  95443, 111836,  51965,   7929, 117011,
        19172,  88962,   8398, 126423, 117508,  53612,  19144, 123613,
        24988,  67042,  25701, 119984, 108195,  47780, 153170, 110713,
       121493, 120659,  29506,  56409,  57257,  21984,  15713, 147909,
       134803, 129586, 136678,  43735, 105058,  75709, 104483,  61908,
        33827,   3968,  12288,  21833,  88985,    486,  51018,  72239,
         8648,  81744,  17197,  60894,  91725,  23852,  68788, 151477,
         2432,  84198,  55734, 107247,  74300, 143641, 133226, 128944,
        44120, 136968, 144287, 153790,  46084,  37981, 121933,  25934,
        62228,  87270,  85865, 138949, 118853,  61100, 113790, 115403,
        75694,  81608, 115811,  85070,  81367,  34733,  41250,  16055,
        25690, 149279,  84347,  34303,  86047, 121274,  51841,  30877,
        14127, 151717, 146502, 138343,  34890, 129565, 115013,  55289,
        12338, 129259, 100417,  37024,  59316,  79616,  84560, 125061,
        86666,  43411,  35942,  14865,  62512,  84760,  18198,  11214,
        49904,  96908,  89130, 136304,  97611,  58279,   5317, 118470,
        54809, 115603,   1087,  30882,  74290,  26318,  51975,  11328,
        51880,  63237, 149932,  77773,  13937, 116196,  79946,  20607,
        20752,  61465,   3588,  67602,  92257,  33000,  15047, 103456,
        87036, 105390, 131968,  82317, 125737,  36318,  45231,  54339,
       120008,  42642,  55466,  12091, 123783, 141702, 115927, 115872,
        44699,  47489, 117353, 138386,  80907, 101478,  97278,  77532,
       137678, 139548,  83500, 151892,   7980, 112334, 104114,   4449,
        16762,  98330, 118783,  65682,  96651,  34826, 153293, 103209,
       118860, 120920,  33243,  50679,  88339, 100474,  37507,  48947,
        68512, 110163, 115422, 134055,  44417,  54817, 113839,  44956,
       142959, 120705,  82329,  13149,  94411, 108547,  90746, 133137,
        78448,  70506, 101818, 137900,  67436,  34197, 151111,  21305,
        75724,  65053, 136741, 136892,  78994,  31724,  82658,  39834,
        43835, 134143,  81875,  35425, 118001, 134358, 147499,  74950,
        62631,  85294,  66728,   6828, 141608,  32641, 121203, 122214,
       133673,  60143,  27816, 113138,  55271, 147045,  27810,  44981,
        89982, 146674,  83176,  43182, 115991,  50028, 104684,  59565,
        85864, 103887,  60178,  20689,    722,     92,  80787,  97245,
        50201, 109622,  55219, 153123, 115129,  17617,  62953,  25830,
       148989,  76459,  78271,  24953,  51787, 138349,  42619,  82560,
        52272,  10903, 132309,  16159,   3737, 118093, 152610,  51359,
       124112, 150252,  75268, 122787,   4556, 151953,  39320, 124441,
         9358,  78439,  62436,  24590, 152846,   3906, 137990,  44001,
        76369,  36974, 113555,  89074,  59297,  53001,  63318,  54836,
        86913, 140369, 143893,  26137,  58732,  85024,   7918, 122625,
        71058,  49876,  20367,  26747, 143925, 109210, 137558,  52228,
        52478, 143739,  53334,  41184,  21720, 143006,  94023, 108655,
       124423,  23230,  49645, 120602, 102937,  53198,   2270,  13946,
       115319,  12083, 144412,  93968, 112376, 136391,  58723,  96975,
       138495, 120232, 135104,  99407, 137447,   4154,  73171, 128141,
       101058,  94348, 102037,  32053,  84617,  63627,  11269, 152714,
       141284,  38509, 128150, 139477,  84394, 102103, 101201, 133397,
        82960,  91943, 122669,  90705, 111689,  58616,  82300,  86512,
        62547,  38892,  33590,  79294,  29206,  50223, 108804,  16277,
       102024,  52265,  38211,  43050,  46658,  35267, 140541, 110910,
        81141,  61670,  74838,  42144,   3066, 144763,  17874,  96174,
        29882,  12500,  98771,  79400,  59719, 141681,  71951,   8547,
       135263, 101392,   1674, 139696, 139003,  99068, 121780,  27064,
       110691,  65386,  64260,  64498, 120528,   9237,  78366,  19741,
        24016,  41812,  17725,  33583,  64963,  47765,  16963, 103794,
        50901, 136883,  38702]), array([148370, 102845,  25378,   8870,  87549,  36368,  59890,    405,
        71963, 116539,  63950,   7982, 110334, 124972,   7222,  78145,
       114755, 139157,  42312,  79744,  99163,  94381,  35238,  86425,
        22281,  20005, 139360,  50001, 116318,   6583,  53488,  16689,
         8264,  12230,  20305,  77344,   4811, 146941,  83169,   3243,
        91538,  35122, 115594, 128034, 121436, 151168,  37814, 147195,
        54590, 132731,  79051, 143592,  93295,  87147,  55675, 113508,
         6510,  47848,  63734,  66600, 114422, 108472,  97341, 146856,
       102057, 149277,   7821,  85987,  16475,  40060,  92254,  41040,
         6874,  88914,  23319,  85414,  65519,  51372, 140308,  55417,
        63548, 137090, 127521,  65856,   7407,   6824,  71821,  66054,
        43483,  87980,  84925, 125307,  27178,  17842,  36303,  31231,
        14257,   3067,  21821, 153671, 132068, 144146,  58864,  65251,
       138045, 125211,  99466,  23399,  29654, 129631, 108309,  69848,
        18620, 143667, 121228, 112105,  29151,  14416, 145631, 114772,
        54315,  55157,    949,   3687,  20100, 124995,  97899,  91311,
        85260,   3887,  13796, 116701, 125905,  79107, 132931,  26746,
        69760,  64297,   3871,  86607, 123790,  97890,  98502, 151106,
       111278,  84557,   1297,  71167,    343,  54028,  97490,  53070,
        63836,  82550,  77275, 137967,  23330, 127274,  65962, 136824,
         7832, 152908,  96888,  29382, 129877,  78683,    825, 147133,
       146746,  79186,  45867, 131238,  51221, 107098,  32630,  15221,
        88637, 117414, 122312,  11285,  84634,  98623, 104861, 148360,
       146738,  85388,  10287,  11500, 141189, 117830,  11387,  98887,
        48360,  78132,  29166,   5998,  84233,  89253,  82172,  83834,
        12897,  77116,  10975, 119273,  56776, 112660, 127888,  51537,
       145181,  18798,  87778,  76499, 110360,  26066,  13533,  31639,
       145102,  46244, 113629, 153465,  74279, 153484, 112179,  71433,
        89320,  86221, 152880,  98337,  41265,   5462,  84356, 153184,
        37693, 116982,  89013,  75617,  14294, 114854,  48714,  26542,
        37636,  86264, 149791, 120421,  60280, 112211, 137311, 100789,
       141179,  27379,  10047,  99156,  69366,  63680,  23533,  48365,
        43601,  35959, 129526,  26903,  36829,  61675,  69994,  95911,
        32946, 120858, 121303,  90020, 100584,  51418,  24551,  86740,
        81469,  64255, 105426, 124566,    458, 133149,  93420,  84791,
        57768, 145392,  59362, 152964,  40271,   4023,  69022, 120091,
        20948,  94281,  93425,  58671,  81735,  57488,  89507,  59677,
        18749,  13355,  23058,  55082,  88990,  41690,  59803,  24846,
        99907,   1894,  25252,  32094, 140067, 123622, 144114, 131364,
        31229,   4924,  47280,  65206, 110830,  85824,  47651, 100647,
       130952,  62770,  87645,  98100, 132194, 103461,  37456,  89121,
        54942,  46663,  59871,  91108,  82652,  86527,  53161, 127984,
       153003,  24000,  20702,  67192,  67207, 141237, 113645, 150964,
        66206,  18872, 150541, 134050, 100625,  12951,  62717,  12345,
       146916,  51971,  62900, 137591, 106973,  71514,   5646,  81129,
       137313,  36806,  48972,  22212,  96980, 100553,  77850, 148738,
         1780,  21387, 150079,  24804, 117610, 121490, 105759, 117211,
        90758,  49336,   8594,  31581,  23945,  76852,  32004,  90344,
       120825,  27440, 145990,  86516, 138556,  42404,   7581,  21721,
        11314,  32800, 117514,  96033, 152143,  44374,  47130,   3704,
       114168, 104342,  67548,  55805,  52156,  70500,  13399, 130047,
       144777,  66631, 113383,  30761,  27321, 137070, 152206,  29055,
        78234,  65341,  10332,  24246,  83795,  55552, 115607,  86728,
        80211,  11152,    698, 115676, 124965,  46159,  37261,  14018,
        99812, 114204, 127211, 153304,  97658,  38474, 130877, 124390,
         3661,  37027,  11764,  84896, 135007,  49324,  46763,  16809,
       105502,  54224, 109432, 126023, 120267,   6662, 116252, 106546,
       135873, 110140, 147722, 118867,  16491, 141337,  34499,  31414,
         1142, 150928,  59935,  69549,  48020, 139566, 120951,  55084,
         8879, 123756,  19468,  57979,  73298, 107199, 149940, 106767,
        17908,  95505,  15239,  38338, 111233,    199, 134979, 124890,
        32104,  40958,  73334,  54673,  21686,  91100,   6845, 136648,
        20373,  32290,  95542,   3300, 106653,  91478, 113930,   5926,
       129125,  16781,  60609,  10026,  37003,  58243,  98433, 114647,
       111808,  79705,  77581,  84057, 114625,  84499,  11998,  77258,
       121419,   1579,  64641,  55134,   9483,  89333,  60901,  65858,
        45175,  71260, 121311,  36166,  53534, 144223,  66877,  46945,
        74434,  95651,  90031, 135133,  86273, 125973,  64644,   6937,
        57570,  76751,  37793,  92473,  71052,  14461, 139297, 128889,
        51788,  37160, 145217,   8488, 141638,  46395,  93534, 110919,
       127589, 137470,  95399,  47002,   7043,  12552,  84408,  81295,
        78737, 106363, 138220,  67919,  16929,  39466,   7166, 107113]), array([100794,  95683, 107094,  29010, 129528,   4115,  59451,  83306,
       105679,   9293, 124032, 108854,  14814,  54610,  79514,   1710,
         6284,  10694,  17929, 136410, 150187,  38336,   9074, 144198,
       102962,  63711,  96382, 137431,  84404,  34699,  52986,    693,
        39744, 111932,  49843,  38026,  28697, 151012, 142840,  50163,
        85326,  74531, 113643,  42086,  58828,    172,  78515,  66545,
        58700, 115808,  62201,  54144, 142136,  27873,  29592,  22090,
        11522,  46449,  82171,  39045,  78184, 108349,  96291,   4453,
        55812, 124322, 139366,  59033,  51198, 102010, 115072,  95624,
       132517,  53457, 138997,  34873,  49508,  32308, 146895,  48662,
        64218, 132014,   4726, 149582,  72530,  49195,  54083,  79052,
        97136, 138046, 134094,  14643,  38090, 104175, 103054,  39586,
        57057,  97398, 100559,  96768,   4779, 113730, 118039,  20343,
       102117,  31192, 151931,   2962, 112229,  59605,  57923,  40449,
        82442, 110115,  83522,   3280,  51516,  43097,  46966,  43853,
       120721,  96039, 151546,  30364, 140939,  79795, 108974,  75837,
        44094, 146779,  25932,  66766,  46677,  35564,  34954,  21625,
       112569,  53507, 132857,  87788,  23476,  53137,  53741, 146247,
        90731,  11963,  94331, 140057,  30114,  15603, 138849,  66333,
       146100,  81184,  46393, 110908,  86265, 134907,  91633,  68926,
        90371,  10308,  58736,  21179, 102674,  48738,  84575,  76567,
        75957,  66021,  71681,  14514,  55104,   8187,   8744,  68260,
       101940,  44082,  85828, 108597,  98664, 108354,  51667,  96466,
       138136,   6143,  76344,  23565,  34390,  18507, 128939, 129781,
        34651,  32771, 136837,   9944,  59852,  31720,  90971, 145868,
        43194, 101496,  60357,  71185,  69348,  35613,  77813,  56590,
        16772,  56053,  53219,  28158,  61195,  19096,   4591,  93871,
       103290,  66387, 104395,  63290, 102704,  17261, 102258,  59075,
       127923, 104788, 152631, 148662,  92214, 122426, 109994,  84398,
       101867,  15370, 130632,  84287, 141200,  82705, 134483, 129069,
       146020,  43023,  22586,  81535,  52765,  77053, 141617, 116828,
         6945,  16028,  44848, 111181, 111282,  29017, 106180,  27617,
        35388,  47093, 134775,  31044,  95724, 152176,  99419, 102006,
       146056,  88680, 107226,  31501,  23402,  85133,  22653,  79327,
       109504,   8014,  64933,  56746,  56420, 114859,  20527,  69451,
        14893,  99222,  90286,  20557,  12848, 118767,   6210,  60525,
       106109,   3377,   7966,  52603,  85988,   9531,  51095,  51067,
       104079,  96345,  78963,  78173,  87535,  99494,  51210, 152808,
       125292, 129828,  50750,  26768,  62294,  48332,  56902,  89385,
        82351,  48010,  62295,    730,  57932,  40950, 123396, 123572,
       133214,  63281,  84813, 136531,  93783,  86575,  39405, 126054,
        63393,  77203,  12948, 111807,  75333, 131394,  78170,  54770,
        13898,  77976, 116603,    802,  33141,  71158,  63210,  31342,
        28175,  93654,  42970,   3181, 101928,  39065, 120816,   3392,
        90357,   9370,  21657,  96118,  34655,  80157,  57543, 133700,
       148558,  16990,  99731,  32744,  25834, 114025,  65034,  19381,
       127632,  16429,  22680, 133598,  85827, 113621, 144023,  64263,
        24396, 153389, 138813,  87313,  90970, 148121,   4861,  82380,
       142676,  70614, 130130,  77181,  92546, 100930,  52419,   1803,
       101672,  50047,  65239,  28594,  50709,  11019,  18436,  85677,
       113485, 153869,  81171,  93467,  78557,  34649,  22384,  61793,
        83074,  28433,  82878,  93720,  92676,   1755,  53305,  19867,
        47290, 139365,  85030,  13082,  24076,  34310,  63031, 151137,
       108881, 107637,  37980,  69443,  95022,  11270, 138089,  16686,
       125769,  52662, 133784, 107383,   5226,  79207,  75866, 123162,
        44724,  77492,  62990, 102605,  30763,  56133, 118982, 105026,
       108776,   2064, 108112,  94147, 153642,  86726,  41341, 124258,
        68445,  88948,  95538,  78605, 148457,  44931,  20189,  10641,
        75382, 134428, 145613,  76448,  83440,  25477,  78185,  39692,
        14412,  13288,   4671,  60580,  18561,  86713,  65513,  71834,
        95514,  56391, 135752,  98673, 127677,   2516, 152596,  12056,
        61215, 153166,  88609,  18268,  44921, 113221,   4225,  95026,
       115164,  52564, 104100,  43605, 103528,  52071, 119684,  14364,
       138649,  54935,  16549, 150030,  79489, 109925,  25621,  65989,
        67365,  42897,  77617,  92886,   1720,  62167,  24555, 110676,
        47931, 144445,  20979,  16264,  31554,   4331,  67980,  37127,
        92197, 100814,  88485, 123852,  54758,  87965,  14761,   6792,
        38846,  75037,  84080, 145721,  69935,  43981, 121847,  85195,
        80264,  90734, 137754, 131872,  45498,  46334,  68685,   3476,
       108384,  81127, 102969, 153161,  55566,  95310,  58805,  76534,
       136602,  54320, 152159,  84753, 111038, 134436,  78807, 141573,
       113522, 150331,  55849,   5739,  99170,  31268,  97663,  83548,
        66891,  40069, 109155,   7674,  39698,  50271,  13686, 131694,
        52269,  53421,  49154,  26064,  63041, 135223,  17897, 116065,
        83844, 102536, 101385, 146599,   5623,   8003,  84812,  45754,
        56526,  92294,  93867,  73343,   1099, 102182, 107861,  82577,
        21253,  83724,    466]), array([ 87186, 123083,  81729,  33728,  91590, 123313,  23771,  57957,
       151085, 126360,  11854, 130117,  62209, 101039,   5523, 140940,
         6805, 116876,  37423,  15939, 151699,  41712, 122060,  61761,
        46858, 114616,  20706, 140814,  17501, 115618,  99145,  61266,
       143302,  34464,  12018,  25998,  89166, 135061,  27849, 144648,
       149909,  41835,  33497, 149322, 124362, 139485, 150783, 140688,
       100776,  36821, 112829,  97678, 127921,  81162,  75400,  56966,
       140080, 138431,  41274, 109737,  22573, 102550, 148445, 133134,
        40030,  40308,  32481,  51189,  64987,  39481,  93032,   4646,
        33049,  30478,  76939, 111205,  74946, 114366, 124814, 125456,
        66521, 134520, 129031,  71565,  12119,  69350,  20874,  87481,
        88925,  87172, 118464,  85478,  42129,  60778,   9104,  89379,
        78905,  43015, 114183,  84098,  39595, 138053, 146930,  37662,
        93565,  72887, 133513,  33748, 141209,  47226, 107892, 151082,
       153750,  50619, 131720,  11305,  93830,  50472,  16779,  75771,
       144213,  72448,    196,   6783, 116455, 124628,  70563,  74213,
       106697,   7052, 143390, 117433,  71772,  48935, 104523, 106371,
        25583, 127742, 107152,  19933, 116105,  84441, 135523,  77188,
        92487,  57561, 131021, 121507,  64024,  80448,  89658,  51318,
       149531,  68364,  99742, 152443,  11073,  55500,  86537,  91638,
        26276,  32449, 111952, 153562,  34781,  19213, 136248, 153345,
        60926,  44930, 122652, 117201,  64784,  30126, 134230, 146487,
        83095, 128689, 134065, 144478, 130782,    481, 152779,  85352,
        12562,  59578, 118328,  26600,  96649, 110541,  13564, 142533,
        26400, 141782, 150264,  29355,  89932,  10673,  43249, 141114,
       131491, 143524, 103216, 142991, 106394,  10414,  45609, 105814,
        44516,  45639, 141370,  22455,  53039,  61411,  36994,  29004,
        37886, 140377, 111198,  30084, 137502,  44250,  59435,  45527,
        68217, 103803,  22739, 107630,  54263, 129736,  87204,  45187,
       137012, 100744, 149071, 149915,  86099, 107182, 101952,  43220,
        46130,  69962, 132422,  69841,  14880,  26433, 106954, 108248,
        51212,  49232,  32842,  19539,  92443, 131500, 113370, 120481,
        46050,  51261,  93620,   2609, 123505,  26627,  75212,  90195,
        29946, 150940, 147507,  68709,  81336,  87516,  33776,  72925,
        65355, 106672,  13381,  91749,  66116,  15101,  21636,  88020,
       153403,  60706,  71991,  17159,  14060, 110088,  62150,  66079,
        29386,  75130,  36104,  37515, 146787,  29637, 141273, 129591,
        28394,  21196, 131039, 101487,  11340, 122582, 131990, 113952,
        18828,  57545, 112864,  53095, 137036,  51168, 142091, 151123,
         1234,  85815,  27522,  98985,  25669,  87429,  75754, 123459,
        64306, 134885,  22112,  60131, 108193,  61925,   2428, 131788,
        22450,  69060,  68458,  26516,   2919,  22033,  40982,  81120,
        19359,  73599, 126962, 142641,  40383,  86233,  25905,  30699,
       108705,  14541,   7284,  67910,  15707, 100543, 133075, 123093,
       122418,  26867,  53610, 115392, 118794,  57272,  88342,  11390,
        13213,  43948,  57910,  17555, 124472,  67901, 111005, 113516,
       134910, 101527, 102504,  13089,  55627,   8175, 100343, 129054,
       133425,  65449, 140166,  94344,   5494,   6290, 153797,  55563,
        82753,  83554, 123908,  64896,  75818, 151776, 146339,  67274,
        67972, 148198, 124028, 150525, 100080, 132249,  87484,  32340,
        63362,  34061,  95413, 149859,  66406, 128570, 107904, 147234,
       125082,  93323,  19637, 130451,  66129,  95595, 107364, 147852,
       100874, 106179,   6865,  71073,  32143, 113627,   5675, 131158,
        18588,  14575,  26875, 142246,  56893, 106185, 116676,  61003,
        27992,   6689,  43202, 140333,  68714,  82152,  55010,  85431,
         6502,  92064, 126234,  85012, 132480,  73979,   7427,  40394,
         2578,  88916,  96234,    501,  11168, 147905,  59053,  87463,
        94092,   2938,  86837, 146422,  65703,   8861,  34952, 140649,
       127336,  67434,  13118,  36680,  99797, 137641,  29375,  47042,
       106011, 152516,  39836,    286, 132441, 129335,  55770,  56465,
       128241,  40873,  56843,  44357, 105073,  94609,  68008,  58813,
        13805, 139654,  17026, 107463,  74139, 138996,  41181,  49431,
       132610,  63511,  46018,  96837, 114762,   2450,  68929, 125399,
        95695, 123015, 150404,  42427,  42830,  60133,  24162,  35850,
        32827,   6233,  52327,  40363,  44051,  11759, 141727,   8987,
       112610,  14108,  73641,  52988, 152098,  50439, 100914,  11689,
        14781, 147291,  67974,   2710, 153093,  81813,  75176,  53002,
        99779, 141175,  79269,  34550,  61606,  95591, 153440,  61335,
        47414, 123943,   2738, 152658,  39363, 114398,  89363, 124817,
       106747,  28328,  49877, 136359, 122663, 124603,  58364,  78057,
       147987,  79991, 106812,  70770,  19379,  76970,  81864, 107865,
       128251, 103351,  97513,  12134, 130240,  46654,   4525, 122805,
       140797, 130731,  21926,  80877,  56717,  70526,  18151,  33021,
         2967,  18431, 142713,  44308,  46779, 128639, 151030, 114087,
        90641,   5359,   6310,  75078,  17020, 139817,  22850,  48996,
        18496,  73810, 142307, 133336,    981, 138422, 152781,   5535,
       148823, 152629, 124061,   2334,  97995,  75440,  96872,  25879,
        50263,  61764, 104474,  52364,  75679,  21541, 124843, 113115,
        26230, 109235, 127405,  87976,  95487, 105717, 136038, 127258,
        75425,  17477,  37869]), array([ 55629, 124341,  77843, 124104,  72716,  89901,  12650,  44765,
        67254,  71241, 119039,  98451, 100992,   8045,  21748,  57919,
       128879,  84212, 142796,  81991,  29596, 147791,  92115, 128793,
        26382, 117334,  70201,  90468, 108920, 135129,   1921,  45051,
       112126, 113553,  17635,  91664,  61825,  45041,   6728, 119898,
        23961,  23651,  99603,  75054, 127275,  80274, 110621, 149095,
       131092,  25557,  64406,  67993,  17702, 125287,  40869,  36959,
        22087,  50833,  24544,  69641,  37998,  58082,  28114,  75381,
       109863, 128609,  74024,  98446, 121114, 107758,  80417, 134915,
        37378, 114887, 102132,   3303, 116512,  71122,  43405,  56805,
       121317,  83359, 142389, 124591, 142821, 113762,  19846,  41301,
        12558,  54154,  22379,  70843, 131799,  76873, 130471,  68207,
        54612,   9491,  73949,  24970, 133590,  74193, 141813,  79452,
       149864,  41879, 117668, 120190,  39236,  90898,  73187,  72399,
       142480,  47511,  22144,  78929,  81479,  83325, 112370,  87654,
       106855,  13800,  90353, 106642,   3318,  87802,  88790, 121955,
        61632, 134868, 144644,  94015, 151489,  16213, 116958,  59103,
        87403,  74791, 115922,  21767,  69281,  33373, 109222, 113545,
         6858,   2493,    531,   5909,  53275,  84933,  73119, 142069,
       146485, 148106,  26551,  46812, 144739,  18623,  47433,  42827,
         3046,  39926, 117355,  54338, 149181, 139893, 110350,  92040,
       127474, 125158,  88687, 134909, 102139,   3475,  75052,  43538,
        49895,  97666, 152265,  29770, 101300, 138384,    982,  58209,
       143928,  86128,  68462,   2544, 151954,  82199,  32699,  37140,
        13626,  86793,  87393,   3059,  17927,  21024,  48649, 124189,
        58405,  18012, 132229, 102583,  51467, 109437,  20624, 106529,
       129137,  55718,   3927, 124047, 132158, 131883, 111734, 111829,
       151550,  47824,  23078,  93031, 136296,  85084,  13653,  42020,
           16,  14357,  40456,   3662, 140878, 107451,  41581,  31828,
         5393,  18598,  70697,  30068,  49783,  12334, 140643, 105055,
       138233,  90147, 105044,  76613,  92340,  32859,  87505,  98033,
        68852,  91409,  86963,  44680,  15553,  32678,   1455,  89701,
        71112, 115420,  26816,   1395,  97396,  92544, 153173,  69750,
        54074,  95755, 153876,  20633, 151870, 126559, 132980,   4129,
       141930,  64135,  99515,  70710,  43600,  33249,  39939,  85269,
       125151,  50736,  19452,  49579,  99556,  74672,  62116,  51917,
        37923, 120604, 127746,  45850,  59189,  24599,  87893,  50241,
       110822,  89771,  12602, 105618, 119391,  50625,  88999,  31532,
        31940,   4503,  78992,  33234,  20739,  30427,   1683,  11968,
       130760,  86569, 109964, 149870,  29306,   7892,   8389,  77687,
        40266, 130041,  56995, 145328,  50280,  15851, 117423,  80072,
        12684,  76426,  29979,   5375, 102366,  25281, 104287,  78402,
       145986, 111388,  89815,   1002, 101636,  20805,  23038, 113544,
       118414, 111383, 103641,   3311,  47169,  49626,  53699,  93248,
        20512,  61832,  76881,  12867,  19498,  60186,   1206, 123789,
       116592,  12557,  45650, 108098,  49537,  94531,  45234, 122630,
        36955, 152060,  96335, 131033, 151515,  28408, 140132,  18179,
        78201, 122701,  39537,  72228,  61821, 125054,  43437, 123615,
        59493,  62551,  47606,  36530,  33451,  96750, 133924,  36183,
       118203,  33209,  39274, 121397,  60346,  52097,  38480,   8051,
         5361, 145735,  15533,  34724,  78295, 114208, 123911,  50942,
          644,  30101,  79542, 152380,  40121,  58353, 144190,  11482,
        99352,  42008,  63678, 151893, 133070,  94937,  72869, 153198,
        41859, 138891,  56506,  92929,  40455,  48052,  77692, 108786,
       110077, 114445,  69509,  31042,  49617,  83145,  21868,  48019,
        83132, 120357,  45176,  82654,  36892,  57175,   9714,  12064,
        73326,  99555, 107429, 137690,  88667,  87263, 115773,  86771,
       110709,  45681,  16067,  96666,  14780,  46815,  75621, 128780,
        52286, 136739,  49054,  39961,  81266, 129615,  19375,  26326,
        50169,  82151, 116314, 121775,  47674,  13473,  57165,  98781,
       123225,  40375,  92783,  21697,  77335,  10361, 141937,   7331,
       132337, 130689, 149402,  88594, 131291, 119074, 138610, 114873,
        25197,   7290,  64839,  38434, 153365,  27110,  25379,  18929,
       148129,  47337,  60578,  83233,  32536,  14309,  98918, 117532,
        29204,  64034,  90777,  36521,  79341, 107742,  15694,  16795,
        44500, 110267,  31704,  10943, 131258,   3164,  89341,  75036,
        65912,  42016, 126622,  74106,  80751, 112161, 114229,  58841,
       111162,  50370,  42754,  23904,  79240,  10213, 147927, 121747,
        23543,   4838, 124415,  50036,  80054,  44135,  15927,   7372,
        77661,  17354, 132507,  16459,  86403,  26635,  92067,  26432,
        25260,  94996, 145560, 120552,  72800,  58836,  30804,  37609,
       131088,  72636,  14195,   1451,  82926,  16930, 115337, 103496,
        56213,  31752, 109532, 132243,  89410,  14921,  36360,  97127,
       115116,  82389,  42421,  17926,  96055, 128459,  78326,  88713,
       100570, 150693, 124095, 121810, 144709,  57834, 137572, 133132,
        69814, 106992,  18068,  95225, 101162,   2264, 103426,  83445,
        69910,  53064,  11194,  49071,  61802,  33641,  87656, 115099,
        50524,  94258, 136683,  50020,  84710,  99867, 146668,  54542,
        23407,  38761,  68446, 113153, 143703, 129908, 147493,  31921,
        43069,  96485, 149208, 142483,  84170,  90077,   3544, 112787,
        60504,   7856,  50471,  31208,  73168, 107124, 147809,  22516,
       147242,  66667,  90476, 103047,  59668, 126801,  18370,  37534,
       145915,  46529,    441,  63848,   6986, 140698,  99201, 141425,
        96260,  80937,   6562,  15667,  76101, 122178,  41942, 102538,
        86027,  36382,  88288, 128213,   1193, 139159,  97906,  68417,
       112326,  78611, 132488]), array([ 37299, 118135,  85622, 137362,  83494,  45493, 139482,  28467,
        58307,    108, 134142,  26772,  77608,  21734, 107452,  42050,
        52041,  36758,  64715,  32997,  58382, 111735,  96969,  11008,
        34209, 136073,  29666,  38740, 133095,  95784, 136177,  75983,
        77504, 134593, 119729, 126452,  79434, 132477,  77631,  41167,
        73300,  10066, 113532, 101578,  45870, 118146,  29849, 127637,
        43273, 133186,  14086,  13711,  49655,   4707,  42183, 111631,
        56274, 136092, 131464,  69969,  83235,  99456, 142465,  55902,
       129595, 133062,  62353, 151552,  27834,  61807, 147794, 135711,
       122510, 100119, 147655, 111852,  88653,  62635, 147405,  96875,
        33093, 137304,  66522, 122899, 110545,  20265, 149695,  33785,
        28097, 139348,  67441,  85655,  29540,  12791,  38965, 150649,
        23208,  90418, 103230, 134935,  20294, 111727,  92458,  89217,
       148746, 115642,  21167, 131652,  73865,  18932, 112736,  65997,
        29422,  90924,   4300,  31051,  49725,  48337, 103758,  78433,
        79382,  36399,  27405,  47888,  91441, 112123,  81284, 105665,
       120717,  87571,  46928, 100047, 150855, 118913, 126668,  72125,
         9475,  26501, 123674,  65033, 130054, 130752, 131224,  88673,
        39463, 118267,  11107,   2005, 130378, 148160,  56137,  16377,
        63960,  77691,  28067, 116953,  27377,  70692,  83246, 122244,
       147649,  76865,  34440,  28399,  86923, 123986, 152719,  76275,
       140711,  27449, 140679,  65240,  72633,  38330, 100330, 105630,
        11088, 125057,  33996,  88275, 129167, 153930,  20888,  76243,
       147316,  54092, 116257,  41188,  34175,  20573,  17910,  60949,
       147594,  51248,   8091, 142598,  34708,  92998, 122463, 129064,
       119528,  73356,  79266,  19293, 101866,  41584,   7106,  72687,
        11823, 148458,  55149, 152483,  81458,  30470, 132063,  82660,
       114545, 126373,  92087, 151381, 119140,   3822, 111824, 112372,
        29280, 101124,  42413, 142225,  75088, 114004, 115328,  98349,
        37034,  91486,  41273,  13037, 141165,  22120,  76684,  53537,
       102028,   7623, 141753, 107655,   1023, 131651,  86251, 137297,
         7240,  69778,  60699,  99735,  53158,    649, 107754, 119364,
            7,  21102, 136900, 149414,   1712, 127290,  70227,  97353,
         3695, 120914, 137067, 145487, 133011,  54353, 134217,  48751,
       131426, 123539,  78684,  41144,  39146,  13819,  95186,   2232,
        42389, 152741,  53391,   1983,  60164, 150033,  84085,  50539,
         2069,  47500, 136205, 148044,  16396,  84176, 102199,  41708,
       105261,  10759,  73893, 131533, 151181, 152451,  29060,  57590,
        94973,   9733,   4933,  86126,  50415,  84126, 136903,  86798,
       136367, 151998,  76109, 138359, 129362,  47641, 143483, 114196,
       131369,  11908,  35320,  19462,   6287,  54583,  90977,  20344,
       118293,  17669,  20160,  51926,  16208,  13822,  19226,  63862,
        23681,  23715, 142330,  24113,  62879,  84893,   1153,  23223,
        28360,  63431, 139651, 112965,  53956,  56251,  69341,  70145,
        67499,  67046,  36575, 138299,  21963, 109981, 151024,  95874,
        22199,  89620,  15218,  75490, 152906, 146346,  48906, 140870,
       108499,  67701,   3282,  40473, 144039, 152553, 127082,  30776,
       126086, 121307, 123741, 135136,  11043, 132401, 105402,  38172,
       119571, 127960,  28234,  97359, 137030,   6908,  45238, 117889,
       101040, 150610,  27183, 134524,  82477, 133817, 150544, 120408,
        15839,  70846,  16903,  44207, 132098, 115334,  28926,  96281,
       139193,  77957,  72106,  52597,  66359,  83446, 141968,  71323,
       120265,  10532, 108106,  16217, 106366, 151576,  74017, 129713,
        32093, 110432,  27682, 102762,  93017,   9071,  55267, 139665,
        40458, 137334,  68545,  92584, 116111,  42918, 150884,  99906,
       128136, 140441,   6917,  33524,  47209,  91573,  17322, 147648,
       149115, 149713, 138076, 112131,  23942,  52047,  32046,  50832,
       129893,  36549, 145610,  71634,  13153, 114828, 152240, 105099,
       131766,  54549, 121467, 116112,   7062, 119931, 131695, 141067,
        91751, 113028,   8835,  22505, 125956,    875,  31252,  57600,
       100201,  38153,  73699,  48412,   4883, 136911, 144316, 104099,
        54003,  61779, 116471,  39080, 142449,  65964, 137891, 135769,
        52944, 148080,  80425,  89332, 106321,   3292, 113593,  43686,
        12746, 133954, 114701,   8563,  96663,  65222, 153294,  21062,
        88606,  86848,  60162, 152941,  40850,  13086,  23823, 110956,
        20416,  85557, 125206,  24900,  96057,  23052,  59863, 117195,
       135060,  55827,  40490,   5371, 144468,  74824,  65935,  85636,
        25243,  83698,  69094, 126208,  38888,  31870,  92193, 147102,
         5869,  87680,  99663,  46722, 152923,  20894, 144667,  11031,
       108797,   7036,  30732, 140300,  98442,  92105,  56267, 117332,
        64054, 145398, 128914,  21828, 124658,   8473, 153297, 126478,
        26776,  71181,  50111,  73889, 108943,  29626, 153557,  55221,
        74327, 104383,  48975, 134716,  68469, 125050,  45321, 115854,
        48265,  17896, 103481, 120842, 116271, 119310, 130875, 136220,
        15831, 136580, 145518, 151064, 134219,  47514,  78902,  96780,
        63901, 127494,  31587,  73156, 150799,   5834,  53953,  87285,
        47748, 101045, 128342,  71643, 120442,  71881,  18849,  55307,
        28937, 136133,  96411, 147101,  65701,  91984, 125076, 131741,
        98118, 150625,   3258,  45720,  91069, 102301, 151377,  57400,
       152956, 142708,  41490,  32124, 134781,  13665,  14379, 113968,
       112355,  90937, 127229, 135340, 144459,  91209, 143558,  74501,
        19287,  40550,  61785,  25814,  79785,  18171, 151593, 136318,
        56088, 127676, 146349,  29579, 138525,   7686,  37235,  63230,
        74658, 109815, 119906, 148617, 114243,  23757,  80049,  50730,
        97681, 119494, 121984,  93754, 137381, 121692, 124540, 149985,
       128098, 103621,  77722,  47068, 108659, 151861,  32269,   9891,
       118294,  11470,  99377,  24226, 141990,  25580,  38245,  86417,
       142000, 144480, 113869,  38918, 143711,  89927,  39239,  73135,
       124293,  52187, 122552,  83740,  40671, 124937,  59109,  10126,
        78119,  90562,  31445,  27189,  67947,  91467, 111230,  77639,
       138237,  58887, 139511, 105631, 106599,  30295,  75629,  69786,
        39779,  68812, 142968,  10346,  73791, 108364,  89358,   3080,
       134956, 101076, 119111, 136881,  83004, 115144,  77709, 128111,
        12596,  25710,  73709, 105185,  24184, 100970,  34828, 130668,
        66574,  33020,  44986,   2116,  50871,  97571, 101382,  18346,
        76932, 135337, 152303, 137875,  61659,  19055,  67603, 103958,
        74781,  41799,  77073, 106987,  89721, 115305,  69119, 116742,
       115881, 112875, 131999, 138837,  60344, 130183,  56366,  64158,
        67631, 149905, 145084,   7124,  39089, 129598, 121892,    446,
        83087,  19266]), array([ 47535,  33953,   9281, ...,  90732,  33143, 106377])]
shape of feat_train: (11544, 602)
Mean accuracy: [0.9259298080746016, 0.00047931549004878385]
