Namespace(dataset='reddit', dropout=0, epochs=400, gpu_id=0, hidden=256, inductive=1, keep_ratio=1.0, lr=0.01, method='herding', mlp=0, nlayers=2, normalize_features=True, reduction_rate=0.02, save=True, seed=85, weight_decay=0.0)
size of adj_train: (153932, 153932)
#edges in adj_train: 10753238.0
Test set results: loss= 0.4403 accuracy= 0.9413
idx_selected :  [array([ 13694, 111146, 140821,  14334]), array([ 97335, 109506,  54753, 132075, 136440,  38008, 136234,  49905,
        33734, 114163, 139038, 134939, 134471,   3728]), array([ 67316, 151853,  66181,  67465, 113487,  37429,  29987,  79666,
       133563,  60472,  80464, 121834,  85304, 134983, 105521,  56074,
        84153,  96494,  80143,  87910,  81343]), array([ 36456,  28110,  25555,  54399,  55040,  49871,   8569,  78966,
       128530,  94720, 114533,  61627,  12314, 105478,  19336, 126501,
       102701,  93928, 144219, 132824, 102621,  62910]), array([123541,  84576, 122185, 120446, 113413,  52201, 123696, 126767,
       143281, 134521,  51709, 109915,  85059,  95486, 115852,  48266,
        59835, 138847,  50892, 135087,   6425, 124251]), array([ 82638, 134123,  39607,   6699,  69130,  26383, 140198,  31437,
       108616, 146276,  84147,  48461,  62269, 138591,  81629, 111678,
       105661, 142871, 104090,  75582,   2000, 112910,  22682]), array([150745, 112905, 117286,  86261,  27305,  24081,  60723,   9410,
       148561,  98468,  67021, 143122,  75721, 121316, 120640,  88598,
        44102, 130876,  22284,   7968,  97781,  58136,  96408, 117320,
          133,  38960,  15629,  96371, 112977]), array([ 92259, 110367,  78092, 128437,  16082,  70631,  66754,  85548,
        71690, 103181,  52754, 132311,  41158, 137802, 139617, 125012,
       107456,  19891,  87540, 105574, 132163, 126449,  50518,   6441,
        67098,  82873, 134679,  97839, 138655]), array([ 78624, 110403,  35734,  59165,  70775,   1070,  82788,  59087,
        23841,  55355,  40929,  93059,  76097, 113151,  95918,  68528,
        38565,  90188,  91014,  66790,   6253, 123621,   4011, 118520,
        75133,  51119,  96251,  60712, 114290,   1029,  99686]), array([110337,  15991,  28638, 146973,  86229, 106669, 120477,  27563,
        99651,  34656,   2477,  11487, 109606,  55875,   9460,  47101,
        42782,  50122,  12834,  16960,  34334,  74345,  95213,  47401,
        22660, 117527,  97744,   1371,  45907,  31790, 115258,  70827,
        15819]), array([ 77495, 125542, 145353,  10969,   1116, 125343, 148815, 126479,
        11052, 151359, 145673,  76777,  80317,  56748,  66142, 124610,
       102112,  57750, 123771,  47281, 150609,  45170,  81963,    118,
        68137, 148138,  22468,  88733,  63232,  97073,  71198,   6852,
        92006,   3118, 128377, 113250, 111728]), array([118869, 103974, 112037,  36095, 100637,  57375,  58327,  90805,
       112619,  18255,  54530, 150260, 103589,  79913, 102718,  79122,
       126803, 102288,  57230, 105922, 132898,  27034,  56211,  97595,
        20506,  92516,  46790,  20901,  53866,  10828,  80994,  58415,
       121421,  50293, 134712, 153926, 108579]), array([ 98249,    631,  36670,  48037, 103191,   6617,  94360,  21820,
       128588, 153034,  35779, 101970,  45437, 108071,  40914,  41317,
        59930,  49212, 112217,  66244,  98307,  72677, 135842,  91135,
       131501, 113731, 104762, 133593,   7025, 107832, 122438, 132041,
        71102,  56093, 153685, 144176,  25150, 136905, 107048, 110396]), array([115565, 135952, 104505, 132144, 108350,   1975,  52850,  74183,
       105895,   9384,  52371,  47361, 110268,  97606,  27191,  30136,
       120593, 151383, 119601,  23895,  88876,  85895,  42960, 136371,
        90916, 117352, 111058, 138865,     76, 132964, 138509, 143029,
        63580,  25522,  67411,  51785, 128106, 145251, 107860,  94862,
        48823, 135294]), array([132162, 111036,  62986,  26586,  16653,  43551, 123975,  27086,
        80169, 109019,  10113,  35285,  59670,    676,   8819,  40016,
       150687,  57726, 148321,   6916, 110000, 122672,  12700,  92062,
        61057, 130696,   8560, 116286,  43431,  22409, 124615, 134237,
        50827, 104803, 114346, 121242,  67767, 138437, 133545,  28657,
        18532, 100873,   1926,  16685]), array([ 25595,  44804,  49208,  73249,  33796,  25947,   6642,  19602,
        93809,  15388,  80003,  52385, 150675,  40993,  79006,  76296,
        21940, 150000, 115493,  30373,  42479,  94648,   6381,  84739,
        77077, 144782,  54909, 113064,  94651,  11844,  98135,   3350,
       107442, 109646,  20755,  74453, 119557, 109701, 109918,  80875,
       126889, 142125,  86687,  55831,  62314]), array([ 26937,  74741, 130424,  24532, 123838, 118385, 136667, 148186,
       131769,  89505,  73151, 135092, 121668, 112345,  52561,  94920,
        71311,  83216, 144015, 112368,  35367,  95809,  41721,  64916,
        57164,  77966, 139197, 148285, 141391,  12952, 147731,  29902,
        76457, 102436,  73837,  31816, 118047,  46021, 121334,  27947,
       132501, 153231,  88480,   9198, 108515,  74302,    263]), array([ 67576,  58175, 144801, 129902, 123964, 150291, 140353, 136600,
         2707,  83693, 128296,  58249, 120668,  15521, 117958, 123547,
        60423, 114075, 100922,  16544, 114354,  71949, 125936, 141964,
         5135, 108224,  22215,  42843,  26716,  95969, 137291,  27793,
        24048,  16804,  22272, 128252,  71000,   1711,  29297, 129903,
         3564,  11213,  11341, 133509, 139181,  85487,  96823]), array([120018, 151156,  41445,  64555,   6923,  82249,  76430,  72760,
         5290,  38412, 104846,  55030, 123132, 134628,  82106,  98727,
        54707,  49033,   1263,  37641, 124805, 125642, 114906, 108732,
        60122, 147311,  99312,  77633,  58404, 102180, 114863,  36340,
       117891, 153757,  22717,  94839,  90901,  89780, 152800, 135427,
       118746,  46171,  79172,  49656,  98602, 146092, 117425, 113203,
        43061,  25870,  42530,  53472,  97534, 151128, 123723, 153514]), array([  1246,  13833,  18702, 104049,  97675, 152559,  81482,  47768,
       127398, 117218,  45117,  73873,  42084,  13986,  56180,  32731,
       114469,  29648,  30268,  32150,  64081,  92248, 117027,  50917,
        24055, 122390, 145933,  92833,   3992,  36113,  15219, 120417,
        56309, 125380,  57718,    243, 110397,  50115,  97828,  88626,
        11403, 115996,  84773,  52160,  79083,  58348,  54442,  49441,
       123504,    923,  86303,    367,  82968,  19651,  92295, 129033]), array([131943,  97878,  28602, 147035,  77991,  91187,  37610,  88099,
        91575, 103113,  22647,  82155,  92319,  44235, 126377,  27263,
       153070,  88582, 129147,  52853,  59746,  56619,  98061,   4897,
        49789, 106575,  67036,  10751, 129890,  14216,  59013, 103635,
       101295,  94993, 137162,  26353, 111448, 100482, 139810,  74414,
        44080,  63215, 130937,  81092, 108739,   3632, 122340, 136679,
        60163, 143229, 141433,   3547,  58893,  54374,  44145, 109169]), array([ 50727, 148024,  65853, 137920, 148569,  62762,  32775, 120475,
         4036,  47334,  63631,  82567,  11149,  70443,  22716, 106736,
        67005,  91215,  91920, 132971, 125975,  71397,  90868,  56370,
        57825,  12104, 121727,  31770, 140578, 105113,  99331, 112047,
        45460,  77469,  87328,  87611,  85623,  58173,  15192,  15856,
       144695, 126381,  75904, 126923,  86166, 122099, 147325,  88364,
        51492,  14041,   1247,  54620, 125348,  46556, 149106,   1129]), array([ 24352,  39811, 132406, 110355, 137709,   1527, 117021,  26532,
        56049, 152122, 151566,  65491,  33667,  34752,  21520,  35486,
        89911, 112798, 122635, 112642, 123408,  35936,  90889,  89731,
       112191, 146510, 121621, 107227,  78325,  35210, 123291,  28649,
       122381,  20532,  24286,  66040,  51459,  92152, 144611, 145640,
       126305,   2512,  97752,  86920,  80184,  21701,  21942, 126583,
        42225,    781, 106828, 116400,  37860,  97412, 151184,  97771,
         2437]), array([ 91023, 119346,  40492,  89904,  65899,   1491,  51594,  27382,
        54576,  10647,  95620,  82871,  83476, 107499, 104621,  50752,
         2781,  59956,  75286,  16865,  49749, 104427,  53032,  18041,
        49390,    304,  78229,  46349,  11063, 111255,   8994,  81071,
        85729,  43123,  45147,  90928,  84264,  70439,   9597,  35944,
       103499,  49944, 153574,  58575, 133904, 130290, 150336, 145030,
        24224,  86519, 115797,  19561, 123419,  54702, 117810, 130724,
        77297]), array([114061, 129074,  15024, 120098,  29616,  80075, 113157, 100876,
        10995,  90597, 106510, 133720,  79959,  15349, 132513,  12273,
        91635,  48783,  23811,  30422,  89626, 116976,  72092, 147144,
        76031,  90512, 133197,  98309,  91078, 140230,  48707, 107400,
        33370,  45770,  58694, 148536, 142154, 108614,  88523,  53377,
       153133,  67431, 142397,  36504,  32660, 119464,  32548,  83613,
        11865,  96611,  86620,  93424,    814,  90417,  65661,  87143,
        92240,  43872,  60804,  74570,  87275, 130905]), array([ 77823,  92553,   4188,  93717,  89082, 104279, 135360,  58922,
       132936,  75204, 101095,  68452, 119495, 123876,  33891, 122938,
         8361, 111964,  41281,  31747, 126329,   3147,  85125, 150843,
         3367,  31503,  81564,  31879, 117864, 137517, 140936,  78582,
        69238,  48441,  96535,  13113,  56879,  49926,  33577,  21292,
         1730, 120027,  23902, 135787,  74385, 118253,  17112, 107275,
        46685,   4496,   6058,  73158,  65832,   8074, 105306,  95899,
       130122, 142339, 136102,   9487,  15582,   9298, 123981, 128337]), array([ 62477,  95463, 136846,  32892,  45866, 129680,  82084, 119118,
        21048,  56060,  69759, 152077,  64399,   8685,  54551, 131136,
       105740,  39810,  47681, 146199,  20098,  53527,   4774,  73020,
       129474,  22326, 134170,  82501,   9954,  25771, 103929,   9613,
        67070,  17644,  40837,  61921,  97547, 118510,   7302,  93795,
        52378,  53847,  93039, 100639, 144792,  66763,  49657,  39327,
        30092, 121607,  98949,  32608, 119302, 141966, 105062, 114480,
        48034,  88489,   2023, 147756,  22928,  59026,  74699,    128,
       127671]), array([ 12481, 144531,  19701,  59606,  49643,  22106, 113053,  50086,
        53195,  56750, 116295,  71622, 148846,  47225, 122934, 102016,
       100904, 136999,   9542,  46386, 125726, 129174, 145128, 133206,
        45233,  87855, 111917,  63432, 122861,  23916, 118402,  26589,
        98554, 105187, 114756, 145572,  47336, 107083,  63788, 126989,
        79536,  35346, 103485, 100200,  53877,  84298, 110507,  94165,
        74155,  12355,  41594,  12165, 111175,  66018,  56327, 137317,
        99575,  94237, 138778,  27929,  56799,  94298,  56693,  87927,
        68009,  90822]), array([139760,  75479,  87074,  91562,  85499,  55235,    790, 112978,
       123336, 133660,   8785, 143231,  82260, 113036,  68004, 121782,
       142209, 127351,  93993, 145649,  89054, 150824, 148034, 146192,
        41833,  99119,  12913,  41985, 153455,  96262,  40972,  20487,
       124834,  89883, 151360,  28040,   9668, 134096, 150653,  74333,
        56538,  31971,  74965,  13157,  53702, 134772,  74580, 147424,
         1741,   3586, 129490, 117466, 103715,  59344, 140254,  75513,
        42779,  70884,  60621, 117361,  59505,  86835,  85333, 119026,
        67540,   2310,  11583]), array([ 79088,  16568,  80658,  71656, 103809, 139021,  75258,  92634,
        37203,  18896,    237, 102705, 118014,   2166,  90103, 127849,
        79127,  51265, 100964,  45683,  52985,  46541, 108125,   7479,
        59531,  17820,  37788,    603,  21586,  60626,  98736, 114164,
        29840, 124662,  54973,  56269, 113784,  32163, 146671,  75581,
       146792, 153307, 142607, 105008,  65919,  32039,  60821, 109329,
        52529, 134199,   1726,  17110,  32073, 130915,  23789,  27041,
       136669,  98533,  29018,  93528,  46207,  29404,  35214,   2891,
        81736,  31797,  16375]), array([ 13161,  82755,  25727,  35983,   3550, 144241, 149251,  28310,
        91110,  66393, 144488,  64720,  24858, 127035,   7132, 128397,
       125831, 111406,  52686, 152002,  54342,  14694,  69728,  55925,
        77460,  15660,  72167,   1662, 139509,  77582,  63269,  45149,
        18282, 120312,  64915, 137131,  26909,  35830, 143408,  15834,
       133652,  12214,  15279,   1498,  17852,  80493,  76428,  44191,
        91172,  66031, 127675,  54393,  17113,  25876, 144890,  90320,
        65316,  39141,  66388,  85808,  75477, 113179,   5862,  14820,
        71828, 128732, 119909, 101690,  69249,  89903,  67826, 145105,
        93776,  59025,   5123, 152296, 150580]), array([  9166,  35305,  44442,  48164,  64695,  30385, 147565, 122236,
       113653, 128589,  54814,  37216, 129543, 151300, 121275, 111457,
       111405,  41652,  49167,  52179,  42281, 117725,  88368,  18874,
       102985,  40761,  33488, 120201,  29541, 114376,  48253,   1805,
       129402,  26491,  81731,  45369,  19544, 132591, 126126,  27943,
        20336, 151711,  98670,  72802, 123825,  90595,  36520,  68868,
        14207,   4961,  29776, 142152,  35103,   9235,  26691,  58077,
        26395,  59634,  74551,  54141,   4537,  35765,  87314,  61789,
       103402,  89807,  37638, 145425, 143487,  19859,  98538, 139102,
        26286,  30572,  21647, 125409,  83868,  69278,  86721, 135351,
        33835]), array([ 68271,  68948,  63761, 133524,   2105, 118880,  71475,  79068,
       117655, 129098, 104084,  25190,  99208, 103551,  24999,  85847,
         3826,  10939, 129393,  34942, 109438,  24731,  83525, 117984,
        59751,  18199,  62727,  79861, 135574, 118753, 134948,  84324,
        94406,   6427,  58646,  25551,  12962,  25544,  45343, 130257,
        13427,  33970,   6913, 118369, 129952,  70554,  39137, 107844,
        65010,  73754, 125533,  49068, 133618,  43965, 143830, 103336,
        56662,  51435,  24579, 113768,  29218,  56472,  85336,  23291,
        29699,  42799,  48405, 149549, 120800,  93094,  96266,  16449,
       122809,  81042, 126614,  80420,  59042,  93231,  99648, 123407,
       133331, 116040,   1053,  66726, 108051, 152213,  61278,  40042,
       119805,  64082, 119574,  65008,  42383,   6660, 124260,  91439,
        48570, 108443, 113899,  96947,  79736, 135039, 131991,  15343,
       142303,  21131,  59392,  56257]), array([  3151,  53159,  74285,  12591,  45496, 103130,  16910,  22628,
       106235,  29384,   1996,  89799, 117337,  49291,  30366,  17272,
       117522,  91305,  89300, 148694,  61090,  83089,  41544,  20913,
       139261, 103740,  92270,  33700,  89480, 153810, 125561,  57433,
       126544,  47629, 148508,  89581,  80275,  54696, 141950,  83983,
       144025,  66658, 110382,   4134, 122056, 120460, 119859,  43573,
        50397, 136272, 125350, 146843, 105647,  78814,  37426,  19541,
        34225,  40213,  50109,   4302,  64763,  36572,  37035,  72831,
       132897,  43073,  66243,  78342,  40606, 100220,  44210,  62560,
        49637,  71977, 139604, 118195,  41379, 121083,  32351,  51252,
       141571, 105435, 122270, 153151,  68231, 119081,  62315, 113309,
       103287,   1916,  44976,  17537,  26424, 123556, 145097,  66597,
       121098,  18380,  87789,  96560,  83369,  12227,  55678,  39348,
        96020, 111339,  66725, 116080,  57784,   3136, 117012,  26361,
        10610,  20321, 144631, 120833, 153458,  25376, 116408, 135541,
        54720, 104772,  62497, 137903,  49850,   5721,   8646,  56505,
        99645,  72072,  47876,  95625,  30584, 116667,  83358,  25823,
         5715, 118707,  48511,  10453,  59816]), array([110587,  52728,  16762,  65860, 120687,   9644, 103018, 138172,
        53144,  24052,  36623, 141054,  92257,  72883, 143081, 105516,
       104546,  76100,  18442,  74096,  95443,  21833,  20650,  60894,
        67561,  95222, 143297,  67024,  11510,  24449, 133137,  21984,
        35942,  11474, 101818,  58393,  61612, 131968, 128539,  75271,
        41184,  92570, 109083, 111616, 136391,  42401,  67042,  79098,
       132358,  86225, 151477, 151717,  84099, 136687, 109210,  24988,
        26297, 147503,  74879,  51965, 136814,  38486,  34733,  19741,
       153170, 143892,  47780, 112821,  72345,  62228, 101058,  68572,
        19000, 117508, 112334, 123613, 133226, 115686,  55734, 118738,
       141608,  83586,  22997,   5149, 142967,  51743,  37143, 112059,
       142959,  35267,  77532,  15700, 120008, 122020,  58732,  95384,
        11328,  20122,  20393, 142451, 124689, 104483,  67436,  88339,
       138067,  22502, 106765, 111836,  33827, 103456,  23852, 137678,
        43182,  62640, 136678,  34197,  64498,   9829,  57419,  16055,
        88985, 110163,  78366,  97611,  91725,  62436,  12288,  26027,
        33000,  63237,   6828,  86666, 115507, 146502,  95923,   7929,
        24754,  18198, 134358, 121933,  19172, 115603,   4125,  65055,
        94411]), array([  7832,  65519, 146856,  20305,  87147,  71821,  12230,  93295,
        86607,  37814,   7821, 137313, 129877,  87549,  42312,  99163,
        86264,   4811, 147195,  78145,  36368,  43483, 146738, 151168,
        71167,  36303, 148370, 146941,  25378,  53488, 124972,  77344,
       137090,  12345,  26903,  18749,  41040,   6874, 128034, 127068,
        63734,  14416, 120091, 114422, 102057,  29654,   8870,  99466,
        79051,  27178, 149830,  91538,  71963, 110334, 125307,  51372,
        85388,  31639,  21721, 139360,  35238,  31231,  55675,  85987,
       142060, 143592, 144146,   3243,  88914,  11500, 152908,  97341,
         6583,  23319, 152964,  11285, 139157,  35122, 108472,  84057,
        16689, 121228,   7222,    405,  85260,  26542, 102845,  18902,
       132068, 113508,    343,  51221,  79744,   3887,  13796,  77116,
        23399, 145631,  89121,   6510,  97890, 115594,  47848,  29151,
         1297,   8594,  99156,  10287,  91311, 137967,  63548, 114772,
         5462,  86425, 105426,  79107,  48360,  94381, 146903, 116318,
        81469, 131238, 119241,  93425,   7407,  96454, 137311, 100613,
       104861,  65856,  59803, 108309,   3067,  41265,  98337,  45867,
          949,  61675,  23945,  15018,  55417, 100584, 113629,  20100,
       151694,  10975, 129526, 145225,  87980,  17842,  88637,  11314,
        85414]), array([100794,  63290,   9293,  91395,  54610,  54083,   1710, 136410,
       151546,   6284,  17929,  26768,  14514,  59451,  92546,  29010,
       137431,  83306,  16772,  49843, 103054, 146247, 110676,  35388,
        82705,  86265,  49508,  60525,  38336,  84813,    172, 111932,
        29017,  58828,  44848,  23476, 111807,  42086, 129069,  96039,
       140057,  53457,  22586,    693, 144198,  75333,  78184,   3392,
        40449,  31501, 115072, 151012,  28697,  48738,  78557,  46677,
        63711, 107497,  40950, 115790,  15370,  72530,  78515,  14893,
        83522,   3280, 104320,  57932,  96382,  56420,    802,  27873,
       112229,  10694,   4453, 102117,  28559,  92214,  50750, 105679,
        57057,  72583,   4115,  26214, 132517,  14814,  38026,  53741,
        26932,  79795, 110115,  39744, 138136,  43097,  69348,  34655,
        77813,  52237,  93867,  99419,  85988,  85828,  25932, 108854,
       146779,  96768,  39058,  22653,  62201, 133700,  55812, 146895,
        87788,  33969,   4341,  47290, 100559, 111905, 146645,  93720,
       102704,  84404,  65989,  71158,  50163,  40899,  75957, 108112,
        71681,  31192,  63031, 150187,  39698,  97398,  60710,  38090,
        22090,   6210,  90371,  88485, 130632, 149582,  16808, 115808,
       110908,   1755,  66333,  34873, 113730, 107339, 140939,  99494,
        93654, 102258,   4726,  36551,  59361,  79514, 107861,  69718,
        17261,  58736, 151931]), array([138053,  11854,  11386,  91590, 122582,  62209, 112829,  35850,
       130782, 106371, 123313,  32842, 140080, 141209, 105073,  81729,
         4646,  86118, 151699,  54263, 101487,  19539, 117433,  15939,
        80448,  19213,  78905,  83095,   6783, 104071,  33728,  45609,
        46858, 144478,  17020, 128689,  64024, 125082,    196,  10986,
       140940,  84916,  75212, 127742,   5523,  61761, 123083,  55320,
       152516, 146930, 112864, 118794, 116455, 152443, 144213,  75771,
        39595, 134910, 139485, 153750, 143302, 114183,  84098,  68714,
       118464,   6310,  69350, 142246,  27849,  60778, 140377, 118328,
        81864,   6865,  44250,  61411, 100744, 149909,  67030,  37662,
        71772, 134065,  50619,  12018,  69521, 135061,  40982,  13381,
        26600, 106179,  67274,  57957, 127921,  72448, 133075, 141273,
        87186,  85478,    991, 102550,  87172,  56560, 152779,  34781,
       121998,  29004,  25998, 106394,  72139,  30478,  85352, 125456,
        20874, 126360,  51189, 141175,  26867,  11073,  41835,  88342,
        45639, 141782, 110191, 122663, 114087, 129736, 137036, 116876,
       136248, 132249,  26627, 129591, 107630, 141114,  18588, 149322,
        44792,  42260,  78121,  33497,   8987,  71010,  18828, 115392,
        37423, 129031,  70563,  93032,  69329, 148941,  40308,  55500,
        69060,  33748,  20706, 144648, 102504, 141490,  88020,  66521,
       134520,  40383, 151082,  37886, 120481,  79927,   7427,  43249,
       103216]), array([124341, 113762, 142821,  67254,  10805,  36959,   8045, 135129,
       127275,  44765, 124104, 145986,  19846,  55629,  40869,  59103,
        99603,  67993,  20624,  96666, 100992, 116512,  46812,  96692,
        49783,  21024, 142796,  58405,  17635, 134915, 128793, 128609,
       110621,     16, 151954, 112126, 147132, 112370,  71241,  31921,
         9491,  81991, 153198,  25557,  21748, 104287, 131092,    531,
        98446,  47824,  26382,  75054, 108920,  24544,  37378, 145735,
        43538, 152265, 112161,  68462, 120190,  50833,  54154,  84212,
         6728,  45041, 147791, 129615,  80274,  29596, 114887,  69641,
       102139, 109964, 115922,  45051,   3059,   5361, 132229,  83325,
        68207, 127474,  47511,  47337, 107758,  89901,  87654,  94015,
        22516,  70843, 119039,  42754,   3311,  70201, 121317,  31940,
        17702, 138233,  71122, 144739,  62116, 140132,  73119,  54338,
        39236,  90898,  41301, 146668,  25260,  58082, 133590, 109437,
        32859,   2493, 121114,  19452, 121955, 107451, 142389, 106855,
        88687,  83445,  72716, 141813,  16213, 113553,  47433,   5909,
        93248, 131799,  13626, 101023,  65912, 128819,  73187,  72399,
         4838,  91409,  68852,  31828,  16067,  91664, 149095, 120604,
        30068,  88667, 143091,  54612,   3927,  99556,  45850,  92544,
        20512,  11697,  51467,  75052,  89815, 122630,  22379,  53275,
        92340,  97666,  41581,   1683,   1921,  92040, 109222,  58209,
        74193,  69281,  18623,  45681,  21868,  77843, 113545,  61832,
        78929, 122178,  75381, 149864,  26326,  48071]), array([ 37299, 139482,  45493, 145610,  85622, 118135, 126452, 136073,
       147405,  62635,  92458,  90418, 129595, 112965, 113532,  62353,
       111735,  77504,  72125, 137362, 118913,  21734,  83494,  43273,
        58382,  11008, 118146,  41167,  20265,  67046,  83246,  61807,
        69969,  18932,  91441, 133776,  83235,  55149, 127290, 132063,
         4707, 135711,  33785,  29540, 119729, 119528, 133062, 129064,
        87571,  28467,  14086,  20294,   2005, 130378, 136911,  64158,
        49725,  79434, 100047,  60699,  52944,  73865,  46928,  95784,
         1712,  60164,  28399, 122244,  29666,  92998, 126373, 122510,
        79785,  75983,  42050, 134142,  32997,  77608,  55827,  52041,
       127637,   8563,  49655,  83446,  64715, 100119,  42183,  34440,
       103230, 153930,  73300, 112372, 136092,  56274,  36399,  29422,
       122899,  78433, 147316,  53391, 131652,  55902,  65033, 150855,
        93017,  67441, 115854, 133095,  86251,  23823,  54092,  67499,
        76684, 107655, 107452,  29849, 115328,   3282,  42413, 131464,
        26772,  48751,  47500,  90977,  72687, 130054, 130752,  70145,
        69341,  63960,  26501,  90633,  38965,   7106, 136177, 134593,
        36549, 148746,      7,  10759,  67701,  28097,  58307,   8091,
        76243,   4300, 102199,  55267, 152741, 137304, 105665,  45870,
        34209,  22120,  77631,   7623,  38740,  86798, 120717,  85655,
        84126, 105630,  41490, 129893, 101578, 137030, 132477, 123986,
       152451,  91486, 117195,  22199, 152719, 139651,  76865, 147794,
        60162, 115642, 114701, 143963,  39463,   6908, 149414,  55221,
        50415,  84085, 133186,  81284, 112123, 136903, 144039,  19025,
        12791,  17669, 129713, 141968, 110956,  99456, 142225, 111631,
        33996, 148458, 107754, 129167,    108,  21963,  36758, 103758,
          649,  30732,  70692]), array([ 57710,  99729,  85292,  36076,  27193,  58733,  30117,  83044,
        87850, 107809,  37425,  69396, 122502,  47535,  35493, 145317,
       116583,  16288,  21112,  77884, 121159, 104027, 114315,  41760,
       128974,  54431, 104230,  75651,  48528,   9224,  51499,  55126,
        64276,  38495, 103948,  43112, 101397,  99841,  24801, 143799,
       110356, 130458,  67882, 126443,  45272,  98813,  57131,  91968,
        51180,  25944, 113166,  21440,  17274,  58791,   9634, 101189,
        53853,  43879,  88411, 134759, 142873,  51611,  43047,  45629,
       102892,  29729,  89570, 125087,  63483,  25149,  19201,  95265,
        63196,  10357,  23758, 123896,  83686, 142212, 134009,  41352,
        65976, 108801, 118919, 144204,  77962, 113187,  98564, 110967,
        58062,   5707,  77987, 120225, 144136,  53565,  93351,  75505,
       141760,  73358,  95132, 115421,  45953,  94549, 143178,  90351,
       125288, 135677, 124883,  17804, 152583, 145108, 140689,  18354,
        95390,  74665,  53652, 129384, 153186,  11082,  33953, 145939,
        13979,  47496,  22843, 147173,   3445, 146255, 120639,  39921,
         4337,  98620, 141577, 121314,  14916,  16885, 153743,   9090,
         2063,  38831,  76649, 140072,  33281,  55077,  95339,  50726,
       103570,  74954,  28504, 115046,  29258,  25056, 109823, 113543,
         7724,  81003, 109690,  34712,  21639,  79794,  25865,  50684,
       151236, 118646, 100107,   4470,  13115,  30237,  22293,  44904,
        33046,  71471, 122174,    584,  63094,  21193,  15251,  61018,
       143548, 140985,  89678, 103598, 153590, 136469,   7108, 111543,
       124654,  61219,  92316,  17580,  11997,   4859, 122722, 104775,
       107043,  20830,  38894,  11768,  20641, 103839,  95992, 122234,
        41609,  52445,  22609, 114864,  25859,  57634, 145793,   1692,
        89235,  70542,  45962, 100941,  79463,  67804, 100698,  40342,
         1602,  98861,  86381,  54012, 150027, 144099,  14367,  17977,
       121383,  48520,  20747,  88641,  89271,  55622,  44631,  71843,
        46077, 124177,  84802, 113347, 143191, 129534,  14181,  48284,
       107505,   9910, 125578,  68996, 107256,  81420,  18523,  38941,
         6584, 148086, 132603,  28876,  27690,  36344, 146881,  12164,
        36956, 129418, 135955,  81817,  70720, 126806,  32446,  26520,
       111547,  69055,   5102, 111540,  86428,  92395,  74568,  26706,
        62438,  20687, 106454, 151707, 119768,  45642, 135661,  31216,
        93484, 113504,  79303,  37590,  36363,  12921,  13409,  77101,
       142145,  17052,  97475, 149146,  56749, 117209,   5547, 105707,
        14533,  80524,  82580,  10930,  23557, 104469,  19347,  21019,
       124824,  26844,  80501, 101669,  98036,  64745,  35066,  76617,
       143489,  56568, 151926,  27655,  70336,  37854,  49514,  54233,
        56463, 128832,  25554,  88870,  30686,  97377, 130403,  50419,
        74461,  81054, 122393,  83162,  73047, 128925,  16986, 145257,
        76662,  57683, 152334, 149034,  52721,  25212,  52910,  41131,
        74528, 141870, 138287, 124482,  46718,  91297, 139839, 120497])]
shape of feat_train: (3078, 602)
Mean accuracy: [0.889697112082987, 0.002536964183349313]
