Namespace(dataset='flickr', dropout=0.0, epochs=400, gpu_id=0, hidden=256, inductive=1, keep_ratio=1.0, lr=0.01, method='herding', mlp=0, nlayers=2, normalize_features=True, reduction_rate=0.01, save=True, seed=1000, weight_decay=0.005)
size of adj_train: (44625, 44625)
#edges in adj_train: 218140
Test set results: loss= 1.5400 accuracy= 0.4738
idx_selected :  [array([20803,  7787, 24532,  5803, 12330,  3265, 32036,  6572, 43736,
       19227, 35186,  5289, 10367, 35910, 21082, 13839, 43323]), array([23596, 23363, 28536, 34612,  4591, 31567, 39036, 36427, 26839,
       27629, 32903,  7060, 16246,  3123, 39022, 36765, 43972, 19098,
       24454,  6997, 14520, 30644,   551, 21587]), array([20584, 40715, 23647, 34833, 24161, 13279, 25834, 26374, 26673,
        1080, 15166,  4276, 27559, 40063, 22189,   949, 24426, 44048,
         556,  4077, 26170,  7474, 18167, 35583, 13449, 16272]), array([ 3810, 12178,  9074, 34511, 12523, 35824, 22983, 12974, 34310,
       15161, 27683, 28097,  8516, 26022,  8373, 32288, 19904,  3261,
       36308,  1615, 23961, 30328, 36873, 32520,  6529, 44545, 21769,
       26219, 25665, 31635, 38544]), array([10040, 31990, 31003, 21118, 21368, 28237,  5480,  5678, 22954,
       12569, 30948, 15959, 30255, 37010,  7829, 22046, 35858, 36409,
       30622,  9123, 44209,  9297, 37822, 34458, 24849, 12561, 13516,
        3150,  6083, 16014, 22897, 22034,    39, 25679, 22522, 32466,
       25203,  6638, 36514,  5566, 11187, 39370, 21595]), array([13630,  4778, 14733, 40186, 20908, 14423, 44458, 23943,  2758,
         711, 26332, 44080,  1497, 35406,  7552,  8461, 17109, 35073,
        7327,  1327, 15999, 19397, 18467,  1890, 33450,  8535, 13379,
       20836,  1932,  2358, 26200, 24691, 12501, 37337,  9746,  5389,
       10409, 40236, 16746, 41718, 36156, 16338, 19433, 21039, 19102,
       37798, 11270, 28006,  2513, 12517, 28956,  7691, 38092, 39975,
       25512, 31083, 12398, 30162, 18619,  2310,  6060, 32586,   570,
       41044, 36549, 16094, 39132, 29948, 33007,  9168, 20549, 20243,
       40604, 22612,  2153,  4598, 23585, 40599, 27669,  2516,  9884,
        6869,  6094, 41969,  2272, 31035, 27635, 16379, 32731, 36860,
       10169,  6214, 20887, 41167, 31010, 13173, 18046,  2658, 35112,
       34120, 24893, 11109,  6797, 13519, 40762, 12123, 11141,  1750,
        8687, 24319, 10836,  4978, 31140,  4949,  4780]), array([12995,   911, 26932,  8107, 40549, 16795, 22349, 11860, 43601,
       12114, 18637, 19643, 19340, 22186, 31821, 38810, 32995, 20527,
        5236,  5061, 42806,  7197, 26904,  8545, 42792, 24698,  7523,
       30248,  5301, 43482, 40976, 27864, 12556, 32274,  9501, 11257,
       38221, 18435, 14436, 15783, 19152,  5251, 32200,  5623, 35304,
       10035, 12160, 14207, 17393, 13782, 16679, 21331, 22377,  4637,
       20916, 24825,  7224, 43975,  7954, 29481, 14994, 11254, 27997,
       44440,  5948,  3154,   643, 27617, 34034, 10900,  3760, 42835,
       40846, 41394, 26351, 34825, 30529, 13089, 32231, 35782, 17186,
       43031, 19665, 34379,  7807, 42832, 43903, 31950, 23977, 27336,
       13271, 21038,  6525, 12352, 29379, 23437, 29496, 37332, 31944,
       31896, 22803,   568,    20, 10940, 12806, 10610, 19943, 31495,
       14755, 12961,  2871, 34660, 37288, 44309, 43544, 21988,  8073,
       30993, 21410, 19139,  9322, 42264, 28227, 17344, 35255, 10633,
       26075, 20786, 35563, 35464,  5666, 15517, 40311,  7957, 38215,
       30217,  8077, 25234, 44239, 31770, 37296,   703, 17099, 24229,
       26981, 35209, 36941, 12164,  4202,  7131,  7323, 27993, 33756,
       20542, 24217,  5910, 29564, 38846, 10718, 34272,  3791, 17554,
       31496, 43541, 37336, 33977, 10487,  6381,  8040, 37881, 28823,
       37063, 14672, 24586, 23049, 34264, 43997, 29359, 39334, 41728,
        4860,  6164,  1429, 15757, 21728, 22047,  4842,  1905, 22539,
       16857])]
shape of feat_train: (446, 500)
Mean accuracy: [0.4416080311925783, 0.005871434260121284]
