Namespace(dataset='reddit', dropout=0, epochs=400, gpu_id=0, hidden=256, inductive=1, keep_ratio=1.0, lr=0.01, method='herding', mlp=0, nlayers=2, normalize_features=True, reduction_rate=0.02, save=True, seed=120, weight_decay=0.0)
size of adj_train: (153932, 153932)
#edges in adj_train: 10753238.0
Test set results: loss= 0.4640 accuracy= 0.9409
idx_selected :  [array([ 13694, 111146, 140821,  14334]), array([ 97335,  54753, 139038, 114163,  39480, 134471,   3728,  75220,
       132075,  38008, 136234, 109506,  75459,  36543]), array([ 74959,  67316,  29987,  79666,  67465, 151853,  66181,  11687,
       113487,  50989,  85304, 121834, 105521,  19161,  63981,  22796,
        52459,   5758, 133563,  84153,  10752]), array([ 60223,  36456,  91819,  49871,   8569,  78966, 144219,  54399,
       102621,  94720, 132824,  61627,    393,  29208,  55040,  62910,
         3727, 130112, 142664,  84671, 105478, 112209]), array([113413, 109915,  52201, 143721, 134521,  51709, 122185,  84576,
         6580, 126767, 143281, 123541, 123696,  44701, 109495,  95486,
       135087,  48266,  63287,  50892, 152348,  32533]), array([ 82638, 146276,  96140,  62269,  17879,  39607, 122819,  75582,
        69130,  84147,  45804,  26383,  96492,  17577, 129823,  22682,
        31437, 104090,  49207, 101989,   7271, 141873,  50319]), array([112977, 143122, 150745,  37852,  10154,  59309,  16483,  66144,
       117286,  34702,  58414, 145672,  98468,  70523,  60723,  24081,
        67021,   9410, 114818, 104498,  95981,  14007,  96371, 135986,
        76024,  88598,  62546,  95555, 100758]), array([  2758, 110367,  71690,  42238, 119892,  51002, 110087, 134559,
        52754,  70631,  81432,  85112, 150140, 121504,     82,  32042,
       138655, 128437, 115175,  11923,   6441,  41946,  67098,  29039,
        90815, 120221,  19891, 139617,   7814]), array([ 78624, 110403,   5055,  90188,  19959,  70775,  60712,  61501,
        74064,  95052,  95918, 118520,  59087,  85953,  91014,  66790,
       123621,  59165,  20586, 115751,  76097, 132195,  55355,  77487,
       113151,   1070, 152329, 101665,  63586,  75439, 103284]), array([ 15991,  74345,  34334, 106669, 146973, 110337,   2477, 109606,
        99651,  86229,  42782,  97744,  47101,   9460,  45907,  50122,
        11487,  63425,  27563,  34656, 129839,  12834,   8118,  14005,
       133750,  95213, 117527,  55875,  85010, 112166, 115258, 120477,
         1371]), array([ 72880,  71198, 125542,  77495,  95162,  38251, 148815,  56748,
       145673,   1116, 151866, 123792, 145353,  80317,  92285,    955,
        28377,  72446,  31975,   5217,  59985,  76777,    961, 126479,
        18459, 123771, 132343,   2623,  78387, 150609, 133184,  77922,
        38144, 137374,  43246,   5983, 107908]), array([103974, 118869, 112037,  36095, 100637, 141799,  93400,  57375,
         1944, 139169,  89019, 143384,  92516,   5967,  12511, 103589,
       113248,   6201,  29804,  89102,  79122, 126803, 116951, 134712,
        62361, 132898,  91743, 138667,  19214, 108579,  10828,  79913,
        22820,  58327, 102288, 111822, 102718]), array([ 98249, 107048,  36670,   6617, 103191,  40914, 136905,  58559,
       101970,  14827, 112217,  53895, 153034,  73646, 131501,   2956,
          631,  68143, 128588,  96917,  45437,  94360,  91135, 135842,
        98307,  59930,  25150, 150205,  72705, 144176,  35779,  41317,
       150562,  47690,  62101,  66698,  49212, 128205, 107832, 110396]), array([ 74183,  47361,  21208,  90916, 120593, 104505,  78391, 132144,
        78731,     76, 105895, 110268, 141499,  30136,  56797, 151383,
        63580,  25522,  23895, 135294,  62602,   9221, 138987,  13864,
        21361, 117349,  38619,   2220, 145251, 103987,   9384, 126871,
        63152, 120612, 130032,  93558, 129399, 114309, 120546,  31424,
        19601,  30816]), array([  8560, 104803, 114346,  62986, 132162, 111036,  16653,  10113,
        66623, 109019,  56726,  26586,  22409,  35285,  16685,   8819,
        43431,  27086,  67767,  59670, 123975,  30356,  61484,  18532,
        34803,  80169,  50827, 121242,  29075,  43551, 133482,  57726,
        44652,   6916, 153022, 134063,   2269,  47436, 104964, 127157,
         5403,  37347,  12968, 133545]), array([ 25595,   6381,  52385,  49569,  49208,  73249,  33796,  25947,
       104316,  40993,  15388, 144884,  76296,  54909, 144782,   3350,
        79006,  11543,  94648,  44804,  86687,  19168, 109646,  20755,
       118781,  42479, 150000, 115493,  93809,  11844, 109701,  84739,
       119557,  62314, 150675,  80003,  64198,   1379,  45236,  94651,
        66318,  19647,  17374,  28189,  61055]), array([ 97827,  52561, 121390, 131769, 132501, 135092, 130424,   3224,
        73151,  57164,  54095, 140926,  61225,  87214,  38564, 121334,
       112368, 145947,  76457, 148186,  71311, 123838,   9198,  13081,
       129995,  29737, 112345, 118385,  94920,  98615,  83216,   6544,
        35325,  42647, 102436, 128370, 148285,  73837, 112617,  91965,
       139197,  89505,  95809,    263,  37736, 153231, 146800]), array([114075,  22215, 150291, 100922,   2707, 141964,  60423, 129902,
       108067, 123547, 117958, 123964, 116150,  16544, 137291,  67576,
        58249,  15521, 120668, 140353,  49872,  71949, 125936,  29297,
       129903,   3564,  11213,  95969, 128252,  22272,  68204, 134629,
        15891,  28257,  48236,  51660, 144801,  97904,  89298,  58175,
        42843,  71000,  10444,  69870,  83693,  41806, 104453]), array([ 58287,  79172,   6923, 117891,  64555,   5290, 111888,  61489,
       114235,  25870,  82106,  82384,  74766, 118746, 108732,  36340,
        82249,  58404, 135427, 114863, 134109,  92908, 102180,  89780,
        96261,  43061,   4251, 146092,   1263,  46079, 102189,  37641,
        86493, 123723, 152800,  38708, 124805,  21807, 116028, 153757,
        63121,  72760,  68031, 125642,  94839, 100981,  97534, 153514,
        49960,  99312,  60122,  98602,  49656,  42530, 136300,  70860]), array([  1246,  32150,  36113,  13986,  56309,  78932,  32731,  12694,
        13833, 127398,  81482, 117218,  55609,  51503,  58348,  52160,
        73873,  45117,  11403,  88626,  39932,   6153, 114469, 145933,
       152559,  92833,  79083, 110397, 149584, 115996,  51671, 104049,
        83841,  64081, 105764,  61576, 125380,  42084, 143881,  92248,
        24055,   2365,  47104, 150900, 104294,  92295,   3992,  15825,
       120946,  19518,  29603,  49441, 129033, 151814, 129703,  13839]), array([  5012, 103635,  77991,  88099, 131951,  59746,  54374, 146652,
        60163,  37610,  88582,  50794, 108344, 149339,  82735,  42961,
        98061,  91575,  72484,  86881, 141433,  81997, 153070,  55607,
       147035, 136266,  91187,  67036,  59013, 114169, 147647,  44080,
        97878,  49789, 143229, 131943, 101295,  94993,  62883,  14216,
        88237,  52853, 125124,  44235,  85170, 137969, 116672,  22647,
       129147, 146961,  26353,  30736,  82155, 140028, 107572,  10583]), array([125975,  57825,  99331, 126381,  65853,  10183, 137920,  50727,
       148024,  91215,  11149,  70443, 148569,  91920,  47334, 132971,
       105113,  85623,  22716, 106736,  12104,  71397,  31770,  29152,
        67005,  75904, 147325, 140578, 133021,  88364,  62762,  58173,
        15192,  87328,  77469, 120475, 121727,  82567,  87611,  45460,
        23956,  21516, 126923, 112047,  14041,   6537,  54620, 144695,
        15856, 125348,  96547,  41832,  47749,  18336,  19774,  78066]), array([ 24352,  39811,  36358,  57706, 112798,  24286, 145640,  30936,
        65483,   2512, 117021, 152122, 122381,  90889,  21520,  44704,
        78325,  35210, 126305, 126583,  32119, 110355, 137709,  25335,
       151566, 123408, 116400, 112191,  89911,  66040,   1973,  28649,
        26532,   1527,  92152,  37860, 137789,  34752,  15177,  86801,
       151184,  80958, 144611,  65548, 121621, 115920,  65356,  97412,
        20532,  21047,  65491,  25562,  86920,  90644,   1149,  21701,
        57643]), array([ 16865,  24760, 119346,  38989,  59956,  53032,  18041,  40492,
        75286,  79158,   7833, 127223,  45147,  10647, 135258, 107499,
        63807,  27382,   1491,  78229,  83476,  49749,  50752, 123419,
       148607,   8994,  47134,    304,  55577, 150336,  70071,  22457,
       115028,  93822,  69940,  46349,  38216,   8404, 115308,   1261,
        58023, 105315,  35369, 105109, 104427, 130724, 111255, 133904,
        77297,  95620, 109299,  55889,   1788,  56854,  19387,  90928,
       115797]), array([114061,  10995, 153133,  71762, 113157,  80075,  29616,  91078,
       140230,  48783,  60804, 132513,  90512, 100876,  35403, 148536,
        58694, 133720,  72092, 137071, 129074,  36504, 100367,  47276,
        91635, 116976,  87527, 142154, 151034,  53377,  76031,  79959,
        15349,  42911,  88523,  93424,  96611,  29349, 146841, 107400,
        81035,  11799, 141503,    814,  95757,  54185, 119464,  86032,
        31278, 136373, 147144,  87275,  32548,  30319, 145715,  45770,
        32660,  96175, 133197, 143340,  30407, 140955]), array([141971, 126329, 104279,  77823, 140624,  58922,  93717,  23902,
       150843, 120027, 118253, 135787,  21292,  89082, 122938,  33891,
         4188, 135360, 122953, 102293,  30046,  41281,  74385,  78582,
        95899,  13113,  80761, 101095,  68452, 135463,  93458, 119495,
         4496, 132172,  31879,  81564, 137517, 123876, 105118,  31747,
       102127, 136102,  96535,  94102,  19584,  49926,  69238,  85796,
        92925,  73597,   1730, 123981,  63472, 104583,  23804,  39206,
         9487,  81558, 117864,  65832,  85125,  17112, 140936,  29473]), array([ 62477,  22326,  54551, 119118,  82084,  74699,  45866, 121607,
        20098,  73020,  97547,  46009,  25771,  93039, 105062,   4774,
       147756,  89985, 127671, 108689,  64323,  52837, 152077,  83190,
        82201,  49957, 141688, 121547,  53527, 129474,  82501,  80611,
        20808,  39810,  52378,   1315,  64399,  21048,  74787,  32934,
        66763,  27527,  18899,   8685, 122891,  48034,  25525,  66029,
       101828,  66342,  92309,  22928, 100639,   7302,  11188, 105020,
        93795, 118089,  44737,  47681,  38919, 103929,  67070, 143996,
       134170]), array([110507, 102016, 114756,  47225,  44086,  12481,  50086,  59606,
        53195,   5565, 118402,  26589, 116295, 144531,  49643,  27929,
        71622, 148846, 113053,  22106,  85960,  19701,  99575, 100904,
       100200, 126989,  94165,  25744, 111917,  63910,   9542,  25032,
       133206, 137317, 122861,  75744,  84298,  45233,  87855,  35271,
       138778, 145298, 107083, 119243, 113942,  96179,  34914,  12355,
        94237,  56327,  23916,  29673, 146202, 148097,  90822,  88571,
       129174,    293, 122934,  64458, 101903,  73368, 103946,  36570,
         1949,  61820]), array([139760, 150653,  87074,  74965, 112508, 151360,  68004,  36531,
          790,  54582,  64728,  82260,  60404,  75479, 143231, 112978,
       105650, 148034,  72112,  99119, 113036,  85499, 145649,  20487,
        93993,  38465,  56538, 153455,  41985, 153813,  91562, 134096,
         1741,  99948,  60621,  53702,  41833,  11583,   8046,   8785,
       119026, 112781, 150909, 119564,   2310, 104339, 129490,  46138,
        40972,  52210,  43207,  94574, 103715, 122521, 109957, 150167,
       138241,  89054, 150824,   8109,  96583,  76464,   3063, 146192,
        35333,  23605, 140254]), array([ 79088,  16568, 127849,  75258,  71656,    237,  18896, 102705,
       103809,   5540,  80658, 137396,  60626, 136145,  29018, 111479,
        13261, 114164, 144187,  32163,  60821, 109329, 146792,  90242,
        51265,  61752, 105008,  59531,  46541,  52985,   2166, 118014,
       142607, 146671,  37181,  62566, 108856,  29840,  81736,  37788,
        65919,  32073,  46207,  75581, 100771,  14931,  20240,  90798,
        32039, 113784, 107925, 121825,  23323, 108125,   7479,  15965,
          603,  21586, 100964, 128805,   2542, 153307,  20194, 148704,
       134199,  91217,  79127]), array([ 15834,  45149,  82755,  13161,  91110,  66393, 144488,  72167,
        25727,  24858,  64720, 149251, 127035,   7132,  56052, 125831,
        91172,  77460, 139509,  46163,  46329,  26991, 121123,  85808,
       124490,   2965, 115627, 101856,  17852, 152002,  15660,  25876,
       103341,  59430,   5862, 144241,  66031, 113179,  35922, 151824,
       100219,  65316, 140187,  14694,  69728,  12214,  67826, 126083,
        35736,  18282,  84173,  87506, 150580,  54342,  32202, 111406,
       128397,   3550,   1662,   2081, 124075, 133652,  75477,  48844,
        76428,  50696,  92576, 100790, 141372,  64190,  52686, 126244,
       120312,  64915,  69249,  93776,  98075]), array([111405,  30385, 128589,  48164,  44442, 147565, 140690, 102985,
        79392,  27095, 116344,  35305,  45369, 142152, 132591,  54814,
        84335, 151711,   9235,  29776, 112393, 117725,  87314,  19544,
        94553,  23398,  30702,   9995, 121161,  49167,  42281,  54141,
       147938,  52179,  72802,  33488,  40761, 140054,  22297,  61789,
        37638, 127919,  98538,  98717,  37216, 129402, 110534,  38499,
        20511,  92822, 120201,  30572,  65119,  60927, 121275, 123825,
        88368, 125409, 103402,  40729,  27943,  56724, 115393,  48253,
       126167, 112342,  13371,   2529,  78001, 119589,  81935,  98942,
       114219,  70519,  87751, 124273,   4537, 145425,  35103, 106802,
        16806]), array([  2105,  63761, 145184,  25190, 103551,  79068, 119574,  12160,
        79861,  96696,  69067,   6913,   3826,  57330,  83525,  56257,
       129970,  43300,  76844,  42383,  49068,  40688, 117657,  24999,
       145070,  73754,  41649, 143534, 150708, 130257, 123338,  56571,
        94406, 118369, 108757,  45343,  43673, 152213,  21031, 146726,
       118880,  59042, 143830,  20866,  40042, 131991, 106891,  74331,
        38433, 122809,  18292, 151705,  79526,  94569,  64082,  58646,
        28278,   7815,  99648,  59392, 129952, 107844, 129098, 109438,
         4723,  84093,  93231,  65010, 120800,  74378,   6131, 119805,
       126849,  94070, 142155,  25544,  15449,  60324,  51435, 138432,
       129393,  26803,  64506,  56662,  64508,  34406,  19186,  32863,
       100152,  11429, 100785,   2901,  83854, 119479, 100166, 150374,
       133524, 105845,  85336,  12962,  25551, 142303,  16449,  24579,
        56610, 119138,  67543,  42044]), array([141571,  43073, 118707,  99645, 125561,  29384,  89300, 146843,
        74285,  49291, 105647, 103287,  83089,  96560,  36572, 105452,
        37405,  49637, 122056,  25823,  72831,  12591,  53159,  17272,
       117522,  89581, 126544,  89799,   8646,  15161,  30366, 115236,
       129268, 123556, 144025,  61090, 139261,  33700, 123950,  83788,
       118195, 148508, 103130, 153151,  66194,  52549,  34225,  22628,
        96020,  60797,  59816,  37035,  71977,  43573, 127493,  49850,
       100870, 148694,  74778,   4302,  64763,  45496,   3136,  53554,
        58586, 145406,  94367,  32351, 139395,  57433, 141950,  87789,
       130808,  75536,  95625,  20913, 131884,  93275, 115115,  78342,
        12638,   4134,  95661,  66658,  41544,  56581,  19541,  86676,
        44568,  44976, 132897,  92270, 113956, 121098,  95640, 153569,
       111339,  83983, 137903,  46832,  18480,  55483,  43558,  12227,
       142322,  66243,  40546,  62497,  17537,   5721,     58, 116667,
       101852,  79071, 117337,   1916,   3135,  10610, 122695,  56505,
       128272,  34587, 130206,  42701, 144631, 120833,  38020,   6598,
        40213, 116408,  91571,  26424, 100220,  39348,  56265, 136117,
        40694,  41379,   1037, 128400,  78814]), array([120687,  45755,  86225, 103018, 138172,   9829,  52728,  90746,
        74096,  95443,  11510,  58393,  21833,  68572,  72883,   1406,
        84099,  12288,  67561, 138777,  24449,  36623, 128539, 143297,
        67024, 136391,  21984,  15713,  26027, 106765,  74879, 142077,
       147503, 115686, 136304,  24052,  15700, 105516,  51743,  20393,
       109083,  34431,  86047,  75271, 101818, 111616, 141054, 101058,
        27816,  76100, 120659,  22502, 151477, 136687,  92570,   5149,
        37143, 143892,  53144,  57419,  61612, 121493, 147909, 138067,
        20689, 112059,  38486,  18198, 111836,  11474,   3968,  65860,
       120008,  79098, 136678,  65055,  83586,  42401,  18442,   9644,
        93968,  95222,  33827,  22916,  62640,  51965, 144412,  51018,
        13149, 133226, 140834,  33243, 136814, 121933,  37981,  67042,
        29506,  20122,  53612, 153170,  19000,  92257,  22679,  74574,
       115403,  88985,    486,  27246, 144763,  81744, 122020,  37024,
        98771, 142451, 110587,  72239,  69168,  47489, 117353,  24988,
        36318,  63237, 123613, 129259, 142967, 137588, 118738,  33000,
        39793,  23852,   7929,   4125, 112700, 119984, 100417,  62228,
       123523,  74300, 103209, 103456, 117508,  95923,  77532, 133137,
        70506]), array([148370,  12230,  31639,  43483, 120267,  35238,  93295,   8870,
        25378,  23399,  77344,  16918,  36368, 105426,  53488,  99163,
        50001,  42312,  87549,   7222,  18398, 120091, 114422, 110334,
        29151,  78145,  94381, 151168, 128034, 115594, 143592,  97416,
        47848,  35122, 125905, 146856,  11387,  91538,  78683,  85987,
       113508, 102845,  55675,   7407,   4811, 153671,  63950, 151106,
         7821,  87147,  43169,   3887,  13796,  10287,  79744,  16689,
        71963,  29654,  54028,  84233,  58864, 147195,  26903,  97341,
       146941, 149277,  18902,  66054,  65519, 108472,  40060, 139360,
       137313,  48360,  12345,  89121,  51372, 114755,   6583,   3243,
        49324, 152964, 132068,  93425,  85260,  59890,  37814, 152206,
       125973,  53946, 104861,  11285,  23945,   3067, 137090,  23319,
          949,  79051,  14416, 120421, 139157, 145631,  64297,  11500,
        51537,  10975,  71167, 148738,  69760, 100613,  51221, 123790,
       138045, 149830,  86221,  64172,  54590, 124972,  88914, 110919,
        13481,  99466,  69848,  87645,  85414,  89013,  84925,  79107,
        37261,  54315,  20305,   1297, 121228,   6510, 141337, 124566,
       122312, 116318, 114772,  84057,  32094,    405,  98502,  31581,
       140067,  27178, 110360,  57488,  63734,  48714,   6874,  77116,
        84356]), array([ 90286,  65947,  27873,  49154,  97136,   9293, 136410, 138046,
       110115,  52986,  59451,   1710, 113954,  54083,  54610,  50163,
        79489,  55812, 137431,  11522, 151546, 146779,  57057,  72530,
        56746, 111932, 142840, 123572, 130394,  74531,  78184,  75893,
        58828,  79052, 108349,  42086, 146247, 146100,  16264, 115808,
        34873, 150187, 151012,  91395, 123396,  79514,   4115, 103054,
       107861,  78515,  32308, 134483,  85988, 115072, 126054,  91643,
        69443, 113728,  38090,  63711,  93720, 108354, 108112, 130969,
        14814,  38026,  14514,  48738,  25932,  83306,  38336,  14593,
        46449,  84080,  82705,  95624, 140939,  28697,  96466,  20979,
        22090,  30364,  85326, 102674,  16772,  19096,  16028,  33211,
       153869,  68149,  83548,  31095, 146599,  43194,  96382, 139366,
         3377, 129528,  31720,  84575,  87788,   2962,  85828,  75837,
        39744,  78173,  79142,   8014,  42897, 144198,  32057,  81535,
        66891,  82171,  29010,    172,  56420,  99170, 151844,   3181,
        42970,  77181, 109173, 101928, 112172, 100559,  32592,  23476,
       111807, 118039,  79795,  46677,  66637,  65239,  72583,  66387,
       128174, 138649,   3280,  51516,  92214,  39698, 138136,  34954,
       153161, 120721,  46334, 112229,  31019,  17261,   6284,  52237,
        39045, 133784,  54935,   4591,  52419, 152631, 130632,  64933,
        20343,  50750,  39586]), array([123083,  91590, 112829,  81729,  39287,  28369,   6865, 139485,
        33728, 123313, 122060,  51189,  42427, 100744,  27849,    481,
        25583,  11854,  61761, 149909, 118464, 138053,  99806,   6783,
       151699, 116455, 127742, 140080,   5523,  75212,  62209,  46858,
          823,  89166,   1234,  43015, 138996,  80448,  20874,  37886,
        83095, 144478,  21196, 100776, 148941, 118328, 121998,  64784,
        68217,  76939, 101487, 112864, 125082, 123459,  93032,  19539,
        61266,  88342, 149322, 150783, 141114,  69841,  37423,  38229,
       133134,  35850, 128689,  17020, 127336,   6502,  57561,  11386,
        43220,  39481, 114183, 107630, 153750, 131021, 137012,  33748,
       148445, 126360,  36821,  86233,  23771, 130117,  44930,  13564,
        25998,  15939,  13381, 144213,  99779,  89658, 140940,  41181,
       131500,  17501,    196,  93323,  53095, 140377, 106371,  11305,
       142246, 104071,  26600,  48550, 111251,  20706, 140814,  69329,
        80558,  66116, 101039,  86118,  61344,  44250, 130240, 128756,
        16779,  71113, 108193,  85352, 126587,  57957,  93565,   9005,
        39595, 143302, 102504, 100874,  66720,  12018,  11340,  55010,
        55770, 152443, 141175, 114616, 121507, 111952,  79927,  32842,
        81162,  34061,  96649, 100914,  72448,  66521, 134520, 100080,
        51318, 102550,  14060, 151082,  36994, 122024,  49416,  19637,
       141979, 130782, 138431,  45609,  11109,   3548, 142991,  87052,
       141370]), array([ 55629,   1921, 124104,  72716,  88594,  12650,  24970,  67254,
       121114, 112126, 141813,  90898,  21748,  92340,   9038,  83325,
        75052,  16213, 124341, 140132,  17635,  45051, 135129, 127275,
         8045, 131092,  19846, 128609, 142821,  32859, 153198,  41301,
       142796, 110621, 100992, 113762,  96666, 121317,  53275,  42827,
        71241, 142389,  24544,  94015, 109437, 108920, 115773, 149181,
        99603, 107451,  25557,   2493, 125287,  51467,  96692, 113553,
        67993,  69641,  11968,  26432,  82199, 114887, 117668,  46812,
        20624, 151954, 147791,  44765,  40869,  43538, 102139,   6728,
        45681,  31940,     16,  39236, 127474,  29596,  58209,  70843,
       119039,    982,  54154,  42020,  68207,  98446,  75054,  33209,
        21868,  26382,  49579,  90468,  78992,  71122,  51917, 134915,
        49895,  74193,   3475,  59103,  73949,  81991,  22087,    531,
       107758,   2884, 102132, 116512, 152265, 120190,  60186,  80274,
         9491,  54338,  28114, 109964, 117423,  12558,  15851,  87654,
       133590,  18623,  73119,  41581, 123789,  50833, 128793,  61825,
        84212,  68417, 106529,  30068,  13626,   3123,  25260, 132229,
       112326, 109222,  17702, 146850,  47511,  70201,  54074, 121955,
        85084,  53699,  69281,  33373,  28406,  77843, 125158,  22379,
       145986, 101300,  72869,  74791, 149095, 112646, 115922, 116290,
         5909, 111829,  78326,  39274,  68852,  45041,  15553, 106642,
        61632, 141930,  83359,  37140, 104287,  13800,  64135,  83233,
        62116,  96750, 139893,  50280,   5393, 110822]), array([ 37299,  11008, 119729,  83494,    108,  20294,  28467, 139482,
       136177, 129893,  85622,  18932,  42183, 122899,  58382,  32997,
       111727,  83235,  42413, 137362, 126373,  52944,  62635, 129064,
        33785,  69969, 120717,  14086,   1983,  45493,  96969, 126452,
        90418,  45238, 132477,   4300, 126668, 127637,  12791, 118146,
       102199,  61807,  27834, 133062, 110545,  72125, 131464, 103758,
       132063, 118135,  95784,  45870,  43273,  29666,  10066,   1023,
        21734, 134142,  41167, 126086,  34209,  29849, 147405,  46928,
        38740,  80425, 103621, 147655, 100047,  67441, 112965,  27405,
       142598,  79382, 131652,  11107,  42050,  29422,  77608,  90924,
       113532,   3822,  77691, 133095, 122463,  52041, 141165,  64715,
       136092, 147316,  70692, 151381, 101040, 135711, 136073,  48751,
       120408, 153557, 152451,  38330, 149414,  34440,  28399,  77504,
        85014,  78433,  20573,  75983, 107655, 111852, 114004, 122510,
        62353,  92105,  56137, 114196,  21963,  95749, 147794, 119140,
        28067,  92087,   6908,  60162, 117889, 152240, 150033,  82660,
        12746, 118294, 100119, 136911,  83246,  15218,  56274,  55902,
        52187,  67701,  36549,  91441, 115334,  11908, 129362, 107452,
        49725,  33996,  96281, 151552,   4707, 111824, 105665, 111735,
       122244,  81284,   2005, 111631, 115854,  91069, 148160,  99906,
       105630,  53537,  29540, 119528,  17669, 147649, 133776,  76684,
       139665, 148746,  19226, 136220,  60164,  58887,  32269,  79266,
        33093,  22120,  73865,  73300, 115642,  20265,   7106,  47500,
        86923, 115328,  44207, 114701,   9475,  65997, 149695, 107533,
       112736,  60699,  99456, 130054,  20344,  13711, 152483,  79434,
        92458,  89217, 103230,  28097,  90977,  48337,   7623,  77631,
        41188, 137067,  97353]), array([ 47535,  33953, 143220, 100941, 118381,  77137,  87850,  48528,
        58062,  99841, 107809,  74461,  76442,  57710, 110967,  55077,
        35796,  25944,  21193,  83044,  28504,  35493,  54380, 135677,
         9634,  98564,  29729, 113166,  87550,  89570, 104230,  30535,
        22843, 119768,  80613,  86381, 146255,  97377,  90351,  73047,
         5707, 121383,  25495,  63094,  15251,  63577,  95544,  51180,
        26048, 129534, 142212,  29258,  10842, 143191,   7322,  43112,
        25859,  81003, 122502, 115421, 121159,  75651,  91297,  41760,
       109823,  12164,  25056,  45338,  57683,  16885,  12652, 143178,
        49514,  37425,  81420, 128925,  20830,  77101,  26981, 147173,
        64276, 108801,  92433,  46718, 126443, 113543,  17274, 127151,
        51276,  77884,  98861, 111703, 106101,  98036,  89678,  95339,
        45523,  41352,  62920, 107256, 142873,  57131,  45642, 141870,
       100885,  31216,  47496,   9654,  96014,  16637,  25149,  73358,
       144742,  53853,  33867,   5847,  19682, 128690, 152583,  98986,
       103948,  22293,  98813,  83686, 142145, 113187, 120410,   7108,
       113504,  62438,  48520,  27690, 125087,  74954,  19347,  11997,
        52910,  43879, 103073,  26063,  17804, 103239,  55119, 116583,
        11082, 135955,  16288,  34712,  41609,  23750, 113347,  83611,
        63196,  68889, 115578,  23758, 151707,  50419,  21112,  77987,
       138287, 114315,  86428, 104027,  51611,  45962,   1692,  18163,
       145108,  95306, 120639,  30686, 129384, 140689, 136488,  70720,
       140985, 149819,  70944,  71471, 141760,  99172, 141557,  21796,
        97072, 153186, 139337,   7119,  21639,  36956,  84748, 124883,
        54233,  22609, 148088,  79894,  20335,  57777, 101669, 101397,
       132603, 118646, 132182,  76617, 119251,  91968,  69252,  79303,
        67804,  82580, 103839,  97363, 145317, 140891,  71988,  97143,
        55354,  54012,  97475,    106,  26119,  10357,  48284,   1867,
         9090, 120128,  71843,  79485, 103598,  44901, 123398, 120497,
        95390, 144204, 103048,   8119, 153857,  69079, 117092, 101189,
         2063, 107818,   3445, 150104,  42801,  45629,  88411,  14806,
        39921, 124157,  26596, 124682,  67882,  39775,  53652, 118809,
        55622,  51661,  79640,  19285, 117620,   1602,  80912,  51353,
        52721,   3182,  64745, 110356,  23571,  24073,  30237,   1524,
        16666,   5102, 145757,  63563, 134009, 121177,   9224,  58733,
        67820, 130652, 126806,  40342, 108210,  43047, 118919,  91803,
        31007,   4857,  28413, 122650, 124482, 127454,  20981,  23557,
        96931, 118182,  92395, 104137,  79885, 138735, 115257, 107043,
        61629, 130403,  18523,  45272, 148103,  61018,   1959, 134200,
        61555,  80203,  50726,  25942, 105707, 117209, 146881, 146860,
        46077,  26520,  41201, 105848,  90273, 142680,  14533,  45583,
        79463,  37010,  95762,  13979,  13115,  53532,  60670,  80847,
        17580,  26844,  80501,  70336,   5547,  10925,   2796, 106972,
        96964,  76102,  41131,  43265,  21019,  88331,  79893, 153590])]
shape of feat_train: (3078, 602)
Mean accuracy: [0.8847905446922326, 0.0018984450825813633]
