Namespace(dataset='reddit', dropout=0, epochs=400, gpu_id=0, hidden=256, inductive=1, keep_ratio=1.0, lr=0.01, method='herding', mlp=0, nlayers=2, normalize_features=True, reduction_rate=0.005, save=True, seed=15, weight_decay=0.0)
size of adj_train: (153932, 153932)
#edges in adj_train: 10753238.0
Test set results: loss= 0.4646 accuracy= 0.9393
idx_selected :  [array([13694]), array([ 97335, 109506,  32563]), array([ 67316,  29987, 134983,  74451, 151853]), array([ 36456,   3727,  54399,  91819, 103307]), array([113413, 109915,  85059, 122185,  84576]), array([82638, 33889, 17577, 87818, 42553]), array([112977, 117286, 112905,  98468,  24081,  75511,  67021]), array([132163,  51002, 114473, 128437, 120221,  42238,  16082]), array([118520, 101665,  95052,   4011,  35734,  59165,  82788]), array([ 28638,  15991, 110337,  86229,  34880,  81357,  99651,  45907]), array([ 77495, 125542, 100804, 145353,   2623,  59985,  78387,   1116,
       153834]), array([103974,  54530,  58415,  36095,  93400,  57375,  90805, 108579,
        92516]), array([ 98249,  48037,  36670,    631, 103191, 107048,  46920, 113731,
       101970,  45437]), array([135952,  74183,  86581, 104505,  12328, 151383, 104431,   1975,
       132964,   9384]), array([  8560, 104803,  10113, 110635, 132162, 121242,  50827, 104964,
        91516, 122672, 138437]), array([ 25595,   6381,  52385,  49569, 150675,  15388,  40993,  73249,
        33796,  76296, 144884]), array([ 26937, 135092,  16767, 118385,  77966, 140926,   9198,  52561,
       123838,  46021, 130424]), array([ 67576,  58175, 144801, 129902,  16544, 150182,  93713,  42843,
       150291, 123547,   2707]), array([120018,  67810,  82106,  76430, 117425, 114922,  25870,  79172,
        82249,   6923,   5290,  36340,  46171,  21807]), array([  1246,  32150,  36113, 130353,  13986,  45117, 127398,  73873,
        42084,  23855,  13833,  32731,  52160,  81482]), array([ 97878,  37610,  88582,  88099,  77991,  30736,  86881,  21842,
        70658, 153070,  91575,  95407,  26353, 143229]), array([125975,  32775, 137920, 148569,  82567, 105113,  70443,  10183,
        65853, 148024, 120475,   8150, 112047, 126923]), array([151566,  90889, 137709, 112798,  39811,  33788,  26532,   1527,
        65491, 110355,  35936,  34752,  28649,  89911]), array([ 24760,  16865,  49749,    304,  40492, 119346,  59956,  38989,
        53032,  61234, 146498, 107499,  10693, 115797]), array([114061, 140230,  10995, 153133, 142154, 129074,  59198, 100876,
       132513, 116976,  95757,  29616, 119464,  48707, 120098]), array([ 77823,  16912,   4188,  93717,  89082, 104279,   1730, 120027,
       135549, 150843,  85125,  92553,   9487, 118253,  33891, 140624]), array([ 62477,  85225,  45866, 122891, 105740,  39810,  87960,  98949,
        82084,  82501,  71445,  54551, 112231, 118089,  93039, 105062]), array([ 12481, 110507, 102016, 114756,  19701,  53195,  22106,  49643,
        59606,  50086,  12165,  87855,  71622, 100904,  87219, 100200]), array([145649,  69890,  85499,  91562, 112978,    790,  87074, 134916,
        55235, 143231,   6817, 148034,  41985, 151360, 153813, 119564]), array([ 79088,  16568,  80658,  71656, 103809,  51265, 102705,    237,
       136669,  60626,  51961, 113784,  75258, 127496,  46541, 118014]), array([ 13161,  35983,  91110,  25727,   5862, 127035,   7132,  45149,
       144488,  67826,  14694,  41475,  52686,   3550,  66393,  28310,
        56052, 124490,  76428]), array([111405,  30385,  35765, 128589,  48164,  44442,  88368, 121275,
       121161,  74551, 123825,  47566,  87314, 102985, 116344,  92822,
        54814, 108876,  30284,  29776]), array([ 68271,  68948,  63761, 129952,   3826, 102077,  25190,  24999,
        12160,  33970,  46994, 128176,   6913,  62727,  15449, 114773,
       128386,  30500, 129970, 143830,  42733,  99208,  79068,  76441,
        82833, 111253, 143613]), array([  3151,   1916,  36572, 153569,  49291,  71977,  61090,  58586,
        53159, 105647,  91228, 125561,  19541,  23368,  89799,  15161,
        89581, 126544,  49850,  44210,  83089,  72072,  40213,  57433,
        50109, 144021, 118707,  72831, 105505, 153151, 147138, 130288,
       153810, 105435,  77387]), array([110587,  90746,  53144, 120687,  72239, 136391,  52728, 136814,
       138172,  57419,  72883,  92570,  51743,  95443,  21833,  69168,
        24449, 128539,  24052, 118738, 103018, 140834,  82658,  67024,
       147917,  21984, 115686, 101818,  76100,  18442,  37143,  41184,
        95222, 142077,  61612, 111616]), array([  7832,   8870,  87549, 146856,  36368,  78145,  12230,  18902,
        93295,  42312,  20005, 110334, 149277,  71963,    405,  35122,
       148370,  25378,  77344, 151168, 147195,  86607,  14416, 116701,
         4811,  99163,  94381,  78683,  54315, 152908, 113508, 128034,
        55675, 146941,  91311, 143592,  99466,  65519]), array([ 63290,  49154,  91395,  92546,  42086,  90676,   1710, 111932,
        39744,  44848,  29010,  11522, 146779,  49195,  55812,  72530,
        39586, 100794,  52986,  59451,  14893,   9293, 105679,  46966,
        97136,  13177,  38090, 132857,  34873,  85828,  54610, 108349,
       151012,  31501,  50163,  57057,  99731, 146247, 146100, 111807]), array([138053,  11854,  91590,  62209, 105073,  75212,  25583,  57561,
         6783, 112829,  10986, 151085,  81729,  35636, 148445,   4646,
        35850,  85352, 126587,  22112, 123313, 130117, 133513,  87186,
       107630, 134320,  11305,  51189,  30478,  44236, 137641, 101487,
       116455,  28369,  17020, 128689,  46858,  73481, 101039,  57957,
        39595,  39481]), array([ 55629, 124341,   7892,  67254, 131092,  29596, 123911, 113762,
       149181,  36959,  25557, 108920, 142821, 149095,  75054,  67993,
        62116,  80417, 110621, 101162,  59103,  81991,   8045, 100992,
       142796, 124104,  26382,  44765, 135129,  72716,   4503,  41301,
        23651,  21748,  40869,  50833,  58405, 147791,  45041,   6728,
       119898,  39236,  54338,  28114,  64135]), array([ 37299, 139482, 131652,  83494,  11008,  73865, 111735,  58382,
        43273,  52041, 127637,  34440, 130752, 137362,  85622, 131464,
        26772,  45493, 142465, 112123, 145610,  65240,  67046,  77608,
        28467, 118135, 113532,  27834,  69969, 134142,  12791, 147405,
       133062,  76243,   1712,  29666,  32997, 135711, 132063,  22120,
       132477,  73300,  79434, 126452,  10066, 112965,  20294,  62353,
        52944, 122899,   9475,  86923]), array([ 57710,  35493,  24801,  99729,  63563,  41760, 119768,  75651,
       122502,  67882,    584,  79303, 130458, 136488,  62920,   9910,
        69252,  48520,  54431,  11082, 101397, 142212, 135401,  33953,
        65976,  10842,  28504,  95132, 125087, 113166,  45642,  48528,
       129384, 128974, 107809,  47496, 120225, 106004,  89570, 104230,
         3445,  22843,  55077, 147173,  26981,  57131,  23758, 151707,
        29729,  58733,  19927,  25859,   7640,  10930,   7322, 128925,
        91968,  59636, 121159, 109823, 114315,  48797,  95306, 124682,
        93379,   7108,  62438, 138416,  77884,  88278, 116583,  15251,
       112681,  83044,  57683,   6041,  16986, 140689,  83686,   9281,
        79485,  81420,  92316,  67820,  43047, 124883, 148103, 141870,
       149819,  25149,  39921,  32849, 113187, 118809, 113504,   9634,
        21639,  19285,  21112,  99254,  18523])]
shape of feat_train: (769, 602)
Mean accuracy: [0.7907832435753785, 0.015074841530404401]
