Namespace(dataset='flickr', dropout=0.0, epochs=400, gpu_id=0, hidden=256, inductive=1, keep_ratio=1.0, lr=0.01, method='herding', mlp=0, nlayers=2, normalize_features=True, reduction_rate=0.005, save=True, seed=120, weight_decay=0.005)
size of adj_train: (44625, 44625)
#edges in adj_train: 218140
Test set results: loss= 1.5502 accuracy= 0.4715
idx_selected :  [array([10109, 13578, 20803,  5803, 24532, 30816, 16106, 13182]), array([23596,  6304, 34966, 44571, 32848,  7060, 25811,  6997, 14520,
       21587, 13864, 36966]), array([10631, 40715, 26374,  2708,  7405, 29227, 27559,   949, 18026,
       38545, 11389, 38469, 10154]), array([ 3810, 12178,  9074, 34511, 27683, 35824, 34310, 15161,  8373,
         287, 19904, 43201, 18329, 12974, 22983]), array([12561, 10040, 38086, 34804, 12177, 43880,  3150, 24793,  5488,
       28237, 22954, 34458, 27399, 21548,  8263, 18174,  6674,  5221,
       41217,  6083, 22034]), array([35026, 26973, 23144, 35480, 11379, 44458, 23943, 26332, 34576,
       11141,  8301,  7552, 19102, 41718,  9746, 37798, 32208, 26611,
       29006, 44080, 15999,  1327,   305, 25740, 12613,  8461, 20836,
         711, 40604, 41060, 28515, 23377, 11041,  4978, 16255, 11085,
       28457,  2513,  9346,  6505, 34387,  6837, 20512, 37337, 28205,
       24691, 35073,  9884, 10409, 34650, 16323, 17109, 11109,  1890,
       10717,  6060, 10840]), array([ 5948,  8107, 35194, 18914,  7323, 40549, 11257, 11860, 43601,
       24698, 19340, 41346,  9780, 35395,  7523, 42264, 26904, 43975,
       41192, 22802, 37747, 27718, 18637, 29564, 31896, 17716, 16160,
        3154, 44440, 27851, 38215, 24932, 42979, 19152, 21038, 42456,
       12352,  8753, 34825, 19643, 38846, 10718, 20527, 30801,  9609,
       34379, 27045, 22377, 31944, 30760,  7224,  8740, 42792, 17554,
       15783, 15517, 35209, 10800, 43544, 38221, 20916,  7150, 31770,
       27444,  2140,  7197, 24586, 29152, 41812, 15532,   363, 35394,
       27825,  8944, 42806, 29481,  7954, 34660, 43874, 22539, 36535,
       43000, 14755, 30529, 34264, 18270, 31821, 27997, 18435, 23111,
       35012, 35563, 10035, 31950, 15290,  8132, 27864])]
shape of feat_train: (223, 500)
Mean accuracy: [0.44409985210415454, 0.004509740582234003]
