Namespace(dataset='flickr', dropout=0.0, epochs=400, gpu_id=0, hidden=256, inductive=1, keep_ratio=1.0, lr=0.01, method='herding', mlp=0, nlayers=2, normalize_features=True, reduction_rate=0.01, save=True, seed=120, weight_decay=0.005)
size of adj_train: (44625, 44625)
#edges in adj_train: 218140
Test set results: loss= 1.5502 accuracy= 0.4715
idx_selected :  [array([10109, 13578, 20803,  5803, 24532, 30816, 16106, 13182, 26553,
       34033, 24059, 37142, 41324, 15353,  5289,   922,  6572]), array([23596,  6304, 34966, 44571, 32848,  7060, 25811,  6997, 14520,
       21587, 13864, 36966, 36427,  5313,  1491, 10016,  7620, 41681,
       19098, 42378,  3123, 30390,  7764, 37073]), array([10631, 40715, 26374,  2708,  7405, 29227, 27559,   949, 18026,
       38545, 11389, 38469, 10154, 18167,  9216, 17758,  8472, 38379,
       35583, 40063, 38482, 35230,  9788, 25834,  4276, 35414]), array([ 3810, 12178,  9074, 34511, 27683, 35824, 34310, 15161,  8373,
         287, 19904, 43201, 18329, 12974, 22983,  1615, 23961, 38204,
       36984,  5543, 41896, 29111, 20802, 26022,  8516, 30328, 21769,
       38650, 27823, 15795, 34571]), array([12561, 10040, 38086, 34804, 12177, 43880,  3150, 24793,  5488,
       28237, 22954, 34458, 27399, 21548,  8263, 18174,  6674,  5221,
       41217,  6083, 22034, 15959, 30948, 13326,  5480,  5678, 26701,
       27716, 12258, 36409, 21308,  4750, 34321,  6992, 22101, 11187,
        8716, 36514, 22897, 11272, 30708, 27303, 37372]), array([35026, 26973, 23144, 35480, 11379, 44458, 23943, 26332, 34576,
       11141,  8301,  7552, 19102, 41718,  9746, 37798, 32208, 26611,
       29006, 44080, 15999,  1327,   305, 25740, 12613,  8461, 20836,
         711, 40604, 41060, 28515, 23377, 11041,  4978, 16255, 11085,
       28457,  2513,  9346,  6505, 34387,  6837, 20512, 37337, 28205,
       24691, 35073,  9884, 10409, 34650, 16323, 17109, 11109,  1890,
       10717,  6060, 10840,  1497,  2658,  9925, 41044, 41079, 30337,
       24893,  1910, 12517, 13379, 28004, 37218,  2758, 23968,  4706,
        1401, 36659, 38349, 42850, 21106,  6291,  8687, 11270,  9087,
       40283, 28538, 25512,  2310, 15000, 20243, 27669, 19433,  6205,
       17567, 28006, 14570, 32731, 39975, 30933,  2173, 26635, 38286,
        2712, 18467,  9327, 41641,  6094, 31774,  7327,  7691, 23585,
       20046, 31010, 16746, 15664,  4794, 24572,  2363]), array([ 5948,  8107, 35194, 18914,  7323, 40549, 11257, 11860, 43601,
       24698, 19340, 41346,  9780, 35395,  7523, 42264, 26904, 43975,
       41192, 22802, 37747, 27718, 18637, 29564, 31896, 17716, 16160,
        3154, 44440, 27851, 38215, 24932, 42979, 19152, 21038, 42456,
       12352,  8753, 34825, 19643, 38846, 10718, 20527, 30801,  9609,
       34379, 27045, 22377, 31944, 30760,  7224,  8740, 42792, 17554,
       15783, 15517, 35209, 10800, 43544, 38221, 20916,  7150, 31770,
       27444,  2140,  7197, 24586, 29152, 41812, 15532,   363, 35394,
       27825,  8944, 42806, 29481,  7954, 34660, 43874, 22539, 36535,
       43000, 14755, 30529, 34264, 18270, 31821, 27997, 18435, 23111,
       35012, 35563, 10035, 31950, 15290,  8132, 27864, 29815, 10584,
       26791, 28069,   522, 22705, 23670, 31951, 37296,  2297, 22047,
       42860, 31089,  9567,  3282, 28078, 14994, 11254, 34272,  2871,
        6525, 13089, 10876, 23437, 15767, 15757, 14207, 12826, 32108,
        9410, 23049, 29985, 11011, 22571, 33521, 41394,  6381, 40118,
       40706, 10900,  4637,  5236, 17396, 20704,  3760, 36354, 37045,
       40976,  7957, 12160, 31146, 22647, 31621,  4354, 43903, 37288,
       44095, 26932, 30787, 32920, 16648, 40311, 44299, 39440, 37881,
        5061,  6973, 21331, 26075, 24073,  9467,  5855,  6164, 12114,
       16212, 24217, 24002, 32329,  5251, 33756, 14459, 23977, 41728,
       32894, 40377, 38276, 32995, 34770,  3833, 10610, 15926, 28394,
       23075])]
shape of feat_train: (446, 500)
Mean accuracy: [0.4486801416214763, 0.004093392359248276]
