Namespace(dataset='reddit', dropout=0, epochs=400, gpu_id=0, hidden=256, inductive=1, keep_ratio=1.0, lr=0.01, method='herding', mlp=0, nlayers=2, normalize_features=True, reduction_rate=0.075, save=True, seed=85, weight_decay=0.0)
size of adj_train: (153932, 153932)
#edges in adj_train: 10753238.0
Test set results: loss= 0.4403 accuracy= 0.9413
idx_selected :  [array([ 13694, 111146, 140821,  14334, 115195,  16130,  55723, 150130,
        56593, 143357,   4947,  90507,  59367,  88293,  93033,  55016,
        19330]), array([ 97335, 109506,  54753, 132075, 136440,  38008, 136234,  49905,
        33734, 114163, 139038, 134939, 134471,   3728,  75220, 108011,
       118639,  87547,  79466,  53126,  64122,  82018, 134926, 102967,
        29203,  37190,   2869, 143678, 109081,   8872,  32563,  25462,
        75459, 152523,  99427, 111716,  60680,  84516,  40992,   3454,
        92608,  92890,  83106,  38138, 152479,  71294,  39480, 152871,
        13260,  47379,  71712,  44289, 143537,  40571]), array([ 67316, 151853,  66181,  67465, 113487,  37429,  29987,  79666,
       133563,  60472,  80464, 121834,  85304, 134983, 105521,  56074,
        84153,  96494,  80143,  87910,  81343,   5992,  10045,  31146,
       141542,  56903, 117972, 102913,  52459,  16337, 122715, 142574,
        50989, 112333,  19161,  63981,  71759, 109894,  11687,  74959,
        64657, 135154, 117367, 108455,   7351,  22796, 125410, 142903,
       140892,  27757,  47849,  15176,  68325,  69599,  59303,  89644,
        74440, 142138, 138708, 113925,  42138, 152500,  55058,  84815,
        74451,  66840,   5040, 144924,  83421,   4338, 117525,  60391,
       149679, 116321,  93262,  23562, 141484, 111394,  58255,  70056]), array([ 36456,  28110,  25555,  54399,  55040,  49871,   8569,  78966,
       128530,  94720, 114533,  61627,  12314, 105478,  19336, 126501,
       102701,  93928, 144219, 132824, 102621,  62910, 104044, 142664,
        84671,   3727,  14714, 106473, 143014, 103307, 109349, 131310,
       130112,  34064,   4014,  99348,  80048,  53763,  45999,  29208,
        91819,  79468,  87308, 119798,  86600,  23729,  71701,  20561,
        13992, 122385, 119133,  39912,  93060,   2506,  99667, 116835,
        42141,  59916,  99671, 149821,  49240, 145970,  55697,  60223,
       112209,    393, 108038, 108407,  14125,  75891,  82516,  23261,
        34042, 117627, 126926,  71132,  15196,  89131, 131873,  98127,
        48958, 103494]), array([123541,  84576, 122185, 120446, 113413,  52201, 123696, 126767,
       143281, 134521,  51709, 109915,  85059,  95486, 115852,  48266,
        59835, 138847,  50892, 135087,   6425, 124251,  32926, 129395,
       119857,  11729, 122035,  57294, 142463, 143721,  44701,   7608,
       116854,  85202,   8605,  33290,  85731, 137049, 109495,  58572,
        38979,  40364, 139095, 115060, 112967,   9498,  63246, 143295,
        49235,  25171,  20906,  31144,  18121,  32013, 152348, 147440,
       146494, 118519,  81497,  43156,  55365,   6580,   5569,   3185,
        50899,  44378,  32533,  38296,   6977,  31262, 125102,  60486,
       104794, 144063, 107248,  87659,  52926,  15653, 126242,  52741,
        67596, 127095,  37731,  17941]), array([ 82638, 134123,  39607,   6699,  69130,  26383, 140198,  31437,
       108616, 146276,  84147,  48461,  62269, 138591,  81629, 111678,
       105661, 142871, 104090,  75582,   2000, 112910,  22682,  14837,
       128073,  33889, 135607,  22906, 111755,  19282,  50319,  96492,
        70102,  84967,  17577,  90445, 116946,  72669, 126899,  41523,
        70390,  10457,  17879, 123980,   5513,  49452,  40739, 113612,
         2996, 139614, 142816,  51613, 130267,  88081, 105602,  61388,
        78344, 113755,  88841,  46836,  42553,  85860, 141013, 114026,
        22740, 152927, 122819, 130096,  17340,  51598,  77052,  13813,
        12208,   7271, 101989, 139447,  83039, 103849, 146795,  75678,
       110928, 112200, 101245, 138939,  53658,  79877]), array([150745, 112905, 117286,  86261,  27305,  24081,  60723,   9410,
       148561,  98468,  67021, 143122,  75721, 121316, 120640,  88598,
        44102, 130876,  22284,   7968,  97781,  58136,  96408, 117320,
          133,  38960,  15629,  96371, 112977, 135986, 135441,  58492,
        36331, 119490,  24097, 133447,  95078,  60697,  91129, 128056,
        59309,  34702, 100758, 145672,  72205,  23718,  75511,  37852,
       108609, 129700,  95981,  55226,  10058, 101840,   5187,  62546,
       136399,  12885,   5314, 108761,  75648,  47984, 151618,  66144,
        94797,  14231,  95555, 114818, 126558,  72654,  58774,  77182,
        69659,  71716, 119255, 125530,  73561,  54477, 148755,   4132,
        73009,  30729,  18974,  58414,  54529,  19048,  29419, 142723,
       122347,   2773,   7008,  65687,  14007, 126903,  99293,  76024,
        85532,  81126, 104300, 104498, 122152,  61107,   4698, 141783,
       127571, 106620, 131393, 117905,  16483]), array([ 92259, 110367,  78092, 128437,  16082,  70631,  66754,  85548,
        71690, 103181,  52754, 132311,  41158, 137802, 139617, 125012,
       107456,  19891,  87540, 105574, 132163, 126449,  50518,   6441,
        67098,  82873, 134679,  97839, 138655, 123949, 109218,   6154,
        35235,  40896,  11923, 152050, 119892,  32251,  27255,   4780,
       120221,  90620,  81432,  68186,     82, 151551,  51002,   7814,
        90815, 116345,  40948,  63714,  43198,  95863, 128270, 112312,
        42238,  56510,  60716,  88096, 115039, 114473, 133830, 110087,
        40998, 150140,  39445, 142634,  73129,  18566,  83256,  30808,
       115175,  96719,  85022, 105666,  32883, 122957, 121504,  24219,
        72107,  38840, 118320, 107054,  94369,  57260,  32435, 131760,
       108111,    190, 148101,  29039,  33768,  60330,  43424,  70398,
       139897,  40083, 119731, 128779, 134559, 106465,  91128,  14076,
       110044,  17262,   1600, 131578,  85663,  48201, 122529]), array([ 78624, 110403,  35734,  59165,  70775,   1070,  82788,  59087,
        23841,  55355,  40929,  93059,  76097, 113151,  95918,  68528,
        38565,  90188,  91014,  66790,   6253, 123621,   4011, 118520,
        75133,  51119,  96251,  60712, 114290,   1029,  99686,  74064,
        11776,  95052, 101665,  89439, 143787,  66222,  75439,  98043,
        63586,  77487, 152681,  85953, 115751,  52912, 142399,  51994,
       153821,  76718,  43435,  26021,  80827,   2280,  62298, 131014,
       103284,  67851,  61501, 118863, 153400, 152329,  92786,  72121,
        99500,  96235,  20884,  15169,   7136,   6992,  84350,  26960,
        70171, 113663, 114016, 112453, 125254, 131964,  29781,  98438,
         1957,  92144, 121812, 111956,  77920, 102871,  30581, 146724,
         4758,  64769,  70242,  25951, 140680, 115580, 120752,  88743,
        50476,  26381,   6189, 125285, 120090,  14623,   2983,  20586,
        70810,  19959, 136457,  29516, 146036,  81270, 124941,  14756,
       140197, 116972,  28758,  10382,  36852,  37890]), array([110337,  15991,  28638, 146973,  86229, 106669, 120477,  27563,
        99651,  34656,   2477,  11487, 109606,  55875,   9460,  47101,
        42782,  50122,  12834,  16960,  34334,  74345,  95213,  47401,
        22660, 117527,  97744,   1371,  45907,  31790, 115258,  70827,
        15819,  84937,  65128,  48780,  70329,  63425,  96785, 139204,
        68007,  34880,  61903,  38526,  38454, 113644,  34364, 133750,
        33883,  72186,  14005,  73555,  67703, 133078, 137857, 103349,
        32181,  55189,  70570,  41938,  10269,  73813,  64462,  76345,
        96765, 118643,  95723,   7133,  91329,  31818,   8118,  92194,
        68183, 142094,   3633,  64304,  47792,  79905, 107624, 131116,
       138072,  94597,  39672, 110990, 106053, 120518,  50826, 129839,
        47185, 130008, 109755,  69648, 139369, 133145,  59886,  83988,
        85978,  44493,  91031,  24622, 114321,   9746,  81357,  24703,
        10872, 127634,  16723, 102363,  50445,  30094, 122139,  48171,
            0,  36224, 149754, 121789, 100891,  89496,  59410,  81902,
         9130,  36433,  69186]), array([ 77495, 125542, 145353,  10969,   1116, 125343, 148815, 126479,
        11052, 151359, 145673,  76777,  80317,  56748,  66142, 124610,
       102112,  57750, 123771,  47281, 150609,  45170,  81963,    118,
        68137, 148138,  22468,  88733,  63232,  97073,  71198,   6852,
        92006,   3118, 128377, 113250, 111728,  28377,    955,  43246,
         5217,  73684,  74930,  10372, 109720,  35453,   7744, 107908,
        41811,  77922,  51881,    961, 119753, 107176,  55112, 120523,
       125418,  11020,   2623, 111411,   6200, 123792,  50849,  18459,
       133184,  17647,  57894,  48689,  72446, 106746,  31975,  78387,
        59818,   5489,  21870,  56092,   8929,  44576,   7660,   6587,
         3133,  72917,  82485,  92285,  79113, 111629,  50042, 118347,
        34525, 107305,  74796,  47243,  34704,  90752, 137374,  62268,
       106135,  55207,  21688,  55484,  87905,  56067,  59985, 131382,
        96790,  55611, 150020,   2111,  47382, 132343,  73518,  16197,
         3732,  38627,  35562,  45849,  17338,  45426,  63006, 125522,
        85926,  83652,  75557, 102193,   4905,  96298,  29698,  28822,
       122103, 107455,  25490,   5983,  33556,  98600, 107769, 136002,
        21258, 152588, 114073,  72880, 100804,  79397]), array([118869, 103974, 112037,  36095, 100637,  57375,  58327,  90805,
       112619,  18255,  54530, 150260, 103589,  79913, 102718,  79122,
       126803, 102288,  57230, 105922, 132898,  27034,  56211,  97595,
        20506,  92516,  46790,  20901,  53866,  10828,  80994,  58415,
       121421,  50293, 134712, 153926, 108579, 152464,  73784,  84111,
        92297,  29804,   6201,  37043,  22820,  17688, 118081,   5967,
        19214,  42340, 130812, 126309,  82227,  91154,   7193, 107504,
        67190,  17190,  46736,  55541,  22856,  57789,  99937,  14048,
       144330, 134088,  25938, 139169,  63080, 147698,  40227,  39638,
        91743,  72553,  13398, 107136,  54055, 111789,  95219,  83442,
       125322,  26670,  38241,  62361,  48509,  71734,  68826,  62824,
       102559,  98794,  94099, 132124,  88891,  90565, 108493,  64099,
        67672,  72068,  24675,   7134,  31057, 141605,  82942,  91079,
        62114,  75706,  33305, 103313, 152074, 144995, 113248,  83761,
        16554, 122384,  93840, 125723,  47218, 137390, 118401,   7369,
        29741,  86957,  65430,  35028, 153411, 140009,  70462,  93400,
         1477,  37153,  57193,   3909,  37879, 132806,  61592,  43077,
       130882, 139417, 143384,  44579,  28678,   6124]), array([ 98249,    631,  36670,  48037, 103191,   6617,  94360,  21820,
       128588, 153034,  35779, 101970,  45437, 108071,  40914,  41317,
        59930,  49212, 112217,  66244,  98307,  72677, 135842,  91135,
       131501, 113731, 104762, 133593,   7025, 107832, 122438, 132041,
        71102,  56093, 153685, 144176,  25150, 136905, 107048, 110396,
        53895,  57864,   3975,  57964,  62101,  66698,  72705, 150205,
        65880,  28057, 112007,  48241,  51911, 141476, 138345, 101681,
        46920,  68143,  94064, 101549,  69202,  52239,  58559,   3018,
       123727,  47690,  61625,  30973,  26303,  72872,  61277, 143563,
       148305,  26058, 128205, 118301,  63626, 129417,   4696,  40699,
       133441,  54371,  22154, 130323, 141296, 140269,  85616,  36161,
        77967, 109743,  83815,  59290, 118022,  10201,  53827,  54289,
        96979,  70708, 115074,  23584,  58268,  96565, 144110,  30416,
        34067,  45930,  96917,  68234,  18591,  72686,  73646, 145142,
        75660,  15918,  15715,  80650,  36618,  16623, 105049,  99343,
         2956,  77435, 118196, 141214, 118727,   8316, 150562,  45345,
        94401,  29198,  30025,   9058,  49743,  53670,  20840,  92878,
       142837,  78324,  28392, 106929,    995,  49395, 118305,  55958,
       143649,  33030,  99565, 127532, 108287, 110055]), array([115565, 135952, 104505, 132144, 108350,   1975,  52850,  74183,
       105895,   9384,  52371,  47361, 110268,  97606,  27191,  30136,
       120593, 151383, 119601,  23895,  88876,  85895,  42960, 136371,
        90916, 117352, 111058, 138865,     76, 132964, 138509, 143029,
        63580,  25522,  67411,  51785, 128106, 145251, 107860,  94862,
        48823, 135294,  42946, 141499, 132460, 116435,  38619,  84987,
         6273,  86581,  60454, 115674, 149195, 104304, 138987,  62602,
       133189,  14605, 139521, 103987, 104431,  63673,  28322,  11591,
       129716,  33758,  19601,  42694,  78731,  10267,  56375,  53605,
        47118,  30788,  74360, 109759, 153544, 114309,   9221,  57075,
        13864, 105096,  11838,  18671, 148861,  80112,  93173,  23132,
       140311,  29354,  44474,   4719,  35666,   4504,  78391,  75541,
       149272, 119933,  31424,  15321, 116798,   7206, 119994, 100039,
        29283, 138129, 120865, 119419,  41187,  18307,  35906,  28055,
       120612,  83131,  38756, 129399, 126136,  94663,  38796, 149579,
       128860, 130968,  58740,  29954,  86754,     53,  41890, 122225,
        55698,  74951,  65038,  93558,   6987,  18901,  18008, 131640,
       122104, 133047, 101157, 132638,  95977,  24848, 153786,  55410,
        97679,  73991,  10861, 109214, 117817, 122944,  68189, 121111,
        54686,  45495, 137237,  86404,   1935,  47572,  63445,  56499]), array([132162, 111036,  62986,  26586,  16653,  43551, 123975,  27086,
        80169, 109019,  10113,  35285,  59670,    676,   8819,  40016,
       150687,  57726, 148321,   6916, 110000, 122672,  12700,  92062,
        61057, 130696,   8560, 116286,  43431,  22409, 124615, 134237,
        50827, 104803, 114346, 121242,  67767, 138437, 133545,  28657,
        18532, 100873,   1926,  16685,  47436,  56658,  61484,  30356,
        67754,  13329,  86836,  23117, 116281, 138001, 142035, 145278,
        44652,  58402, 150343,  55701,  15554,  65666,  74293, 136363,
         2269,  82757, 109783, 109485,  13923, 104964, 114694, 127157,
       135718,  85463, 153022,  12748,  55117, 146509,  29075, 104916,
        40602,    660,  83650,  74121, 126697,  85950,  77500,  91516,
        24913,  13265,  91814, 117375, 133482,  78536,  26053,  65911,
        28134,  76147,  81647,  62143,   2452, 105124, 138460,  96995,
        51685,  78263,  95746,  40224,  33137, 114285, 134063, 152019,
         6227,   5096,  54775,  92521,  74010,  61236,   5463,  83237,
        37347, 132468,  37957,  20292,  70684,  89699,  76628,  83398,
        44845,  19720,  33775, 125843,  95933,  36515,  93902,   4430,
        15681, 136385,  70236,  71407, 108625,  20943,  61673,  97020,
        29411,  66623,  53571,  54257,  30222,  76437,  48194,  41366,
        30348,  99869, 127698,  43365, 138471,  23225,  30730,  74486,
        83009,  70009,  83633, 111498,  12968,  55424,  36498]), array([ 25595,  44804,  49208,  73249,  33796,  25947,   6642,  19602,
        93809,  15388,  80003,  52385, 150675,  40993,  79006,  76296,
        21940, 150000, 115493,  30373,  42479,  94648,   6381,  84739,
        77077, 144782,  54909, 113064,  94651,  11844,  98135,   3350,
       107442, 109646,  20755,  74453, 119557, 109701, 109918,  80875,
       126889, 142125,  86687,  55831,  62314,   3802,  29096,  19168,
        28189,  43897,  56323,  49569,  19943,  41761,   3122,  19647,
        66318,  64198,  37712,  17374, 115191, 142285,  11543,  26762,
         5488,  44370,  98263,  13242,  21763,  82664, 104263,  89635,
        87931,  47902,  80482,   1379,  92892,  71288,   9440,  68006,
        33746,  92875,  57535, 106517, 142485, 113860,  12430,  72860,
        85512, 107571, 153333,  74209, 118781, 104316, 121632, 120485,
        20391, 136126, 141424,  63806, 121244, 122977, 148839, 111740,
        92412, 121089,  45236,  72098, 129557,  39936,  87013, 153153,
        11831,  83708,  85846,  35872,   1558, 127331,  29653,  36162,
       102623, 132465, 105682,  56731,   5776,  61055,  26914,  91162,
        17099,  17719,  82653,  89715,   4813,  87039, 144884,  21094,
        13250,  86059,  35277, 106866, 105214,  46032,  22559, 105486,
        11945,  96049,   6325, 135411, 138783,  53511, 106825,  30893,
        89548, 107457,  34622, 147755,  31027, 109558,  86855,  92097,
       106220,  38040,  81260,  51877,  39599,  14680,  34719,  76924,
        28285,  97602]), array([ 26937,  74741, 130424,  24532, 123838, 118385, 136667, 148186,
       131769,  89505,  73151, 135092, 121668, 112345,  52561,  94920,
        71311,  83216, 144015, 112368,  35367,  95809,  41721,  64916,
        57164,  77966, 139197, 148285, 141391,  12952, 147731,  29902,
        76457, 102436,  73837,  31816, 118047,  46021, 121334,  27947,
       132501, 153231,  88480,   9198, 108515,  74302,    263, 149391,
         7414, 117002,  37736,  29737, 124418,  38564,  98615,  96579,
        15206, 140926,  82989,  45955,   6121,  73879,  33791,  32358,
       129995,  72158, 112617,  94355,  26846,  44427,  61602,   7886,
        15642,  11793, 127826,   7056,  96078,  94145,  13081,  98494,
        42647,  59305, 147839, 151413, 122572,   6544, 128370,  53258,
        75193, 136643, 138322,  65906, 146823,  88018,  34562,  72061,
        40760, 131807,  50255, 145947, 137024,  86790, 112969,  99462,
        87214, 107854,  97354,  82525, 126562,  58397, 105808, 138815,
        79332,  44028,  55047, 146138,  14866,  35325,  32208, 149746,
        98244, 140071,   4018,  10737, 106060,  73569,  34923, 148875,
        91650,   5406,  85791,  61165, 149808, 136768, 128707,  97086,
        13025,  89929, 145132,   9035, 129327,  56336,  67802,  64854,
        32305,  17317,  54095,  67444, 118749,  67309, 149317,  53917,
       118618,  28924,  20482,   5994,  78792, 124391,  99285,   7887,
       145379, 131813, 138589,  62055,  30911, 137109, 109072,  58942,
        47615, 147054,  30984,  87300, 133055, 100960,  95087,   3907,
       137400]), array([ 67576,  58175, 144801, 129902, 123964, 150291, 140353, 136600,
         2707,  83693, 128296,  58249, 120668,  15521, 117958, 123547,
        60423, 114075, 100922,  16544, 114354,  71949, 125936, 141964,
         5135, 108224,  22215,  42843,  26716,  95969, 137291,  27793,
        24048,  16804,  22272, 128252,  71000,   1711,  29297, 129903,
         3564,  11213,  11341, 133509, 139181,  85487,  96823,  54209,
        81296,  19832, 133324,  68204, 148813,  76798,  28257,  81033,
       108067, 122105,  89298,   1656,  93816,  47784,  97551,  51660,
        15891, 134629,  46988,  97904, 109723, 115974, 136400,  40362,
        41806,  70700, 138398,  47175, 129726,  57466,  35201, 109556,
          740,  69870,  10444,  84579,  43024,  85422,  19912,  52609,
       101937,  96650,  56965,   8828, 104453,  25520,   9754, 148225,
        35497,  14174,   8675,  65514,  40469,  56281, 119907,  29343,
       100387, 116150,  60461, 110358,  41668,  94842,   9121,  23019,
         1242, 122191,  19155,   2722, 127997,  78243, 145036,  54760,
         4960, 110390,  59524, 122397, 110029,  79149,  59688,  91180,
        56126, 149408, 151816,  35268, 100820,  50869,  99094,  63611,
        59249,  55892, 150871, 136295,  83897,  13750,  74218,  78064,
        59209, 113007,  70870,  57973,  27908, 102971,  69304,  71922,
        21976,  54139,  35508,  94113,  76989,  22247, 117785,   3365,
        62995,  85205,  17945,  84562,  27583, 146438,   4944,  67320,
        38897,  50392,  28015, 126980,  59961,  59981,  80725, 105861,
        93713, 104312,  96258]), array([120018, 151156,  41445,  64555,   6923,  82249,  76430,  72760,
         5290,  38412, 104846,  55030, 123132, 134628,  82106,  98727,
        54707,  49033,   1263,  37641, 124805, 125642, 114906, 108732,
        60122, 147311,  99312,  77633,  58404, 102180, 114863,  36340,
       117891, 153757,  22717,  94839,  90901,  89780, 152800, 135427,
       118746,  46171,  79172,  49656,  98602, 146092, 117425, 113203,
        43061,  25870,  42530,  53472,  97534, 151128, 123723, 153514,
        58695, 126284,  49960,  61489, 111888,  26218,  21807, 108380,
       114922,  92758,  63121,  74766,  51481,  83960,   4251,  10135,
        79141, 135316,   9666,  84174,  81448, 108795, 107674,  27148,
       137364, 152024,  66735, 103338,  92908, 110289,  27632,   3469,
        88101,  51747, 116975,  38708, 100981, 134109,  47903, 143591,
       116028,  39258, 111267, 123241,  68579, 102189, 139845, 114093,
        19265,  33343,  57501,  38549,  93494,   2948,  68031,  87183,
        51532,  61070, 131455,  77329,  66276, 113960, 123850,   7578,
        45559,  88906,  35221, 114235, 146733, 143288,  97566, 133575,
         7449,  97769,  61351,  79109, 151554,  79090,  67810, 104936,
       109280,  70860,  64349, 141709,  23752,  31889, 114090,  35133,
       119206, 123562,  69745,  42743,   6813,  51978, 146094, 113276,
        86192,  75469, 133216,  44683,  62840, 146186,  82384, 111997,
        79999,  79780,  62493,  28331,  58287, 126648,  16019, 141210,
       150364, 142957, 146087,  51792,  30265,  85476, 131262,   2593,
       119189,  62606,  37857, 135704,  88079, 104639,  73136,  45853,
         2885,   4001,  55236,  26275,  33247, 113611,  62450,  54975,
        60177, 115836, 116847, 142758,  60121,  40303, 118894,  42906,
       108410,  68699,     32,  37319,  40750, 106593,  93624,  22203,
       135638, 103159]), array([  1246,  13833,  18702, 104049,  97675, 152559,  81482,  47768,
       127398, 117218,  45117,  73873,  42084,  13986,  56180,  32731,
       114469,  29648,  30268,  32150,  64081,  92248, 117027,  50917,
        24055, 122390, 145933,  92833,   3992,  36113,  15219, 120417,
        56309, 125380,  57718,    243, 110397,  50115,  97828,  88626,
        11403, 115996,  84773,  52160,  79083,  58348,  54442,  49441,
       123504,    923,  86303,    367,  82968,  19651,  92295, 129033,
        76174,  97380,  19518, 151814, 104493,  75646,  93519,  19455,
        25188,  48002, 143329, 104294, 116804, 102896,  12795,  15825,
        14219, 129083, 150473,  74288,  15886,  18602, 105764,   2196,
        39932, 130353,  83841,      6,   6294,  60915,  21704,  98200,
        54899,  53082,  55609,  12630, 129380,  98824,  60254, 121953,
       123091,  36700,  16148, 145883, 109224, 118815,  63962,  52776,
        19112,  72754, 110703,  76824,  66555,  56863,  42750, 151041,
       119913,  14418, 150337, 150696,   6153, 150900,  40005,  92178,
        23855,  93671, 129703,  13839,  75580,   3201,  23550,  51102,
        29603,  45871, 118265,  51690,  74109, 130857,  32843,  42726,
        59242,  44413, 149584,  13235, 136195,   6144,  10476,  31935,
       122682, 139774,  18635,  99788,  50767,  86369,   4711, 108518,
        69928, 144097, 120162, 117845,  81507,  81386, 142768, 109844,
       101621,  51671,  33602,  66394,  37965,  61576, 107432,  51503,
       109075, 100495, 115828, 104922, 120038, 102996, 141881,  97851,
        58760,  75812, 141682,  48419,  64108,  61120,  77051,  47091,
        42327,  52596, 124127, 149068, 112275,   2365,  28194,  55526,
        54243, 120946,  14826,  67075,  39918, 103312,   4142,  10040,
       148338, 102565, 144999,   2327, 134006,   1319,  65607,  57544,
       144276, 147089]), array([131943,  97878,  28602, 147035,  77991,  91187,  37610,  88099,
        91575, 103113,  22647,  82155,  92319,  44235, 126377,  27263,
       153070,  88582, 129147,  52853,  59746,  56619,  98061,   4897,
        49789, 106575,  67036,  10751, 129890,  14216,  59013, 103635,
       101295,  94993, 137162,  26353, 111448, 100482, 139810,  74414,
        44080,  63215, 130937,  81092, 108739,   3632, 122340, 136679,
        60163, 143229, 141433,   3547,  58893,  54374,  44145, 109169,
        93354, 119408,  81997,   8169, 140028,  61453,   8164, 112006,
       108344, 131065,  64700,  70658,  86881,  72484, 133529,  42961,
        51860,  87324, 108402,  49739,  55607, 146961, 107572,  58905,
        36863,  17448,  79945, 144817, 122387, 100017, 139931, 117399,
       102429,  11225, 111795,  24882,  12826, 151467,   7858, 146652,
        66225, 132615,  10583,  82558,  85170, 137969, 116672,  40105,
       121980,  25128,  99096,  54634, 125349, 136266,  43707,  67951,
        42719,  30685,  50931,  94723, 114326,  32880, 134591,  84009,
       138846, 144254, 135911, 124111,  30736,  16827,  55398,  21276,
       153553,  96546, 111052, 140263,  37317, 123331,  83760, 145249,
       137773, 110630, 149483,  27926, 126390, 139798,   5531, 123334,
       150147,  42899,  82993, 123081, 120688,  93038,  50794, 113707,
        76710,  95224,  99786,  95407,  88237,  62883,  62325, 119010,
       117356, 110064, 153706,  97772, 117676,  41485, 112171,  61383,
       124887,  16211,  55367,  74659,  70256,  64948, 148842,  63643,
       118274, 129280,  75696,  21336,  50564,  91668, 111760,  10642,
        97780, 113301,  19833,  56849,  73195,  35679,  53261, 131682,
        23224, 111322, 134804,  25130,  87330, 133979, 102376, 143264,
        24446,  16160, 119692, 101575,  43260, 141171, 125453,  44234,
       133211, 120878,  46971,   2681]), array([ 50727, 148024,  65853, 137920, 148569,  62762,  32775, 120475,
         4036,  47334,  63631,  82567,  11149,  70443,  22716, 106736,
        67005,  91215,  91920, 132971, 125975,  71397,  90868,  56370,
        57825,  12104, 121727,  31770, 140578, 105113,  99331, 112047,
        45460,  77469,  87328,  87611,  85623,  58173,  15192,  15856,
       144695, 126381,  75904, 126923,  86166, 122099, 147325,  88364,
        51492,  14041,   1247,  54620, 125348,  46556, 149106,   1129,
       109837, 127491, 140319, 138030,  18336,   9415,  61643,  84146,
        68439, 104927,  87440,  27373,  18441,  10428,  78066, 134656,
        55155,  58449, 100306,  19774, 128494,  76612, 124357,  70038,
        26251,  67087,  41832,   5679, 133021,  13238,  10183,  96547,
       148932,  25329,  80113, 110701, 141555,   8150, 122834, 148638,
       145478,  21516, 117896,  92638, 106381, 143903,  35440, 104614,
        20170,  69673,  46838, 112921,  23956,  21589, 133908, 132319,
       152302,  73013,  37209, 140462,  45294,   6537, 131182,  46256,
       128338,  50722,  88776, 142147,  84578,    667,   8464, 144510,
       148196, 150819,  47749,  30487, 139144, 135647,  12812,  67769,
        73854,  45865, 142156,  16029,  82140, 130397, 109670,  67114,
       116246,  57705,  14684,  64470, 127946,   3438, 115517,  13740,
        17420,  32110,  67821,    563, 145792,  27919,  27808,  51679,
       114781,  10710,  32389,  11181,  53105,  81849,  44506, 147888,
       150514,  25039,  56876, 127392,  95105,  58776, 131093,  55830,
        64711,  70221,  43357,  65497,  41803,   9834,  78668, 131002,
        50491,  46029,  88374,  63825,  71149,  95342,  65105,  33870,
        27358,  87252, 110241,  19672,  27147,  88835,   5639,  17522,
        75486,    299, 138394,  82167,  24723, 137157,  68019,  75402,
        49217,  32477,  87372, 151989,  56566]), array([ 24352,  39811, 132406, 110355, 137709,   1527, 117021,  26532,
        56049, 152122, 151566,  65491,  33667,  34752,  21520,  35486,
        89911, 112798, 122635, 112642, 123408,  35936,  90889,  89731,
       112191, 146510, 121621, 107227,  78325,  35210, 123291,  28649,
       122381,  20532,  24286,  66040,  51459,  92152, 144611, 145640,
       126305,   2512,  97752,  86920,  80184,  21701,  21942, 126583,
        42225,    781, 106828, 116400,  37860,  97412, 151184,  97771,
         2437,   1973,  15177,  43574,  65356,  94022,  30713, 141898,
       122748, 113410,  30936, 105114,  44704,  41954,  77349, 132039,
        57706,   9500, 144912,   1149, 108310, 100688,  63430,  96574,
        47214,  36358,  65483, 147444,  57643,  21047,  32119,  88369,
       106574,  18313,  41987,  50328, 115920,  98621,  56814,  31626,
        45777,  24447, 121364,  88553,  53414,  41421,  86305, 124510,
        20863,  87443,  61426,  92393, 105638,   2830, 131012,  94069,
        85013,  88658,   6070, 109166, 134977,  85081,  85126, 152404,
        79476,  17064,  48527,  12456, 144764,  80958, 115467, 108337,
        75942,  90644,  88787,  14443,  80949, 130298,  88133, 143337,
       112077,  67690,  14153,  72128,  71708,  67043,  31497, 134933,
       108530, 121295, 121726,   3527, 137789,  97439,  36998,  74794,
       141897, 102476,  11723,  13104,  42760,  78059, 101047,    475,
         4084,  76507,  87733,  10749,  60655,   8159,  22057, 152534,
         8844,  52595, 123249,   8152,  60247,  66348,  97233, 124477,
        69965,  27473, 107536,  23586, 127817,  46388,  94389, 141364,
        60807,  50512,  39400, 115672, 119295, 114215,  11415,  39458,
       143743,  11463, 118444, 153537, 153053,  82864,   2120,  57704,
        25896, 149972, 122986,  50908,  91192,  27282,  15528,  32973,
       146898, 102724,   4222,  94087,  95609, 124268]), array([ 91023, 119346,  40492,  89904,  65899,   1491,  51594,  27382,
        54576,  10647,  95620,  82871,  83476, 107499, 104621,  50752,
         2781,  59956,  75286,  16865,  49749, 104427,  53032,  18041,
        49390,    304,  78229,  46349,  11063, 111255,   8994,  81071,
        85729,  43123,  45147,  90928,  84264,  70439,   9597,  35944,
       103499,  49944, 153574,  58575, 133904, 130290, 150336, 145030,
        24224,  86519, 115797,  19561, 123419,  54702, 117810, 130724,
        77297, 116961,  13620,  93113, 109299,  26931, 115028,  93822,
        91608,   8404, 126438,  62112, 119745,  55577,  79015,  19387,
        84515, 145068,  74666,  22122,  22726,  62039,   7588, 105315,
        21896, 131461,  58023,  30252, 112951,  80391,  95887, 144854,
        57233, 135258,  64419, 124037, 152280,  16492, 122608,  42731,
        74637, 126458, 148151,  10693,  56854,  33188,  98525,  73885,
        32746,  48535,  73450,  35369,  28878, 132393, 153390,  22992,
        96717,  46645,  32541,  32062,  96752, 153567,  15093,  19614,
       147092,  43282, 114640,  66625,  55889, 149427,  76461, 102941,
        71623,  91627, 144471, 101708, 104272,  12779,  25416,   2843,
        65086, 110702,  83285,  25239,  18429,     79,  95871,  63807,
        24760,  51923, 132206, 148867, 113831, 127594, 143645,  10508,
        44860,  53530,  81139,   1794, 109346,  55080,  50531, 131980,
        59861, 153129,  19529,  15468,  45725,  24861,  76113,  94363,
        87025,  43907, 126777, 136454,  78599,   5298,  58775, 122549,
         9842, 127154,  78437,  34235, 119309,  22457, 120574,  49973,
        32920,  75763,  41698, 142257, 134857,   1261, 127868, 134509,
        67378, 110288, 146128,  77535, 114516,   1881,  31227,  59155,
        70862, 109249,  51853, 108755, 115132,  20834,  10030,  67000,
       135913,  36619, 133450,    756,  46182, 142857,  60603, 133821]), array([114061, 129074,  15024, 120098,  29616,  80075, 113157, 100876,
        10995,  90597, 106510, 133720,  79959,  15349, 132513,  12273,
        91635,  48783,  23811,  30422,  89626, 116976,  72092, 147144,
        76031,  90512, 133197,  98309,  91078, 140230,  48707, 107400,
        33370,  45770,  58694, 148536, 142154, 108614,  88523,  53377,
       153133,  67431, 142397,  36504,  32660, 119464,  32548,  83613,
        11865,  96611,  86620,  93424,    814,  90417,  65661,  87143,
        92240,  43872,  60804,  74570,  87275, 130905,  30319, 108909,
       141503,  46348,   7689, 140956, 136373,  42911, 102839,  79645,
       108610, 140955,  81078,  71762, 100367,  14503,  73467,  62192,
         2653,  54407, 100645,  55696, 103931,  81871,  75842,  47276,
       145715,  30407,  86182,   1200,  86032,  26290,   8715,  54185,
       116990,  81035, 121284,   3966, 129659,  48234,  96175, 121627,
       126908, 111395,  24306,    952,  35403,  11799, 146493,  17854,
       139089,  49878,   8485,   9552,  15280, 117787,  11499, 116674,
        95757, 150258,  31278,  56148,  37968,  80025,  12673,  85704,
         9142,  22009, 135277, 113494,  12272, 100815,  46121,  29349,
       130304,  68408, 119967, 125774,  66736, 148119,   3314,  66997,
       153641,  51328, 126299, 112640,  23406,  28262, 120435, 151034,
        64671, 147142, 147494,  63985,  39228,  72525,  62245,  99072,
        16618, 136020,   9119,  18194, 114579, 140109,  99507, 116737,
        76028,   5029,  79607,  75426, 119976,  45130,  38906,  62730,
        67794,  35254,  23642,   3834,  79674, 124857,  19173,  94332,
        28129,  25972, 126600,  85011,  41497, 151484,  94327,   5686,
        11536,  60149, 121398, 112989,  90093,  46396,   4505,  25705,
       106735,  26099,  35134, 116223,   5493,  53348, 146309,  45023,
        48978, 144435,  52918, 152732,  45192,  28286, 117440,  19171,
       116489, 131972,  45599,  54206, 146712,  21088,  36698,  18165,
       119675,  30172,  40117,  73068,  58605, 151592,  94405,  46776,
       113535,  80519, 112649]), array([ 77823,  92553,   4188,  93717,  89082, 104279, 135360,  58922,
       132936,  75204, 101095,  68452, 119495, 123876,  33891, 122938,
         8361, 111964,  41281,  31747, 126329,   3147,  85125, 150843,
         3367,  31503,  81564,  31879, 117864, 137517, 140936,  78582,
        69238,  48441,  96535,  13113,  56879,  49926,  33577,  21292,
         1730, 120027,  23902, 135787,  74385, 118253,  17112, 107275,
        46685,   4496,   6058,  73158,  65832,   8074, 105306,  95899,
       130122, 142339, 136102,   9487,  15582,   9298, 123981, 128337,
        76235, 132172, 148836,  26791, 140624,  50242, 134256,  86940,
        26628,  38635,  94102,   5073,  76130,  39206, 113110,  29473,
        81558, 104583,  21756, 124754, 118515,  55524, 141971, 111283,
        79556,  88195,  99484,  63472, 128246, 140972, 149489,  66275,
       135239,  61164,  85796,  92925,  77064, 107739, 101059,   6768,
         4915,  19584,  46506,  95472,  56408,  51118,    865,  64090,
        42048, 145078, 117821,  49619, 102127,  16912,  97258,  24922,
         7867,  16620,  93421,  86266, 135424,   2868, 127172,  33385,
        28080, 102012,  10498,  73597,  93458,  83276,  63648,  35644,
        41446,  16874,   6779,  75016, 142899,  80761, 104225,  28713,
       135549, 112669, 131179, 110902,  96089,  53401, 105118,  81320,
        57696,  25253,  32600,  23928,  76143,  90051, 114682,  15791,
        87332, 108278,  89600, 141815,  99509, 124454, 102293,  92752,
        58390,  71051,   5937,  84262, 122953,  42941,  14609, 105728,
         9492,   1593,  97260,  72753,  52381,  43514, 101108,   9046,
       148566,  29805,  62218, 143190,  56458,  99113,  88783, 123675,
        48620,  23804,  51958,  56374, 132819,  41127, 120153,  13345,
       121020, 121135, 140281,  63695, 153101, 123232, 120309, 150912,
        14941,  99354,   9036,  80923,  68795,  84425,  84295, 104780,
        67220, 105196, 122085, 147198,  54505,  30597,  85408,  96299,
       118617, 127961,  50019,  60863,  85021, 126010,  15190,  91505,
         3381,  66345, 129972, 101274,  92947,  87928,  61275,  30046,
       104283,  24906]), array([ 62477,  95463, 136846,  32892,  45866, 129680,  82084, 119118,
        21048,  56060,  69759, 152077,  64399,   8685,  54551, 131136,
       105740,  39810,  47681, 146199,  20098,  53527,   4774,  73020,
       129474,  22326, 134170,  82501,   9954,  25771, 103929,   9613,
        67070,  17644,  40837,  61921,  97547, 118510,   7302,  93795,
        52378,  53847,  93039, 100639, 144792,  66763,  49657,  39327,
        30092, 121607,  98949,  32608, 119302, 141966, 105062, 114480,
        48034,  88489,   2023, 147756,  22928,  59026,  74699,    128,
       127671, 143996, 108689,  66342,  92309,  32934, 102186, 114021,
         1315,  66442,  23918,  28779,  81974,  11188, 127725,  27527,
       105020,  79072,  85738, 153559,  62070,  49957,  16856,  71445,
        76280,  11208,  28700,   7357, 136406,  80820, 122264,  89985,
        90632, 145101, 149608,  16401,  74051, 112231,    474,   5297,
        39371,  12755,  58335,  79417,  83190,  74787, 109675,  96646,
        18100,  52837, 149468,   2825,  18899,  18551,  80611,  70225,
        19181,  98363, 124914,  91620, 143665, 149124, 132864, 141322,
        20808,  89448,  21898, 141688,  80840,  30855, 121547,  38919,
       138070, 121648, 103543, 141889,  80166,  67780, 128579, 129664,
       134149,  29799, 128926,  12027,  19831,  82046, 106429,  10700,
       113032, 125651, 132682, 103121, 113598,  71539,  81374, 132333,
       146656,  34245,  24580, 101960,  23138,  88748,   9692, 110372,
       134530, 119462, 106614,  24488, 152461,  15609,  36351,  80472,
        80148,  84999, 110954,  77476,  54377, 152907,  88603, 117200,
        25238, 129999,  50960, 148630,  79278, 133829, 101609,   1196,
        89797, 110426, 109288,  57968, 133921,  92219,  78740,  67137,
       113721,  73374, 112520, 118089,  55735, 114263,  82061,  70876,
        45308, 140873,   9346,  53471,  46009, 126105, 121179,  49155,
       128717, 126435, 109050,  72179, 146444, 122706, 122526,  61886,
        83935,  44737,  78770,  66512,  57522, 138467,  18319,  48095,
        21894, 139489,  21186,  23781,  26338,  48594,  40519,  68856,
         7956,  67591,   1400,  52488,  66161]), array([ 12481, 144531,  19701,  59606,  49643,  22106, 113053,  50086,
        53195,  56750, 116295,  71622, 148846,  47225, 122934, 102016,
       100904, 136999,   9542,  46386, 125726, 129174, 145128, 133206,
        45233,  87855, 111917,  63432, 122861,  23916, 118402,  26589,
        98554, 105187, 114756, 145572,  47336, 107083,  63788, 126989,
        79536,  35346, 103485, 100200,  53877,  84298, 110507,  94165,
        74155,  12355,  41594,  12165, 111175,  66018,  56327, 137317,
        99575,  94237, 138778,  27929,  56799,  94298,  56693,  87927,
        68009,  90822,  47366, 143817,  74790,  55890, 105381,  77511,
        45936,  75744, 148097, 122784,  51325, 113942,  29994,  84090,
       146202, 103946,  64458, 139376,  63910, 132495, 123021,  64801,
       101880,  53557, 143318, 116986,  67474,  10701,  75795,  88571,
        92192, 113005, 148824,  96179,   4836,  35271, 101903,  54790,
       119398, 118616,  92474,   5565,  88526,  70496,  49581,  72003,
       100161,  90465,  36570,    293, 145304, 129248,  98994, 103627,
        98930,  27963,   3203,  98217,  87219, 138090,  75066, 119243,
       145615,  85960,  54488,  88997, 122322,   1949,  40704,   4239,
       103830,  70528,  31365,  71482, 145298,  44086,  34291,  71496,
       117577,  98724, 103056,  56557,  15845,   6765,  72115,  90790,
       121966,   8812, 129199,  57798,  12089, 117881,  84906, 125882,
        74351,  18381,  27967, 108386, 113774, 117969,  25032,  29673,
       101133,  39082, 128135, 113239,   2096, 102498, 121549,   1365,
       152987, 122545,  68608,  91092,  74438,  35913,  25744, 143684,
        23500,  87707,  72965, 131076, 126372,  42293,  35399,   1785,
         8496, 144829,  61016, 147961,  96061,  86045, 111894, 100131,
        44900,  47494,  11739,  89905, 117742,  41383,  77165,  68570,
        11755, 132351,  29677, 113654, 146143,  91345,  12030,  75909,
        82109, 136267,  85774, 151801,  19607,  84270, 110793,  72816,
       110566,  11769, 149026,    767,  94946, 130482, 112808,  47279,
        73368,  67964, 133066, 114442,  14450, 136647,  86818, 120643,
        95949,  15817, 109769,  83066,  77433, 151907, 117300,   3706,
        42150, 148831]), array([139760,  75479,  87074,  91562,  85499,  55235,    790, 112978,
       123336, 133660,   8785, 143231,  82260, 113036,  68004, 121782,
       142209, 127351,  93993, 145649,  89054, 150824, 148034, 146192,
        41833,  99119,  12913,  41985, 153455,  96262,  40972,  20487,
       124834,  89883, 151360,  28040,   9668, 134096, 150653,  74333,
        56538,  31971,  74965,  13157,  53702, 134772,  74580, 147424,
         1741,   3586, 129490, 117466, 103715,  59344, 140254,  75513,
        42779,  70884,  60621, 117361,  59505,  86835,  85333, 119026,
        67540,   2310,  11583,  76464,  44468,  46897,  50425,  29495,
       144292, 118669,  68839,  22443,  14728,  72112,  71381, 145645,
       147368,  24124,   6817,  38465, 107309,  35591,  82584, 135319,
        55044,   8046, 116206,  69059, 117913,  79038,  87652,  64728,
        75800,  40094,  23605,  76349,  81273,  56511, 133577,  14660,
        19225,  75348, 152037,  42490,  18242,  60404,  80046,  14590,
        86222,  50821, 109957,  99948,  46640,  82328,   3063,  77160,
        31012,  61271, 134916, 109327,  30192,  37084, 138012, 100434,
       104708, 118805,  93886,  69890, 122816, 131544, 153813, 120255,
       151190,  80262, 144747, 129459,  79387, 153871,  80726,  91642,
       106112,  79683,  27266,  44785,  61876,  38589, 104339, 148609,
        96583, 125781,  75417,  18090, 141537,  36531, 140928,  69600,
       136301,  61935, 130354, 105956, 117658,  86346,  45716, 125997,
         7125,  54582, 150167,  34614,  14492,  16720,  23153,  38691,
        22413,  83881,  55809,  13156,  76760, 126797,  35132,  76181,
       140822, 120910, 129333, 120089,  20827,  14834,  57037,  64571,
       142113, 112781,  80299, 146171, 147055,  60942,  47721, 135804,
        19617,  58128,  97909, 106761,  78639,  98674,  62090,   1556,
        62582,  52687, 135870, 139884, 137444,   4484,  21703,   8109,
       121631,  15958,  46138,  14082,  14805,   6138,  40987,  86187,
       148758,  29521,  11899, 139775,  66202,   6202, 109522, 104305,
       105650,   2266, 105899,  85918,  69802,  59467,  62887,  55419,
         8826, 153091, 130442, 142653,  35546,  63933,  61865,  66769,
        12517,  26246,  38106,   9790,    746]), array([ 79088,  16568,  80658,  71656, 103809, 139021,  75258,  92634,
        37203,  18896,    237, 102705, 118014,   2166,  90103, 127849,
        79127,  51265, 100964,  45683,  52985,  46541, 108125,   7479,
        59531,  17820,  37788,    603,  21586,  60626,  98736, 114164,
        29840, 124662,  54973,  56269, 113784,  32163, 146671,  75581,
       146792, 153307, 142607, 105008,  65919,  32039,  60821, 109329,
        52529, 134199,   1726,  17110,  32073, 130915,  23789,  27041,
       136669,  98533,  29018,  93528,  46207,  29404,  35214,   2891,
        81736,  31797,  16375,  89561, 132721,  43536, 121825,  79557,
        37181,  15602, 107925, 108856,   5540,  75869, 151009,  72848,
        13261,   8597,   1833, 100771,  93035, 153922,  90917,  50999,
         2542, 126486,  96393,  98688, 148704,  63456,  92609, 120093,
        90242,  11684,  31595, 110206,  10369,  90798, 132376, 126818,
       136145, 111896,  42666,  78859,  34934, 128976,  89477, 128805,
       101664,  15965,   2785,  59342,  73522,  52428, 128676,  92100,
       122062, 144111,  13287,  65881,  30228, 132485, 137396,  92375,
        53713,  56487,  83766,  93449, 101132,  40171,  69104, 110161,
       104268, 131011,   1051,  92364, 114372,  12533,  88015,  55589,
       144187, 144959, 108121,  20194,  76586,  10982,   3861,  85324,
       124133,  33722,  66074, 118963, 147007, 129250,  51985,   9610,
        83700, 122894,  23323, 105542, 110100,  84261, 144790, 115026,
       102794,  96217, 149583, 104752, 153525,   3720, 116273,  91762,
        72581,  56083,  61861,  61752, 108079,   8142,  36502,  83007,
        20240, 101250,  14931, 113161, 135348,  41982,  10439,  18811,
        20640,  21123, 101647,  67721, 131375,  81543,  12278,  62654,
        64928,  35245,  49806,  55072, 140672, 127503, 108646,  55981,
        84353,  10951, 113841,  39336,  31453, 111479,  34434,  12090,
        74419, 141404, 147871,   1281,  56400,  26873,  39102, 122259,
        41103,  90097, 120925, 134290,  51961, 151854, 103289,  17164,
       114962,  67232, 131479, 147018,  53033, 128180,  49267, 130794,
        93878, 143867,  23756,   3328,  91500,  97553,  91217, 127496,
        84514,  35547, 147124,  93585, 138687]), array([ 13161,  82755,  25727,  35983,   3550, 144241, 149251,  28310,
        91110,  66393, 144488,  64720,  24858, 127035,   7132, 128397,
       125831, 111406,  52686, 152002,  54342,  14694,  69728,  55925,
        77460,  15660,  72167,   1662, 139509,  77582,  63269,  45149,
        18282, 120312,  64915, 137131,  26909,  35830, 143408,  15834,
       133652,  12214,  15279,   1498,  17852,  80493,  76428,  44191,
        91172,  66031, 127675,  54393,  17113,  25876, 144890,  90320,
        65316,  39141,  66388,  85808,  75477, 113179,   5862,  14820,
        71828, 128732, 119909, 101690,  69249,  89903,  67826, 145105,
        93776,  59025,   5123, 152296, 150580,  64190,   1333,  90976,
       146181, 109641,  21557, 148513,  64355,  56052,  51149, 101856,
        97294,  53410, 145000,  70187,  17739,  91201,  99700,  87506,
       140096,   8256,  49140,  74006,  82639, 113950,  31753, 126244,
       135777, 110850,  59430,  46865, 124490,  46390,  64625,  50560,
         2081,  98075, 109575,  75558,  58490,   2965,  79324,  84173,
         1694, 143148,   1506,  16741,   7526,  99617,  32202,  35736,
       153732,  70486, 100790,  49391, 126083,  66256, 121900, 121012,
         2928,  53553,  66853,  85501, 106534,  57692,   6061,  24825,
        43323,  79937,   5117, 115627,  37107,  76354,  18845,  47197,
       141372, 130531,  38950,  24813,  55301,  17352,  33072, 110875,
        58796, 130835, 144181,   3467, 141650,  58383,  37746,  81905,
        84714,   8168,  22671,  83394, 125631,  70745,  55337,  99111,
        38440,   5034,  64751,  46329,  34566,  46236, 149790,  96705,
        31686, 118137,  14408,  56376, 141566, 128199,  87115, 140787,
       129263,  95656,  66117,  47554, 135481,  61567, 126200,  46601,
        15220,  35338,  59416,  23123, 137369,  79983,  97199,  99355,
       103341,  95016, 107189,  24641,  36310,   8593, 147708,  71086,
       148555, 124753,   2058, 111424, 148038,  59781, 145144,  40053,
        13749, 141332,  10664,  92576,  41955,  28410, 132527,  51117,
        12604,   8021,   2903,  45029, 120936,  12172,  45067,  36754,
        20254,  67259,  34850,  56927,  24130, 113419,  49401,   1609,
        50696, 127685,  77466, 122616, 107885, 141037,   1143,  72812,
        84716, 106267, 125442, 122598, 123335,  39307, 131662,  78884,
        10035,  93787,  19044, 129896,  13127, 138999, 140563,  77255,
        31261, 124783,  36342,   6716,  39650,  56782, 125089,  86181,
         7904, 111570, 119487,  76528, 141835,  38460,  48811,  10514,
       121480]), array([  9166,  35305,  44442,  48164,  64695,  30385, 147565, 122236,
       113653, 128589,  54814,  37216, 129543, 151300, 121275, 111457,
       111405,  41652,  49167,  52179,  42281, 117725,  88368,  18874,
       102985,  40761,  33488, 120201,  29541, 114376,  48253,   1805,
       129402,  26491,  81731,  45369,  19544, 132591, 126126,  27943,
        20336, 151711,  98670,  72802, 123825,  90595,  36520,  68868,
        14207,   4961,  29776, 142152,  35103,   9235,  26691,  58077,
        26395,  59634,  74551,  54141,   4537,  35765,  87314,  61789,
       103402,  89807,  37638, 145425, 143487,  19859,  98538, 139102,
        26286,  30572,  21647, 125409,  83868,  69278,  86721, 135351,
        33835, 118390, 118583,  12898,  89108,  98717, 128931,  97210,
        26997,  91956,  33498,  78537,  38499,  67526, 125154, 115444,
       116747, 120113, 143973,  79560,  20511,  79392,  85544, 100154,
        34419, 106802,  46022, 127371, 150730, 103666, 104060, 147938,
        19199, 107077,   9995, 115393, 126956,  31845, 126167, 122034,
       148341,  60927,  17881,  42181, 130287,  33852,   2529,  20709,
        23398,  78001,  84445, 120016,  16678,   1409,  65119,  80781,
       139852,   1118, 127919, 137176,  44169,  99896,  85652, 121161,
        37258,  15194, 103434,  91678, 145965, 152078,  31111, 126312,
       147637, 135261, 145831,  57316,  55291, 140690, 129437,  98942,
        20852,  76480,  87751, 112393,  14693, 125982, 122153,  89739,
        79711, 137540, 131730, 124165, 114219, 138377,  54326,  19082,
        80825, 123352,   1856, 110534, 142597,  81935,  52234, 139023,
       139942, 153480, 144936, 101676, 129296,   7391, 126597, 103064,
       151535, 118828,  73095,  80470,  22297,  72156, 116344,  54487,
       140760,  84335,  26484,  70519, 134657,  97514, 112342,  92822,
        46385, 139725,  56301,  36969,  19611,  94553, 145361, 122483,
       122912, 144903,  20654, 105355,  59929,  23135,  48375,  54979,
        84026,  21381, 115505,   3107, 142218,   2988,  64820,  52359,
         6480,  95287,    432, 134928, 145559, 140054,  36503,   1669,
       151739,  87590,  43795,  46250,  99310, 108876,  55991,  67102,
        87390, 115815,  92120, 121516,  56724,  40307, 102925,  56653,
         8847,  84886, 149010,  40729,  86483,  69298, 108114,  34807,
         7944,  79716,  11381, 138753,  49210,  47556,  88203,  66043,
       153846, 124295,   6691,  80335,  49446, 104567,  32905,  26332,
        84757, 137914, 113788,  63956,  16806, 135901,  97557,  48734,
        35191, 129016, 124273, 106975, 125106,  85685,  15132,    427,
        22932,   4643,  95368, 110086, 153445,   2140, 152014,   5652,
       146866, 125160]), array([ 68271,  68948,  63761, 133524,   2105, 118880,  71475,  79068,
       117655, 129098, 104084,  25190,  99208, 103551,  24999,  85847,
         3826,  10939, 129393,  34942, 109438,  24731,  83525, 117984,
        59751,  18199,  62727,  79861, 135574, 118753, 134948,  84324,
        94406,   6427,  58646,  25551,  12962,  25544,  45343, 130257,
        13427,  33970,   6913, 118369, 129952,  70554,  39137, 107844,
        65010,  73754, 125533,  49068, 133618,  43965, 143830, 103336,
        56662,  51435,  24579, 113768,  29218,  56472,  85336,  23291,
        29699,  42799,  48405, 149549, 120800,  93094,  96266,  16449,
       122809,  81042, 126614,  80420,  59042,  93231,  99648, 123407,
       133331, 116040,   1053,  66726, 108051, 152213,  61278,  40042,
       119805,  64082, 119574,  65008,  42383,   6660, 124260,  91439,
        48570, 108443, 113899,  96947,  79736, 135039, 131991,  15343,
       142303,  21131,  59392,  56257,  26803,  85430,  12160,  62472,
        67543,  94149,   9736, 150708,  76281,   6406,  46185,  89897,
       134545,  64506,   6482, 106383,  37660, 135934,  42044,  93666,
        57648,  10544,  30500, 127047, 143534, 112306,  19186,  69324,
       106891,  74378,  78024,  97340,  15449, 126849, 102334,  87715,
        43103, 135614,  76398,  56610, 144990, 128447, 108757,   7815,
       113231,  60477,  84118, 119479, 137565, 148440, 114773,  33380,
        11349, 146489,  15025,  64550,  35003,  43673, 145070,    368,
        11741,  46582,  69683,  94898, 131160,  35091,  70251,  64789,
       107912, 134080, 103174,  11519, 153323, 105947, 129970,  27746,
       126178, 100152, 133252,  62235,  15173,  89457,  91967, 138492,
        57479, 137469, 100785,  14639,  34629,  14449, 149560,  82467,
        90073, 138281,  88956,  79526,  41026, 105845, 128996, 100166,
        53300, 151705, 149035, 106810,  44987,  91450,  66566,  92320,
        93355,  56571,  71984, 153722, 121721, 112970, 135003,  67691,
        28278, 136098, 102140,  76844,  12866,  46994,  49650,  96628,
        20587,  65740,  47052, 131353, 145092, 147449,  32167,  16634,
        86231, 115801,  40688,  49861, 125215, 117797,  89500, 111253,
        20261, 146726, 112984,  68449,  53588, 137186,  22079,  45012,
        69415,  40737, 128255, 135648, 129057,  47975,  54031,  25982,
       109791,  90792,  23735,  67675, 107733,  94671,  25418,  25473,
       102935,  33919,  78628,  38021,  34945,  64508,  53016,  22489,
       123858,  97821,  74045, 132402,  25054, 142406,  23358,  77265,
        41649, 108846,  34519,  34406,  75057,  65895,  42304,  94569,
         2901,  85494,  54906,  50685,  72204, 137543, 150199,  51563,
       145959,  57330, 138432, 110016,  94070,   8620, 115682, 123737,
        48646,  99620,  49731,   8672, 105613, 131513, 140629,  43759,
        84973,  83823,  21031,  72136, 133937, 140562,  57899,  11379,
        89328,  53295, 106466, 143613,  48910,   7088,  82833,  25182,
        62258, 107646,  18292, 127319,  17611,  59763, 107543,  96696,
        32987,  17460,  65955, 106012,  45269,  91043,  86997,  40130,
       137874,  19548, 124063, 133772, 146178,   5935, 146981,  66271,
         1512,  22741, 120675, 119228,    811,  41263,  62858,  58912,
        96607,  14407,    146,  55468, 151761, 117657, 139669,  10810,
        67470,  66005, 138586,  63613,  60324,  86421,  91858,  39170,
        69837,  55311,  21138,  25357,  11720, 140181, 112015, 145184,
         5151,  11872,  11429,   2565,  16080,  32461, 132027,  10854,
         6866,   2751, 139267, 151681, 112548, 138088]), array([  3151,  53159,  74285,  12591,  45496, 103130,  16910,  22628,
       106235,  29384,   1996,  89799, 117337,  49291,  30366,  17272,
       117522,  91305,  89300, 148694,  61090,  83089,  41544,  20913,
       139261, 103740,  92270,  33700,  89480, 153810, 125561,  57433,
       126544,  47629, 148508,  89581,  80275,  54696, 141950,  83983,
       144025,  66658, 110382,   4134, 122056, 120460, 119859,  43573,
        50397, 136272, 125350, 146843, 105647,  78814,  37426,  19541,
        34225,  40213,  50109,   4302,  64763,  36572,  37035,  72831,
       132897,  43073,  66243,  78342,  40606, 100220,  44210,  62560,
        49637,  71977, 139604, 118195,  41379, 121083,  32351,  51252,
       141571, 105435, 122270, 153151,  68231, 119081,  62315, 113309,
       103287,   1916,  44976,  17537,  26424, 123556, 145097,  66597,
       121098,  18380,  87789,  96560,  83369,  12227,  55678,  39348,
        96020, 111339,  66725, 116080,  57784,   3136, 117012,  26361,
        10610,  20321, 144631, 120833, 153458,  25376, 116408, 135541,
        54720, 104772,  62497, 137903,  49850,   5721,   8646,  56505,
        99645,  72072,  47876,  95625,  30584, 116667,  83358,  25823,
         5715, 118707,  48511,  10453,  59816, 116907,   3135, 112952,
       119935,  61109, 101852,  20352, 100870,  56265,  56581,  34965,
        97075, 127731,  33427,  44365,  55782,  15575, 115115,  53554,
        18813,  67715, 147519,  18480, 144049, 137860, 104206,  36893,
       151335,  59163,  73346, 132154, 114684,  91571, 131884, 151795,
        66194,  29537, 103091, 105505,  83788, 142798,  61957,  11260,
           58,  65761,  37911, 107833, 139395, 132458,  67170,  68755,
       118113,  88954,  79071,  58586, 147138, 133270, 123950, 105452,
        40546,  46832,  64855,  93714, 108841,  94367, 131470,  70041,
       104898,  37405,  97409, 116591,  36695,  48351,   6179,  54001,
        44568, 138195, 113956, 116139,  19840,  85464,  83020, 140590,
       115236, 129180,  13960, 130808, 139790,  24275,  15544,  58596,
        23277,  38930,   2950,  69743, 122695,  32674,  35866,  66246,
        66287, 105328,  32871,   1037, 133536,  72062,  30087,  29742,
        40158,  95217, 130084,  11744, 152047,  48429, 104713,    973,
        48693, 104559,  85391,  42175,  58108,  94373, 108514, 124315,
       104842,  57582, 110897, 146759,  96700,  77387,  86004,  70681,
         3692, 126384, 130184, 100093, 146594, 111373,  74751, 140675,
       126249,  31900,  25637,  90452, 142791,  33663,  10676,  26112,
       130098,  73764, 133667,  44079,  95473,  42701, 116194,  45549,
        96735,  70987, 112983, 122260,  73065, 126853,  95395,  58103,
        34026,   7625, 145365,    329,  34626,  72499, 141726,  88290,
        34587, 129613,   4686,  96341, 152439, 100514, 124412,  95640,
        10534, 136908,  47141,  63964,  86335,  92469,  99267, 110024,
        34261,  53725,  18810,  98130,  13519, 108142, 124080, 118844,
        89519, 130206,  67562,  25987, 112187, 131558, 140714,   8406,
        86676,  95661,  40694, 122468,  83597,   2367, 151483, 108258,
       152618, 109163, 143331,  42972,  84397, 126916,  61207, 124655,
        30695,   6171,  73317, 108092,  64541,  58818,  88169, 110586,
        88881, 151881, 129268,  24222, 148133,  28701,  73939, 143954,
        83023, 124203,  50145, 152711,    500,  34594, 149652,  41506,
        15161,  65861, 111840, 135428,  96709, 127004,  78079,   7596,
        18768, 130176, 149296, 106986, 147350,  18045,  96048, 133262,
        22956, 127717,  81637,  62045,  13045,   7879, 145221,  33689,
       106731, 116542,   7535,  58500,  40223,  80664,  76309,  23368,
       128272, 133831,  47103, 111909,  74526, 142322, 104699,  93176,
       146144,  32291,  72056, 153710, 136061, 130160, 149452,  10381,
        12638,  57776,  73405, 144021,  17865,  38838, 145406, 118944,
        22547,  75167,   7436,  27751,  46839, 138273,  54293,  68567,
        14577,  54732,  56305, 140885,  74849, 137046, 126984,  78716,
       113349, 139986, 109980, 149781, 134128, 145903,  98220, 136188,
       108367, 152751, 124776,  10852,  78955,  73228,  47719,  89926,
        28658,  95214,  47064,  82014, 120252,    903, 152742,  62327,
       110369,  43558, 147580, 152788,  73631, 104219, 128400,  16040,
        80155,  83793, 128112,  31495, 138430,  51290, 129822,  40641,
        73781,  61652, 142196,  61714,  11091, 105656,  50261,   8268,
       105567,  74493,  91977, 127053,  56347,  99005,  11935,  34002,
        55768,  19234,  99213,  98466,  43095,  57658,  24455,  75488,
        55483,  86574,  93992, 131036, 148883,  60253,  83301,  97503,
        66824,  10893,  82760]), array([110587,  52728,  16762,  65860, 120687,   9644, 103018, 138172,
        53144,  24052,  36623, 141054,  92257,  72883, 143081, 105516,
       104546,  76100,  18442,  74096,  95443,  21833,  20650,  60894,
        67561,  95222, 143297,  67024,  11510,  24449, 133137,  21984,
        35942,  11474, 101818,  58393,  61612, 131968, 128539,  75271,
        41184,  92570, 109083, 111616, 136391,  42401,  67042,  79098,
       132358,  86225, 151477, 151717,  84099, 136687, 109210,  24988,
        26297, 147503,  74879,  51965, 136814,  38486,  34733,  19741,
       153170, 143892,  47780, 112821,  72345,  62228, 101058,  68572,
        19000, 117508, 112334, 123613, 133226, 115686,  55734, 118738,
       141608,  83586,  22997,   5149, 142967,  51743,  37143, 112059,
       142959,  35267,  77532,  15700, 120008, 122020,  58732,  95384,
        11328,  20122,  20393, 142451, 124689, 104483,  67436,  88339,
       138067,  22502, 106765, 111836,  33827, 103456,  23852, 137678,
        43182,  62640, 136678,  34197,  64498,   9829,  57419,  16055,
        88985, 110163,  78366,  97611,  91725,  62436,  12288,  26027,
        33000,  63237,   6828,  86666, 115507, 146502,  95923,   7929,
        24754,  18198, 134358, 121933,  19172, 115603,   4125,  65055,
        94411, 136968,  67226,   7918,  53612,  81367,  30877, 103454,
        15301,  58279,  85865, 143641,  82560,  29506, 115403, 142077,
        33243, 112376, 121493, 129565,  34890,   3968,  86512,  27816,
        87270, 144637,  25701, 129259,  41250,  41812,   8713,  78271,
       138949,   9973, 128967, 137588, 115422,  85070,  27810,  96908,
        25690,  61908,  68788,  52050, 152184, 120232,  25934, 152958,
        98454, 118860,  12091,  23621, 140834, 120602, 103794, 120920,
       120659, 129586, 141702,  39793,   1406,  42642,  50028,   8398,
         5317,  13937,  61465,  45231,  46084,  75268,  36318,  64494,
       136277,  22916,  75724,  19144, 110713,  69168,  98330, 115129,
       123523,  34431,  62547, 115872, 144412,  47489,  54809,  51841,
       147045,  59316, 112797,  51975,  55466,  84198, 134803,  57257,
       133673, 128150, 146201, 132309,  65053, 150252, 136892,  74300,
         1087, 144287, 100474,  64138,  77773, 147909,  61100,  96651,
        46658, 112700, 149279, 125737,  38892,  20689, 105390, 128944,
       116547, 113790,  65386,  70506,  97278, 118470,  37507,  82616,
        20607,  81141, 138777, 108195,  80370,  55289,  68512,  36052,
        72239, 102037,  62631, 124029,  86047, 113839,   2432,  51880,
       134143,    486,  20752,  11269,  24953,  75709,  98771,  74950,
        49904, 144461,  25502, 151111,  59297, 122787, 110787,  74838,
        61032,  78439,  93968, 105058,  96174,  87868,  56409,  84760,
       116196, 110585,  12397,  37981,  69587, 133613, 113106, 113138,
        34826,  27246,  81744,  51787,  92017,  35344,  14127,  62512,
        74290,   8547,  15047,  54339, 104102,  89264,  43735,  76369,
       153790,  80907,  99990,  15487,  84347,  88962,  83500, 126423,
       100417,  16842,  74574,  34303,  31724,  17984,   7980, 139548,
        21720,  27064, 116133, 120705,  43411, 139003, 125061,  79294,
        82658,  97040,  89130,  37024,  36974,    722, 150517,  14865,
       144200, 152610,  80010, 124885,  76570,   9312,  95023, 122278,
       137900,  44699,  66892,  63318,  53001, 143925, 148399,  23964,
       143893, 145212,  38702, 127058,  64963, 123783, 147499,  74022,
       103209, 124441,  87554,  43835, 141105, 115811, 112574,  11214,
       104684,  22679,  82300,  32261,  78448, 149932, 143006,  30248,
        35424,  17617,  52265,  81875,  17076,  70512, 107076,  21751,
       117353,  24016,  78693,  65668, 134923,  15713, 121274,  17197,
       138343, 101201, 135967, 122214,  42001,   3906, 119736,  39320,
        13001, 101478,  90598,  83176, 108064,  10292,  12548,  90746,
       104507, 110827, 138495, 110910,  23765, 145439,  32053, 103887,
       109841,  49876, 111614, 122625,    183,  30856,  55271,  97245,
         4449, 115013,  96975, 115991,  92268,  89982,  79616,  46260,
        59565,  81549, 150811,     92,  27300, 108547, 101392,  35425,
        58616,  49645,  16159,   3066, 117011, 121367,  83776,  66728,
       151892,  16277,  28600,  82329,  73171,  12500,  37308,  20377,
        26110, 121780, 153123,  52228, 107247,  65682,  45512,  66963,
        59388, 141284, 118853,  71058,  85864,  43050, 121617,   9400,
        22798,  25830,   9087,  49716, 119025, 117347, 136741,  50679,
       109622, 138386, 118001, 137447,  44120,  85389,  50932,   3152,
       150835,   4556, 139477, 122669,  35848, 107490,  99203,  94023,
       140852,  79946,  91943,  66320, 140369,  51559, 135581, 143908,
        47765,  87036,  26318,  12338,  54817,  44981, 111462, 138349,
       115927,  73359, 137558]), array([  7832,  65519, 146856,  20305,  87147,  71821,  12230,  93295,
        86607,  37814,   7821, 137313, 129877,  87549,  42312,  99163,
        86264,   4811, 147195,  78145,  36368,  43483, 146738, 151168,
        71167,  36303, 148370, 146941,  25378,  53488, 124972,  77344,
       137090,  12345,  26903,  18749,  41040,   6874, 128034, 127068,
        63734,  14416, 120091, 114422, 102057,  29654,   8870,  99466,
        79051,  27178, 149830,  91538,  71963, 110334, 125307,  51372,
        85388,  31639,  21721, 139360,  35238,  31231,  55675,  85987,
       142060, 143592, 144146,   3243,  88914,  11500, 152908,  97341,
         6583,  23319, 152964,  11285, 139157,  35122, 108472,  84057,
        16689, 121228,   7222,    405,  85260,  26542, 102845,  18902,
       132068, 113508,    343,  51221,  79744,   3887,  13796,  77116,
        23399, 145631,  89121,   6510,  97890, 115594,  47848,  29151,
         1297,   8594,  99156,  10287,  91311, 137967,  63548, 114772,
         5462,  86425, 105426,  79107,  48360,  94381, 146903, 116318,
        81469, 131238, 119241,  93425,   7407,  96454, 137311, 100613,
       104861,  65856,  59803, 108309,   3067,  41265,  98337,  45867,
          949,  61675,  23945,  15018,  55417, 100584, 113629,  20100,
       151694,  10975, 129526, 145225,  87980,  17842,  88637,  11314,
        85414,   6824,  78683,  89013, 141337,  27379,  48714,  88375,
        71433,  86221,  96316,  72801,  31581,  62770, 138045,  64172,
        11387,  40060, 127274, 110360,  98887,  82497,  77275,  16491,
         1579, 127521,  75617, 153184,  77581, 150541,  63950, 133149,
        16475,  66054,  95100,  84925,  55084,  22190, 143667,   8879,
        36829,  30761, 123790, 111278,  20877,  64641,  82172,  98100,
        61288, 112660,  56776, 117211, 149899,  49336, 152143,  53070,
        35959, 116982,  80211, 121303, 131364, 139297,  85824,  58864,
       112179,  37261, 124566,  84634,  87645,  69366, 148912, 123903,
       110919,  18798,  98623,  89253,  33433,  54590,  86740,  97899,
        66206,  64297,  84557, 152206,  65206,  66691,  37693, 136824,
         6662,  78234,  26746,  57979,  67192,  48326, 134979,  14018,
       146916, 151106,   7982,  69848,  63680, 100789,  24846,  10047,
        90020, 152880, 137591,  40271, 145102,  26066,  53161,  66600,
       124995,  62717,  32094,  51971,  76499,  20702,  54028,  82652,
       115976,   3704, 132931,  65962,  46244,  89507, 145217,  76751,
       148738, 120421, 136939,  18398, 149277,  60280,  32004, 129386,
        83470,  72805,  16781,  95911,  53946,  42590,  37456, 107113,
       115607,  13651, 105502, 118717,  31414,  35284,  49324, 116539,
        22281, 114854,  94281,  23549,  58671,  37027, 110830,  82542,
       149940,  89938, 129631, 153671,  52027,  91100, 153465,  51504,
        69760,  48020,  70571,  29382, 117414,  47651, 133338, 103461,
       148360,  74279,  54994, 115676, 141189,  53938,  36806, 132382,
        55082,  17958, 119273,  13481,  39566, 111233,  37003, 147133,
       132731, 153654,  25252,  20948,  63836, 138556,  81129,  89333,
       134050,  78393,  84191,  77850,  43601, 100625,  44374,  52156,
        76852, 150964,  23330, 122312, 106546,  77258,  86728,  59890,
        37160,  11884, 134588,  97658,  20373, 127984, 150928,  31229,
        91644,  62900,  87778, 120858, 138617,   7581,  43388,  90344,
         7454, 125905, 118867, 130952, 118352, 104953,  37636, 125211,
         4023,  27321,   8264,   3871, 140067,  84408, 126023,  32630,
        27440,  50001,  79186, 145655, 145990,  91478, 118268, 121436,
        15497, 107098,  70522,  24804, 145951,  86527, 117830, 120267,
       121490,  59847,   3661, 120406,  57488,  25407, 129352,  58263,
       135007,  38582,  22212,   6845,  82550, 149741, 144114,  23058,
        18872,  87282, 135873, 126737, 145290, 109432,  67193,  20005,
       123622, 117581,  55134,  83834,  93420,  13355,  41690,   1731,
         4924,  99907, 153501,  23533, 143559, 152527,    698,  54942,
        46039,  84499,  54224,  68728,    795,  14294, 111670, 112105,
        84896,  51285,  95542,  12552, 109275,  83795,  97490,  91472,
       153003, 144777,  25527,  59677, 116701,  12951, 132194,  24551,
        48365,  12647,  71260,  73334,  12923,  91108, 146342,  37793,
        51822,  66877,  88417, 127589,  16809, 144899,  84791,  86516,
          825,  30935, 139147, 100954,  93854,  96033,   7043,  53237,
        29166,  12232,  54315, 130375,  38338, 124965,  46945, 114647,
        98433,  13399, 142824, 141237, 153304,    458,  15441,  29295,
       145181,  92254, 113034,  83529, 110556,  51537, 125973,  79705,
        62366,  71514,  50708,   5712, 132599,  54673,  24000,  40928,
       153484,  29055, 138220,  21105,  17908, 141894,   8488,  52140,
       114755, 113383, 107199,  14257,  65341,  43169,  30720, 130877,
        95651,  59362, 112211,  21686,  38824,  47374,    199,  97149,
        68457,  19468,  46763,  96888, 111983,  11726, 134703,  81735,
        45175,   5646,  34499,  70599, 139105,  92949,  97750, 146746]), array([100794,  63290,   9293,  91395,  54610,  54083,   1710, 136410,
       151546,   6284,  17929,  26768,  14514,  59451,  92546,  29010,
       137431,  83306,  16772,  49843, 103054, 146247, 110676,  35388,
        82705,  86265,  49508,  60525,  38336,  84813,    172, 111932,
        29017,  58828,  44848,  23476, 111807,  42086, 129069,  96039,
       140057,  53457,  22586,    693, 144198,  75333,  78184,   3392,
        40449,  31501, 115072, 151012,  28697,  48738,  78557,  46677,
        63711, 107497,  40950, 115790,  15370,  72530,  78515,  14893,
        83522,   3280, 104320,  57932,  96382,  56420,    802,  27873,
       112229,  10694,   4453, 102117,  28559,  92214,  50750, 105679,
        57057,  72583,   4115,  26214, 132517,  14814,  38026,  53741,
        26932,  79795, 110115,  39744, 138136,  43097,  69348,  34655,
        77813,  52237,  93867,  99419,  85988,  85828,  25932, 108854,
       146779,  96768,  39058,  22653,  62201, 133700,  55812, 146895,
        87788,  33969,   4341,  47290, 100559, 111905, 146645,  93720,
       102704,  84404,  65989,  71158,  50163,  40899,  75957, 108112,
        71681,  31192,  63031, 150187,  39698,  97398,  60710,  38090,
        22090,   6210,  90371,  88485, 130632, 149582,  16808, 115808,
       110908,   1755,  66333,  34873, 113730, 107339, 140939,  99494,
        93654, 102258,   4726,  36551,  59361,  79514, 107861,  69718,
        17261,  58736, 151931,  40316,  20343,  96291, 118982,  88680,
        84575, 130162,  78173,  78197,  46449,  77053,  41341,  32308,
       127767, 146100,  39405,  44082,  10649,  20557,  35303,  11522,
       108974,   5623,  61223,  43853,  51210,   4779,   2064,  77181,
        87965,   7966,  35564, 133784,  56391, 139366,  66387,  27970,
        84398,  91633,  54144,  65239, 134483,  46966,  19867, 102010,
        20163, 126321, 109925,  19096,  38625,  94331, 138997,   8187,
        50709, 113643,  73343, 134592,  58465,  42970,  85133,   5719,
       142136,  65034,  13686,  26486, 144023,  57923, 104175, 152176,
        35688,   4331, 145899, 104788, 152631, 141278,  87686, 112569,
        51667, 138840, 141617,   4887,  52662,  20527,  76344,  46334,
        34390, 109173,  97136,   7779, 146913,  63210, 153869, 146020,
        27182,  30364,  95683,  14094, 120721, 148213, 148122,  81535,
        31720,  12848, 102962,  47093,  85827,  51522,  39045,  82878,
        16429,   3476,  35613,  18436,  49974,   4293,  26064, 145868,
        13288,  82380,  68149,  59852,  52603,  99009,  85677,   9459,
        59605,  12238,  56013,  85326, 123852,  26238, 132180, 145727,
       141200,  68260,  81171,  44094, 153454,  45286,   5739,  55104,
        32771, 107226,   8014, 101672,   9944, 118201,  97010,  63068,
        75893, 124322,  99222, 103528,  13082,  21657,  80157,  92228,
       128939, 139269,  44366, 113254,  28558, 106841,  34954, 102006,
        79142, 117149, 138649,  39586,  78605,  78185, 142840,  21253,
        23974,  34888, 124258, 113485, 137754,  82351,  33211,   4667,
        90286,  23565, 132857,  97663,  65177,  44931, 106535,  75041,
       137285,  49195, 134428,  45754,  84812, 129528,  75037, 109504,
        11019,   6945, 145721,  23402, 118527, 116603,  99731,  51198,
       113621,  56053,  40069,   5254,  14412, 118767,  44009, 138813,
        53305,  28158,  20189, 127992,  51516, 150331, 119684,  19930,
       153609,  31095,  67427,  72390,  95979, 108354,  81987,  16990,
       138849,  31342,  28175,  77976, 139278,  10308,  50819,  59220,
        77203,  21902,  42461,  62779, 131394, 100814, 121847, 104201,
        80911, 130394,  10916,  43605, 127901, 130130,  51095, 139004,
        24453,   1803,  83595, 129444,  48332,  81815,  96466, 109994,
        95724,   6792, 104100,  52986,  28594,  68926,  83440, 127288,
        94034, 110439,  96169,  95022,  90011,  34368,  66891,  78646,
       152808,  59075,  88003, 134244,  73480, 135752, 153166,  86193,
        28843, 117292,  69451, 112172,  32744, 110732, 132231,  67365,
       141573, 108349,  75947,   1497,  87313, 101496, 134775, 114859,
        68445,  83342,  34921,  52322,  39545,   6143,  90970,  54935,
       127923,  87053,  56590,  83142, 140122, 131505, 101286,  83724,
       123578,  80365,  95624,  76534,  64933,  75837,  93775, 111282,
        51046,  84080,  82360,  43194,  91987,  42897,  33141,  94492,
        27973, 123162,  93783,  30763,  42922,  91118,  55747,  74531,
        85030,  77264,  61918,  89048, 123572,  53219,  32147,  77167,
       146796,  46378,  98664,  61195,  86713,  44724, 126144,  79582,
       126054,  30127,  38221, 140007,    730,  53137,  57543,   9370,
        64263,  72122,  86726,  49394, 105172,  34276,  56951, 108740,
       114119,  59033,   5226,   7834, 131872, 142988,  12056,  58425,
       133824,  18706, 108627, 111033,  82144,  20404,  42125, 138216,
       130539, 136531,  46528,   3181, 127632,  13177, 111181, 151844,
        71028,  49154,  91106,   3840,  30114, 114345,  90357,  93871,
       146056, 108776,  54758,  32592,  39969,   9074,  83074,  31044,
       145648,  46878, 104395,   2516,  59395,  83844,  43703,  56246,
        68334,  69092,  66021, 102182,   4671,   2160, 108384,  71682,
        95538, 144336, 145255, 148457,  36127,  63298,  61215,  17778,
        37669,  17897,  80264,  99170, 102674,  66545,  80160,  24507,
       134094,  64142,  58700]), array([138053,  11854,  11386,  91590, 122582,  62209, 112829,  35850,
       130782, 106371, 123313,  32842, 140080, 141209, 105073,  81729,
         4646,  86118, 151699,  54263, 101487,  19539, 117433,  15939,
        80448,  19213,  78905,  83095,   6783, 104071,  33728,  45609,
        46858, 144478,  17020, 128689,  64024, 125082,    196,  10986,
       140940,  84916,  75212, 127742,   5523,  61761, 123083,  55320,
       152516, 146930, 112864, 118794, 116455, 152443, 144213,  75771,
        39595, 134910, 139485, 153750, 143302, 114183,  84098,  68714,
       118464,   6310,  69350, 142246,  27849,  60778, 140377, 118328,
        81864,   6865,  44250,  61411, 100744, 149909,  67030,  37662,
        71772, 134065,  50619,  12018,  69521, 135061,  40982,  13381,
        26600, 106179,  67274,  57957, 127921,  72448, 133075, 141273,
        87186,  85478,    991, 102550,  87172,  56560, 152779,  34781,
       121998,  29004,  25998, 106394,  72139,  30478,  85352, 125456,
        20874, 126360,  51189, 141175,  26867,  11073,  41835,  88342,
        45639, 141782, 110191, 122663, 114087, 129736, 137036, 116876,
       136248, 132249,  26627, 129591, 107630, 141114,  18588, 149322,
        44792,  42260,  78121,  33497,   8987,  71010,  18828, 115392,
        37423, 129031,  70563,  93032,  69329, 148941,  40308,  55500,
        69060,  33748,  20706, 144648, 102504, 141490,  88020,  66521,
       134520,  40383, 151082,  37886, 120481,  79927,   7427,  43249,
       103216, 149531,  93565,  22455,  87481, 100776, 129963,  77188,
       131021,  61571,  75714, 143524,  27261, 153562, 111952,  30084,
        51482, 132422,   8614, 132480,  99797, 147507,  29375, 122652,
       147852, 117201,  86537,   6502,  10673,  62150, 128756, 141370,
       113952, 131990, 150940,  18151,  33776,  87484,  93323, 133513,
        71113,  65355, 114616,  13805,  22450, 138431,  75679,  60133,
        28328,  64987,  66116,   2342, 107182,   5675,    501,  26230,
       124472,  73979,  86099,  55362,  32827, 133134, 108867, 106185,
       106672,  99145,  56966,  42129, 126587,  33049,  46868, 132149,
       136359,  92443,  78038,  65449,  22261,  95695, 123015,  76939,
        69841, 132441,    286, 110541, 153797,  34185,  39481,  57272,
        17159,  68987, 140814, 131039,  43202,  92064, 107364,  25568,
        43480, 101197, 153403,  60706, 124843,  34464,  77590,  71991,
        29386,  61925,  47226,  41712, 146339,  18496,  75130, 134885,
       123908,  23558,  66079, 121885,  49416,   2967, 142991, 100080,
        55010,  32449,  66460, 121778,  11168,   2428,  96649, 107463,
        26400,  78893,  58813, 110088,  53095,   2334,  14541,  77299,
        85591,  63511,  81162, 108957,  28394, 114762,  51261, 130117,
        11689, 100914, 124628,  36104,   1083,  43015,  85973,  95413,
        50472,  16779,   2609,  22145, 135194, 129504,  98328,  36140,
        86837, 108823,  70770, 153345,  98985, 121429,  40187, 123943,
        58364, 108248,  10414,  46130, 122111, 131788,  45187,  75440,
         8175,  77693,  71100,  93093,  85815,  68458,  67417, 124397,
        67901,  25583,  65605,  99779,  55770, 111198, 138996,  61003,
        66406,  21599,  14108,  69962,  65877,  89932, 148445,  17396,
        26232,  19637, 151085,  70441, 108705, 127336,  54494,  10604,
        11305,  25133,  24162, 133425,  52409, 137012,  13564,  53235,
       118067, 140333,  93237, 152098, 101952, 105814,  68364,  94609,
       104474, 124061,  60131,  17555, 107152,  88916,  99742,  76970,
        21196,  40363,  13147,   2738, 124362,  91749, 146787,  34292,
        48935, 122060,  78471,  43948,   3671, 142091, 149915, 127405,
        48702,  62665,  22112,  31010,  95621,  41211, 103803,  91350,
        44675,  71282,  59435,  42830,   5359, 124814, 111205, 139654,
        13851, 101127,  29819, 142102, 139817,  88092,  20372,  40394,
        33323,  18431,  85431,  26276,  68898, 116676,   2710, 126962,
        77612,  68008,  53735,   6689,  55627, 146265,  71790,  68551,
        44930, 141979, 152629,  84441,  38642,  87429, 106812,  77238,
       105717,  13089,  59053,  37515, 142700,  66129, 127258,  22951,
        17470,  90195, 112610, 151123,  11390,  26516, 142059,  52327,
        16603,  67972,  70065, 106333,  81813, 119839, 150644,  51168,
        87204,  49117,  52716,  35774, 109235,  76552, 128241,  95173,
        75965, 132116, 112891,  53039,  53188,  41274,  11039, 102596,
        75754,  22850,  17258,  87052, 149859,  47042,  29637,  22033,
       125399,  49900, 138593,  12119,  15707,  39363,  26416,  29355,
       131158,  86233,  43220,  56465, 106954,  91638, 103405,  46050,
       116315, 117079,  44516, 109254,   3912, 131720,    481, 111644,
        65703,  16251, 136125,  78669,    723, 142307,  81336,     84,
          155,  92418,  62699,  74946,  93830,  96837,  84971,  38224,
       149071,  64896,  57910, 138732,  87528,  88398,  68709, 119287,
       136944,  46018, 146487,  97995,   7682,   6960,  20541, 138422,
       153440,  64784,  59243,  43395, 116105, 135775,  75078,  40873,
        82753, 106900,  29308,  34674, 133336,  52406, 130240, 136552,
       137001,  61764, 113371,  68509,   7197,  96825,  27522, 139807,
         2919, 122114,  72925,  97636, 100543,  21636,  90516, 113627,
        99714, 142256, 113370, 142046, 125665,  51695,  42427,  12167,
        97513,  11525,  26433,  73810, 132610,  96872,   1234,  36680,
        13118,  84750,  40657, 101579,  38818,  47414, 130451,    680,
       103816,  55700,  80558,   1713, 102827,  68217,  33021,   2168,
        27992, 115618, 134077]), array([124341, 113762, 142821,  67254,  10805,  36959,   8045, 135129,
       127275,  44765, 124104, 145986,  19846,  55629,  40869,  59103,
        99603,  67993,  20624,  96666, 100992, 116512,  46812,  96692,
        49783,  21024, 142796,  58405,  17635, 134915, 128793, 128609,
       110621,     16, 151954, 112126, 147132, 112370,  71241,  31921,
         9491,  81991, 153198,  25557,  21748, 104287, 131092,    531,
        98446,  47824,  26382,  75054, 108920,  24544,  37378, 145735,
        43538, 152265, 112161,  68462, 120190,  50833,  54154,  84212,
         6728,  45041, 147791, 129615,  80274,  29596, 114887,  69641,
       102139, 109964, 115922,  45051,   3059,   5361, 132229,  83325,
        68207, 127474,  47511,  47337, 107758,  89901,  87654,  94015,
        22516,  70843, 119039,  42754,   3311,  70201, 121317,  31940,
        17702, 138233,  71122, 144739,  62116, 140132,  73119,  54338,
        39236,  90898,  41301, 146668,  25260,  58082, 133590, 109437,
        32859,   2493, 121114,  19452, 121955, 107451, 142389, 106855,
        88687,  83445,  72716, 141813,  16213, 113553,  47433,   5909,
        93248, 131799,  13626, 101023,  65912, 128819,  73187,  72399,
         4838,  91409,  68852,  31828,  16067,  91664, 149095, 120604,
        30068,  88667, 143091,  54612,   3927,  99556,  45850,  92544,
        20512,  11697,  51467,  75052,  89815, 122630,  22379,  53275,
        92340,  97666,  41581,   1683,   1921,  92040, 109222,  58209,
        74193,  69281,  18623,  45681,  21868,  77843, 113545,  61832,
        78929, 122178,  75381, 149864,  26326,  48071, 140698,  27029,
       121775, 116592, 101300, 116958,  39274,  22087,  74024,  15851,
       117423,  64135,   3303,   4129,  96750, 133924,  93031,  70213,
       125287,   3475,   8389, 113544,  37140,  59493,  72869,  74791,
        73949, 111829,  74832,  49895, 115773, 102132,  18916,  61632,
        95755,   8051,   2884, 145328,  40121,  26551, 152060,  85084,
        38480,  86963, 128459,  15553,  57165, 127070,  71277,  11671,
        48649,  51414,  76881,  83359,  21767, 146485, 110350, 101162,
       123789,  88790,  97491,  47169, 121864,  43405, 122208, 108098,
         2544,  35192,  46642,  39961,  28406,  19498,  43600,  37923,
        37998,   5375, 112326,  19375,  50736,  77687,    982,  13800,
        50625,  76613,  42827,  12558,  78201,  33373,  72800, 127746,
         1002,  23078,  16795,  36360,  89260, 119898, 123615,   3046,
       115420,  31532, 130760,  95826,  55718,  12867,   1451,  12602,
        30101,  41859,   9038, 131883, 134868,  50471,  94531,  54074,
        47569, 103496,  63678, 130041,  71112,  79341,  85269,  52286,
       116290, 141930,  87505, 125151,  50280,   5393,  72057,  78326,
       119074,  32678, 142480,  78992, 110061,  21697, 153233,    644,
        33641,  96335,  36892, 138384, 117355,  45650,  11011,  17710,
        84710,  36213, 119391,  50020,  28114,  22733,  69750,  25197,
       117668,  26432,  83830, 121397,  40266,  59668, 126559,  83233,
        14309,  29748,   3662, 100450, 149846,  36521, 128879, 149181,
        18012,  73572,  41879,  86793,  86569, 124047,  38434,  31505,
         9129,   1395,  29979,  80054,  12334,   7372, 101636, 140643,
       142962, 126622,  12064,  37534,  88999, 106188, 125158,  92929,
       123225,  64839,  63178, 111388,  42016, 142069, 114873,  94937,
        31891, 147762,   1206,  60484,   7892,  53699, 106642,  36530,
       151096,  17331,  33209,  34724, 149870,  20633,  33234,  79542,
        90468,  79452,  40622, 125054, 105055,  29204, 123558,  99867,
        12684,   7331, 144190,  49168,  23038, 149402,  61802,  90147,
        97396,  49626,  15667,  28408,  39926,   1537,   3318, 102538,
        58353, 102366, 122701, 138720,  87893,  81479,  22144, 111734,
        95225, 117334, 139893,  44500, 110267, 142688,  13653, 120552,
        15694, 100955,  29306, 136239,  55476,  96557,  16930, 140266,
        48052, 103500, 114287,  40322,  18546,  41063,   4503,  98033,
        31893, 124591, 144313,  78295,   2088,   1193, 151562, 116803,
       147493,  60186,  95288, 106529, 110822, 132980, 110709, 137690,
       146850, 114445,  90777,  74106, 139159,  97906, 148416, 130689,
        65350,  12650,  28760, 151893,  41773,  98918, 115337,  14921,
        91607,  89341,  68829,  46815,  14780, 136790,  30427, 131033,
       151515,  50169,  31042, 105618,  40375, 131088, 123059, 127262,
        75621, 115099,  10361,  38725,  88594,  50036, 128780,  76426,
        83132, 151489,  52391,   6986,  82151,  14357, 120615, 138891,
        67713,  61825,  11909,   6005,  23651,  47674,  56034,  14195,
        86771,  62511,  57175, 115778,  40453,   3544,  17927,  98781,
        60346,  26052,  22549, 121810,   8658, 103047,  16943,  10021,
        50370,  18598,  35522,  66407,  60321,  61821,  54542, 123778,
        15533,   7856, 153876, 137112,  64406, 108786,  68446,  63982,
       121929, 153173,  24970, 151582, 136296,  86403,  98776, 130471,
        63848, 118778,  12320,  87263,  97127, 115116,  70697,  72473,
        49537,  11171,  69043,  16562,  21498,  17614, 126204, 118414,
        84933, 145560,  89771,  18325,  62271, 141425,  65851, 118203,
        80417,  36955,  40135,   3164,  80751, 103426, 121712, 123583,
        49579,  63532,  32536,  42008,  67231, 136683,  94258, 136366,
       111121,  39774,  39537,  99515,  73891,  78611,  77988, 151550,
         9822,  59189, 147927,  37096,  42421,  74325,  31842, 103641,
       138648,   6858,  66667,  28583,  54100, 133070,  11785,  22346,
       100754,  78402,  92115,  41146,  57702,  58841,  40455,   2702,
        94189,  73255,   2264, 107742,  91595,  80072,  37609,  30804,
        31114,  51821, 113492,  76729, 102627, 142474,  87582,  58288,
       129908,  49274, 123911,  70710,   3123, 114229,  90077,  99798,
        15927,  59433,  91233,  23904, 124415,  70494,  77661,  77692,
       130211, 148106, 144948,  18278,  47606,  62501,  12557,  87403,
       109863, 152380,  82003]), array([ 37299, 139482,  45493, 145610,  85622, 118135, 126452, 136073,
       147405,  62635,  92458,  90418, 129595, 112965, 113532,  62353,
       111735,  77504,  72125, 137362, 118913,  21734,  83494,  43273,
        58382,  11008, 118146,  41167,  20265,  67046,  83246,  61807,
        69969,  18932,  91441, 133776,  83235,  55149, 127290, 132063,
         4707, 135711,  33785,  29540, 119729, 119528, 133062, 129064,
        87571,  28467,  14086,  20294,   2005, 130378, 136911,  64158,
        49725,  79434, 100047,  60699,  52944,  73865,  46928,  95784,
         1712,  60164,  28399, 122244,  29666,  92998, 126373, 122510,
        79785,  75983,  42050, 134142,  32997,  77608,  55827,  52041,
       127637,   8563,  49655,  83446,  64715, 100119,  42183,  34440,
       103230, 153930,  73300, 112372, 136092,  56274,  36399,  29422,
       122899,  78433, 147316,  53391, 131652,  55902,  65033, 150855,
        93017,  67441, 115854, 133095,  86251,  23823,  54092,  67499,
        76684, 107655, 107452,  29849, 115328,   3282,  42413, 131464,
        26772,  48751,  47500,  90977,  72687, 130054, 130752,  70145,
        69341,  63960,  26501,  90633,  38965,   7106, 136177, 134593,
        36549, 148746,      7,  10759,  67701,  28097,  58307,   8091,
        76243,   4300, 102199,  55267, 152741, 137304, 105665,  45870,
        34209,  22120,  77631,   7623,  38740,  86798, 120717,  85655,
        84126, 105630,  41490, 129893, 101578, 137030, 132477, 123986,
       152451,  91486, 117195,  22199, 152719, 139651,  76865, 147794,
        60162, 115642, 114701, 143963,  39463,   6908, 149414,  55221,
        50415,  84085, 133186,  81284, 112123, 136903, 144039,  19025,
        12791,  17669, 129713, 141968, 110956,  99456, 142225, 111631,
        33996, 148458, 107754, 129167,    108,  21963,  36758, 103758,
          649,  30732,  70692,  74501,  42389,  20344,  65997,  23208,
        53537, 116257,  56137,  76275,  28067,  11823, 112736, 118267,
         1983,  90924,  51926, 152941, 108106,  19293,  57600,  65796,
         3695,  33093, 147649,  86923,  29280, 140711, 148160, 134935,
        29579,  11107, 109815, 150649, 131224, 142598,  27405,  16208,
       151998,  40458,  80425, 140870, 134217,  23681, 137297, 142465,
        10066,  55307,   2069,  16377,  57590, 135340,   7240,  73356,
       147655, 103621, 100330,  40473,  27834,  74017, 121307,  95874,
       131426,  31051, 149695,  24113,  33524,  92087,  74327,  92105,
        79266,  13037,  13711, 151381,  15218, 119571, 118293,  50539,
       140441,  48337,  23942,  29626, 116111,   4846, 148044,  34175,
       145487,  25580, 131533,  16217, 138359, 139348,  88275, 120408,
       126668, 111727, 136205, 133011, 142000,  41144,  89217,  21102,
        61779,  53956,  52788, 119364, 105261,  20888,  39080,  18346,
       146275,   8473, 114004, 151552,  82477, 135136, 116953, 148999,
        17910, 123805, 125057, 122463,  67631, 106366,   7062,  84176,
        92193, 105402,   1023,  53953,  27449, 151024,  45238,  66522,
       136367,  46722,  38172, 131369,   2232,  40490,  96926, 152483,
       101124,  72106, 131651,  78684,  92584,  71323,  54583,  86699,
        36575, 110545,  28360,  69778,  23052,   9475,  62879,  85014,
        41273,   5869,  26792,  62123, 108499, 144667,  73699, 113968,
       151593, 102028, 121467,   6917,  72633,  38330, 152240, 133817,
        91573,  42918,  68469, 119140,  75490,  79382, 126086,  98349,
        99735,  76109, 150033,  95186,  65240,  54353,  63862,  77691,
        20573,   3822, 111852,  65964,  96969,  91069, 137891,  61785,
        85636, 123674, 109981,  25384, 151064,  16396,  20894,  53627,
        63431,  97359,  13153, 137381, 120842, 114243,  91751, 128342,
       149985,  48906,  19287,  89620, 141067,  37034,  21167, 120265,
         9071,  95749,  28937,  84892,  67603,  99017, 149115,   4583,
        68545,  40850, 122552,  41708, 110432,  96780, 152956, 150544,
        47209,   9733, 151861,  19226,  28926, 127082,  94973, 120709,
        81458, 146349,  13819, 134524, 107533,  99906,  19462,  48265,
       116112,  73893,  51248,  32269,  11908, 139665,  18171,    162,
        31870,  70227,  41584, 102301, 126208, 100201,  78902, 104383,
       130875, 111824, 114545,  57091, 101866, 129362, 119494,   6287,
       148628,   1153,  30776,  27805, 125076, 114196,  93102, 113593,
        43686, 129574, 115305,  69174,  88606,  38153, 128136,  31445,
        69094,  63901,  57400, 114828, 151181, 105414,  52672,   4933,
       150610, 101040,  10532, 132098,  40671,  10126,    875, 141165,
        52597,  59863, 152861,  29060, 136900,  32093,  72764, 115144,
       117889, 132401,  38667, 105631, 146334,  75088, 147648,  36292,
        28555, 136318,  13086, 117332,  60949, 141753,  77957,  53313,
       115881, 148617, 152923, 142708,  33090, 112131, 138076, 125206,
        71634,  96057, 148516,  25814, 144468,  27377,  50730,  32046,
        54549,  44207, 134716,  98118,  74824, 119111,  11031,  30470,
       121692,  73791, 116471, 102762,  28234,  39146, 140300,  83087,
        96663,  88673, 146082, 103481,  86417, 153557, 152553,  21062,
       137067, 127229, 125050,    918,  12746,  97353, 138525,   7686,
       143558, 128079, 144459, 105185, 153297,  73156,  48975, 123741,
        53721, 147594,  38888,  64054,  20416, 115334, 124909, 137334,
        96875,  84893,  98442,  14432,  56088,  13822,  32124, 110030,
       112806, 101045, 131766, 130668,  89332,  90562,  18849, 121382,
        53323,  10346, 134219,  47641,  78119,  71181,   8241,  11043,
        99663, 122097, 121456,  71643, 138537,   4883,  50832, 150799,
         5834,  47748, 136660, 141990,   2116,  22505, 127960,  99195,
         3258, 125883,  26709, 111180, 115525, 138837, 142968,  29553,
        86126, 131741,  80701,  54003,  15839, 105872,  65935,  61849,
       146346,  16903,  77709,  30295,  82660, 138299, 150884,  23757,
       134956,   7036,  11088, 119906,  40550,  88042,  52187,  66574,
       114877,  15100, 146853, 105470, 112355, 128111,  83698,  15751,
        75926,  60344, 149713, 128098,  83028,   3463, 100970,  26935,
        58887,  41188,  24900,  16031,  24184,  11470,  51074, 126478,
       116777, 103958, 108943,  63230,  96281,  34708,  48412,  91467,
       148082,   8835, 116271, 119310, 106455,  63501,  38245,  91209,
       121870,  60954,  35844,  77639,  44986, 106987,  31587, 123539,
        43889, 140752, 110654,  54415,  44336,  73889, 133954,  30494,
        37297,  79272,   3292, 139193,  96941,   7124,  53158, 144316,
       121892, 136881,  42073, 129400, 127645, 152548,  82845, 108659,
        12846,  67947, 104913, 135060,  30557,     30,  35258, 133961,
       106634, 120442,  90497,  50934,  23223,     41,  51192,  96411,
        47068, 106599, 152906, 143483,  40789,  99377,  25601,  99502,
        33020,  44798,  10446,  85557,  25710, 118955, 120614, 128987,
        56366, 116742, 117660, 111042,  22487,  49200,  27183,  87680,
       135105, 113028]), array([ 57710,  99729,  85292, ...,  51028, 129655,  73466])]
shape of feat_train: (11544, 602)
Mean accuracy: [0.9273340080239997, 0.00061378299376633]
