Namespace(dataset='reddit', dropout=0, epochs=400, gpu_id=0, hidden=256, inductive=1, keep_ratio=1.0, lr=0.01, method='herding', mlp=0, nlayers=2, normalize_features=True, reduction_rate=0.002, save=True, seed=1000, weight_decay=0.0)
size of adj_train: (153932, 153932)
#edges in adj_train: 10753238.0
Test set results: loss= 0.4835 accuracy= 0.9394
idx_selected :  [array([13694]), array([97335]), array([ 67316, 105521]), array([94720, 25555]), array([113413, 109915]), array([ 82638, 146276]), array([150745, 119490]), array([110367, 119892]), array([118520, 101665, 139685]), array([110337,  11487,   2477]), array([ 56748,  71198, 136002]), array([118869, 103974,   6201]), array([72677, 36670,  6617, 62101]), array([135952, 104505,  47361,  56797]), array([  8560,  62986, 133545, 132162]), array([49569, 52385, 42479, 49208]), array([ 92122,  98615, 131807, 130424]), array([114075,  67576, 129902,   2707]), array([112097,  25870,  83960,  51792,  64555]), array([ 1246, 13833, 51102, 36113, 73873]), array([103635, 131951,  97878,  37610, 146961]), array([137920,  70221,  50727, 148024, 120475]), array([145640,  24352,  65491,  36358, 151566]), array([119609,  74666,  53032,  91608,  24760]), array([114061,  49878,  48707, 129074, 120098,  29616]), array([141971, 126329, 104279, 135360,  75204,  93717]), array([ 62477, 131136,  54551, 119118,  20098,  45866]), array([110507, 102016, 114756, 148846, 122934, 100904]), array([139760,  85499, 151360, 146192,    790, 133660]), array([ 79088,  16568,  80658,  71656, 105008, 103809]), array([ 13161, 101856, 152002,  25727,  33341,  67826,   7132]), array([  9166,  35305, 128589,  30385, 147565, 107077, 116344,  48164]), array([  2105,  24999,  25190,  73754, 103551,  83525,  91250,  62858,
        79068,  64789]), array([141571, 125561,  36572, 114684,  49291,  12638,  40546,  72831,
        37035,  53159,  64763,  89799,  74285, 117337]), array([110587,   9829,  86225,  84099,  67561, 118738, 103018,  53144,
        68572,  72883,   9644, 138777,  10292, 132358]), array([148370, 102845,  25378,   8870,  87549,  36368,  59890,    405,
        71963, 116539,  63950,   7982, 110334, 124972,   7222]), array([100794,  95683, 107094,  29010, 129528,   4115,  59451,  83306,
       105679,   9293, 124032, 108854,  14814,  54610,  79514,   1710]), array([ 87186, 123083,  81729,  33728,  91590, 123313,  23771,  57957,
       151085, 126360,  11854, 130117,  62209, 101039,   5523, 140940]), array([ 55629, 124341,  77843, 124104,  72716,  89901,  12650,  44765,
        67254,  71241, 119039,  98451, 100992,   8045,  21748,  57919,
       128879,  84212]), array([ 37299, 118135,  85622, 137362,  83494,  45493, 139482,  28467,
        58307,    108, 134142,  26772,  77608,  21734, 107452,  42050,
        52041,  36758,  64715,  32997,  58382]), array([ 47535,  33953,   9281, 125087,  65976,  49514,  91297,   8320,
        98861,  24901, 145317,  36076,  48528, 119768, 113166,  21112,
        82580,  25944, 121159, 104027,  57710,   3344,  58733,  29729,
        86381,  46332,  80696,    584,  12164,  77137, 129418, 107256,
        57131, 107809,  55119,  89570, 110967, 128925, 128974,  41760,
       129384, 134009, 118809,  18523,  58062,  63094,   1692,   3445,
        83044, 114315, 145257,  55077])]
shape of feat_train: (307, 602)
Mean accuracy: [0.7465988361586005, 0.00980314862514805]
