Namespace(dataset='reddit', dropout=0, epochs=400, gpu_id=0, hidden=256, inductive=1, keep_ratio=1.0, lr=0.01, method='herding', mlp=0, nlayers=2, normalize_features=True, reduction_rate=0.01, save=True, seed=15, weight_decay=0.0)
size of adj_train: (153932, 153932)
#edges in adj_train: 10753238.0
Test set results: loss= 0.4646 accuracy= 0.9393
idx_selected :  [array([ 13694, 111146]), array([ 97335, 109506,  32563, 132075,  36543,  54753, 139038]), array([ 67316,  29987, 134983,  74451, 151853, 140447,  80464,  25111,
        84153,  56074]), array([ 36456,   3727,  54399,  91819, 103307,  25555,  94720, 130112,
        55040,  49871,  78966]), array([113413, 109915,  85059, 122185,  84576,  85202,   6425,  52201,
        51709, 123696,  95486]), array([ 82638,  33889,  17577,  87818,  42553,  69130,  84147, 135607,
        62269,  26383,  50319]), array([112977, 117286, 112905,  98468,  24081,  75511,  67021,   9410,
        60723,  75721,  58492,  81197,  98571,  34702]), array([132163,  51002, 114473, 128437, 120221,  42238,  16082,  52754,
       104908,  78092,  71690, 107456,  32251,  38840]), array([118520, 101665,  95052,   4011,  35734,  59165,  82788,   1070,
        59087,  11776,  58598,  96251,  98043,  93059, 103284]), array([ 28638,  15991, 110337,  86229,  34880,  81357,  99651,  45907,
       146973,  84937, 106669,  47101,  44493,  11487,   2477, 109606]), array([ 77495, 125542, 100804, 145353,   2623,  59985,  78387,   1116,
       153834,    961,  45170,  35453,   6852,   8929,  98743, 125343,
       102112, 126479]), array([103974,  54530,  58415,  36095,  93400,  57375,  90805, 108579,
        92516, 112619,  97595,  91154,  19214, 112037, 118869,  37043,
       147698,  84111]), array([ 98249,  48037,  36670,    631, 103191, 107048,  46920, 113731,
       101970,  45437,  98307, 104762,  71102,   6617,  41317,  59930,
        53895, 112217,  59290, 108071]), array([135952,  74183,  86581, 104505,  12328, 151383, 104431,   1975,
       132964,   9384, 135294,  33758,  47361,  71209, 110268,  90916,
        31424,  97606,   8777, 138865, 143029]), array([  8560, 104803,  10113, 110635, 132162, 121242,  50827, 104964,
        91516, 122672, 138437,  27086,  43431,  35285, 116286, 114346,
        15554, 123975,   1926,  62986,  92062,  16653]), array([ 25595,   6381,  52385,  49569, 150675,  15388,  40993,  73249,
        33796,  76296, 144884,  25947,  49208,  44804, 144782,   3350,
        74453,  93809,  79006, 109701,  84739,  30373]), array([ 26937, 135092,  16767, 118385,  77966, 140926,   9198,  52561,
       123838,  46021, 130424,  95809,  33791, 148186,  50255,  29737,
        73151, 146800,  98494,  87214, 108515,  98244, 118618]), array([ 67576,  58175, 144801, 129902,  16544, 150182,  93713,  42843,
       150291, 123547,   2707,  54209, 120668,  22215,  58249, 108067,
         2722,  27793, 122105,  16804, 148813,  28257,  41806]), array([120018,  67810,  82106,  76430, 117425, 114922,  25870,  79172,
        82249,   6923,   5290,  36340,  46171,  21807,  49656,  82384,
        89780, 102180,  92908,  77633,  37641,  49960,  62606, 118746,
        74766, 125642,  97534,  49033]), array([  1246,  32150,  36113, 130353,  13986,  45117, 127398,  73873,
        42084,  23855,  13833,  32731,  52160,  81482,  86369,  76174,
       115996,  79083, 152559,  25188,  60915,  58348,  11403, 123504,
        49441,    367,  12694,  29648]), array([ 97878,  37610,  88582,  88099,  77991,  30736,  86881,  21842,
        70658, 153070,  91575,  95407,  26353, 143229,  14216, 147035,
        52853,  56619,  98061, 103113,  60163, 141433,  91187,  36863,
       131943,  42961,  11225, 125124]), array([125975,  32775, 137920, 148569,  82567, 105113,  70443,  10183,
        65853, 148024, 120475,   8150, 112047, 126923,  88364,  31770,
       106736,  22716,  67087,  67005, 133021, 140578,  58173,  50727,
        52612,  47334,  87328,  77469]), array([151566,  90889, 137709, 112798,  39811,  33788,  26532,   1527,
        65491, 110355,  35936,  34752,  28649,  89911,  90644, 116400,
       123408,    781,   4222,  30713,  94022,  21520,  80014, 152122,
        66040,  78325,   2512, 126305]), array([ 24760,  16865,  49749,    304,  40492, 119346,  59956,  38989,
        53032,  61234, 146498, 107499,  10693, 115797,  96340,  10647,
         2781, 109299,  78229,  49390,  43123,  75286,  82871,  28878,
        50752,  45147, 115028,   8404]), array([114061, 140230,  10995, 153133, 142154, 129074,  59198, 100876,
       132513, 116976,  95757,  29616, 119464,  48707, 120098,  90512,
        47276,  60804,  79959, 113494,  72092, 113157,  80075,  55696,
        58694, 133720,  36504,  32548,  89626,  96611,  53377]), array([ 77823,  16912,   4188,  93717,  89082, 104279,   1730, 120027,
       135549, 150843,  85125,  92553,   9487, 118253,  33891, 140624,
        74385,  41281, 101095,  68452, 132936, 137517, 117864, 122938,
       105306,  13345, 102127, 135787, 135360,  76235, 126329,  31879]), array([ 62477,  85225,  45866, 122891, 105740,  39810,  87960,  98949,
        82084,  82501,  71445,  54551, 112231, 118089,  93039, 105062,
        97547,  73020,  47681,  21048,  56060, 121607,  54377, 136406,
        39327, 119118,   9954,  53394, 152077, 121648,  20098, 118510]), array([ 12481, 110507, 102016, 114756,  19701,  53195,  22106,  49643,
        59606,  50086,  12165,  87855,  71622, 100904,  87219, 100200,
       118402,  45233,  95912,  47225, 113053, 122934,   9542,  66018,
       137317,  99575, 148846, 146202,  12355,  94237,  29673, 129174,
         4836]), array([145649,  69890,  85499,  91562, 112978,    790,  87074, 134916,
        55235, 143231,   6817, 148034,  41985, 151360, 153813, 119564,
        75479,  76181,  82260, 153455,  38465,  56538,  54582, 145645,
        60621,  50425, 103730,  23605,  30192,  99119,  74965, 150653,
        82584]), array([ 79088,  16568,  80658,  71656, 103809,  51265, 102705,    237,
       136669,  60626,  51961, 113784,  75258, 127496,  46541, 118014,
       100964, 137396, 105008, 100771,   2166,   1726,   5540,    603,
       107925,  90242,  56269,  65919,  52985, 142607, 121825, 136145,
        29018]), array([ 13161,  35983,  91110,  25727,   5862, 127035,   7132,  45149,
       144488,  67826,  14694,  41475,  52686,   3550,  66393,  28310,
        56052, 124490,  76428, 115627,   2965, 120312, 125831,  91172,
         7526,  24858,  69249, 120077,  69728,  66388, 152002,  59430,
        89903, 139509,  55925,  63269,  39141, 113950]), array([111405,  30385,  35765, 128589,  48164,  44442,  88368, 121275,
       121161,  74551, 123825,  47566,  87314, 102985, 116344,  92822,
        54814, 108876,  30284,  29776,  49167, 115444,  70519, 109453,
        37216,  78001, 132591,  29541, 147565, 118390, 151711,   9235,
        94553,  98538, 120201,  23398,  20511,  26491,  40761,  22836]), array([ 68271,  68948,  63761, 129952,   3826, 102077,  25190,  24999,
        12160,  33970,  46994, 128176,   6913,  62727,  15449, 114773,
       128386,  30500, 129970, 143830,  42733,  99208,  79068,  76441,
        82833, 111253, 143613,  92868,  59042,  83525, 105845, 109438,
        81281,  12962,  89500,  64506,  79861, 106891,  48910,  25473,
       142406,  32987, 149560, 134948, 129098,   1053, 146726, 118880,
        16449, 107844, 127319,  42443, 135039,  43673]), array([  3151,   1916,  36572, 153569,  49291,  71977,  61090,  58586,
        53159, 105647,  91228, 125561,  19541,  23368,  89799,  15161,
        89581, 126544,  49850,  44210,  83089,  72072,  40213,  57433,
        50109, 144021, 118707,  72831, 105505, 153151, 147138, 130288,
       153810, 105435,  77387,  33700, 139261, 113309,  89300, 103287,
        92270,  20913,  96560,  72062,  22628, 133536, 112187, 149652,
        99645, 148694,  15575, 122056,  99005,  12591,  44365,  34225,
       123556,  95661,  66658, 117522,  37405,  83788,  33663,  17272,
         9196,  53554, 129268,  66194,  45496, 145406]), array([110587,  90746,  53144, 120687,  72239, 136391,  52728, 136814,
       138172,  57419,  72883,  92570,  51743,  95443,  21833,  69168,
        24449, 128539,  24052, 118738, 103018, 140834,  82658,  67024,
       147917,  21984, 115686, 101818,  76100,  18442,  37143,  41184,
        95222, 142077,  61612, 111616, 138067,  74879, 106765,  22502,
       137990,  75271, 143081, 123613,  65860,  67561,   8713,  20393,
         6828, 115403,  75724,   5149, 105516,  53612,   9644,  11510,
       142967,  19000, 121493,  67226,  62640, 112059,  11474, 138777,
        84099,  80370, 124689,  38486,  63237,  36623, 136687,  19144]), array([  7832,   8870,  87549, 146856,  36368,  78145,  12230,  18902,
        93295,  42312,  20005, 110334, 149277,  71963,    405,  35122,
       148370,  25378,  77344, 151168, 147195,  86607,  14416, 116701,
         4811,  99163,  94381,  78683,  54315, 152908, 113508, 128034,
        55675, 146941,  91311, 143592,  99466,  65519,  41040, 149830,
        88914,  86425,  16689,  29654,  84925,    343, 116318,  54590,
       139360,  53946,  31231, 132068, 145631, 152964, 145225,  64255,
       117211,  79051,  35238,  31581,   3243, 102057,  79744,  85987,
         8594, 113629, 126023,  27178, 123790, 125905, 120267,  23399,
       129877,  31639,  99156, 139157]), array([ 63290,  49154,  91395,  92546,  42086,  90676,   1710, 111932,
        39744,  44848,  29010,  11522, 146779,  49195,  55812,  72530,
        39586, 100794,  52986,  59451,  14893,   9293, 105679,  46966,
        97136,  13177,  38090, 132857,  34873,  85828,  54610, 108349,
       151012,  31501,  50163,  57057,  99731, 146247, 146100, 111807,
        66333,   3941, 130130,  17261,   3280,  95624,  53457,  43097,
       136410, 103054, 107497,  54083,  82705,   4115,  78184,  14514,
       117292,  63711, 144023, 117390,  56590,  83306,  58828,  83522,
        84610, 149582,  14814,  27669,  57543, 102010, 146020,  16028,
        49508,  66387,  41341,  44082, 102258, 144198,  34310,  27873,
        93654]), array([138053,  11854,  91590,  62209, 105073,  75212,  25583,  57561,
         6783, 112829,  10986, 151085,  81729,  35636, 148445,   4646,
        35850,  85352, 126587,  22112, 123313, 130117, 133513,  87186,
       107630, 134320,  11305,  51189,  30478,  44236, 137641, 101487,
       116455,  28369,  17020, 128689,  46858,  73481, 101039,  57957,
        39595,  39481,  89658, 152443, 110191, 100080,  37662,  74946,
       152629,  64024, 106371, 142568,  29004, 139485,  30084, 140080,
        97882, 144648, 141175, 111952, 144213, 147507,  90195, 133134,
       118464, 125665,  55500,  87878, 146930, 124628,  12018,  11340,
        52215,  82753,  69841,  44694,  88925, 137012,  13564, 149859,
       151699, 141273, 144478, 150264]), array([ 55629, 124341,   7892,  67254, 131092,  29596, 123911, 113762,
       149181,  36959,  25557, 108920, 142821, 149095,  75054,  67993,
        62116,  80417, 110621, 101162,  59103,  81991,   8045, 100992,
       142796, 124104,  26382,  44765, 135129,  72716,   4503,  41301,
        23651,  21748,  40869,  50833,  58405, 147791,  45041,   6728,
       119898,  39236,  54338,  28114,  64135, 134915,  92067, 128793,
        90468,  68462,  37378,  21024,  65912,  80274,  31940,  47511,
        69641, 138233,  30068,   1921,  66459, 127275,  71241,  99603,
        73572, 142069, 121317,  96666, 119039, 153198,  46812,  24970,
       132229,  92544,  73119,  83325,  75381,  17635,  68207,  33209,
       151954,  17702, 115773,  77843,  45051, 112126,  33373, 152265,
        32859, 131799,  54154]), array([ 37299, 139482, 131652,  83494,  11008,  73865, 111735,  58382,
        43273,  52041, 127637,  34440, 130752, 137362,  85622, 131464,
        26772,  45493, 142465, 112123, 145610,  65240,  67046,  77608,
        28467, 118135, 113532,  27834,  69969, 134142,  12791, 147405,
       133062,  76243,   1712,  29666,  32997, 135711, 132063,  22120,
       132477,  73300,  79434, 126452,  10066, 112965,  20294,  62353,
        52944, 122899,   9475,  86923,  51926,  72125,  14086,  26501,
        18932,  42183,   2005, 130378, 111727, 136092,  49655,  91441,
        28097,  48751,  76684, 115642,  61807,  56274,   7240, 122244,
          108, 122510,  29422,  90924, 147316,  33785,  46928,  90418,
        75983,  88042, 149414, 111631,  85655,   8091,  52788, 123986,
        99456,  70145, 131224,  67441,  72687,  53391,  55902,  96969,
       147649,  73356,  28399, 136177, 118146, 142598, 100047,  91069,
       122463]), array([ 57710,  35493,  24801,  99729,  63563,  41760, 119768,  75651,
       122502,  67882,    584,  79303, 130458, 136488,  62920,   9910,
        69252,  48520,  54431,  11082, 101397, 142212, 135401,  33953,
        65976,  10842,  28504,  95132, 125087, 113166,  45642,  48528,
       129384, 128974, 107809,  47496, 120225, 106004,  89570, 104230,
         3445,  22843,  55077, 147173,  26981,  57131,  23758, 151707,
        29729,  58733,  19927,  25859,   7640,  10930,   7322, 128925,
        91968,  59636, 121159, 109823, 114315,  48797,  95306, 124682,
        93379,   7108,  62438, 138416,  77884,  88278, 116583,  15251,
       112681,  83044,  57683,   6041,  16986, 140689,  83686,   9281,
        79485,  81420,  92316,  67820,  43047, 124883, 148103, 141870,
       149819,  25149,  39921,  32849, 113187, 118809, 113504,   9634,
        21639,  19285,  21112,  99254,  18523, 153186,   1959,  76826,
        79794,   5547, 103724, 143220,  51180, 115421,  95390, 134009,
        74665,  73077,  76442,  27741, 146255,  16288, 117209,  49514,
       110967,  97377, 140985,  70720,  17274,   5847,  30117,  41352,
        98036, 138287,  98861,  71988,  69396, 107256,   1692,  36076,
       101669,  73047, 104469,  89678,  45629,  16885, 113347,  20687,
       129418,  61018,  51276, 148353, 128220,   2063,  10357,   4470,
        38554, 126443,  81054, 122393,  55354, 153743,  87550,  83611,
        14394,  52056,  25056,  22609,  99715,  56568,  77579,  25495,
        41609,  81003,  21440,  77137,  16979, 100941, 103598, 145317,
        30535,  87243,  63196, 139839, 105707, 108801,  31216, 142145,
        25801,  67804,   5707,   7119])]
shape of feat_train: (1539, 602)
Mean accuracy: [0.8514168503993929, 0.00211953965746582]
