Namespace(dataset='reddit', dropout=0, epochs=400, gpu_id=0, hidden=256, inductive=1, keep_ratio=1.0, lr=0.01, method='herding', mlp=0, nlayers=2, normalize_features=True, reduction_rate=0.02, save=True, seed=1, weight_decay=0.0)
size of adj_train: (153932, 153932)
#edges in adj_train: 10753238.0
Test set results: loss= 0.4898 accuracy= 0.9398
idx_selected :  [array([ 13694, 111146, 140821,  88293]), array([ 97335, 109506,  54753, 139038, 114163,  39480, 134471, 111716,
       132075,  38008, 139551,  75459,  12032,  49905]), array([ 67316,  96494, 151853,  56074,  23562,  11687,  63981,  19161,
       133563,  10045,  29987, 134983,  67465,  87910, 149581,  79666,
        64657, 112333,  56903,  52459,  85304]), array([ 94720, 115630,  55040,  49871,  19336,   3727,  54399, 145970,
       143014, 112209,  62910, 145457, 122385, 114533, 103307,  12314,
        25555,  34064, 104044,  78966, 109349,  14125]), array([123541, 143721,  52201, 134521, 115852, 122185, 113413, 129395,
        55496, 135087, 123696, 120446,  51709,  95486,  60486, 143281,
       126767, 109915,  85059,   9498,  32926, 116854]), array([ 82638,  96140, 146276,  62269,  17879, 128073,  39607,  22682,
        22208,  42553,  45804,  17577,  33889, 142871,  70102,  50319,
        75582,  69130,   7271,  14837,  88841,  31437,  46836]), array([ 38313,  88598,  60723, 100758,  66144,  44102,  22284,  55226,
        58492,  36331,  94797,  98468,  23718,  69659, 117286, 133447,
       143122,  96371, 112977,  15629,  76733,  10154,  61107,  95078,
        88308,   9410, 114818,   7968,  37852]), array([132163, 134559,  41946,  51002, 110087,  39445, 128437, 144041,
       114473,  11923,  52754,   6441,  92259, 112312,  19891,  67098,
        70631, 119892, 126449, 139617, 109218,  32251, 103181,  71690,
       131760, 123949, 152050,  88096, 133830]), array([ 78624, 118520,   4011, 123621,  95918,   1070,  70775,  60712,
        74064,  95052,  61501,  42722,  59087,  85953, 125254,  40929,
        26960,  55355,  90188, 115751,  76097,  93059, 101665, 147974,
       113151,  66790,  91014,   7136,  12662,  68528,  82788]), array([110337,  15991,  99651,  74345,  86229,  34880,   2477, 109606,
        34334, 106669,   2742,  45907,  95723,  47101,  55875,   9460,
       115258, 117527, 146973,  48780,  64462,  59410,  95213, 133750,
        34364, 113644,  11487,  27563,  34656,  15819,  50122, 139204,
        72186]), array([ 56748,  71198,   2111, 125542,  77495, 100804,  95162, 145673,
        35453,  48331,   5217,  72880,   1116, 125343, 126479,  11052,
        31975,  92006,  76777,  18459,  11020,  88519,  30787,  68137,
        44576, 131382,  78387,  80317, 148815,    961,  18102,  73518,
       132343, 145353,  16197,  35562, 141335]), array([118869, 112037,  36095,  16450, 107165,  90805,  57375,  92516,
       112619,  93400, 116951,  58415,  10828,  58327, 147698,  18255,
       103974, 139169,  63080,  42340, 132898, 153926, 103589,   1944,
        79122,  29804,  37043,  49282, 102718,  53866,  22820,  90475,
       101889,  19214,  31057,  71734,  38241]), array([ 98249, 107048,  48037,  36670,   6617, 153034,  73646, 132041,
       112217,  62101,   2956,  68143, 150205,  28057, 107832, 128588,
       143563,  45345,  21820,  49212,  57964, 103191,  45437, 101970,
        53895, 144176, 141476, 131501,  40914,  59930,  41317, 113731,
        98307,  72705,  94360, 122438, 136905,  66244,  72677,   3975]), array([ 74183, 135952, 104505,  90916,  31424,  78391,   1975,  19601,
       132144, 110268, 119994, 143029, 132964,  62602, 146267,  47118,
        85895, 138987, 103987,  94862,  83459,  63580,  27191, 138129,
        38756, 132460, 115674,  95206, 119601, 151099, 151383, 102867,
        21208,  87713, 131692, 114309, 120593, 145251,   6987,   2949,
        67772, 133047]), array([  8560,  62986,  47436, 132162,  10113,  56726,  22409,  43431,
       104803,  50827,   8819,  80169, 116281, 110635,  12700, 114346,
        16685, 127157,  65911,  26586, 104964, 105124, 121242,   1926,
        28657, 109019,  27086,  23117,  16653, 138001,  18532,  67767,
          660, 145278,  30356,  59670,  74293,  67754,   2269,  37347,
       111036, 150687, 123975, 116286]), array([ 25595,   6381,  40993,  74453, 113064,  49208, 144884, 142125,
        33796,  73249,  45236,  72098,  25947,  15388,  94648,  11543,
       150000, 115493, 150675,  54909,  79006,  93809,  84739,  30373,
        80003, 109701, 118781,  20755, 109646, 109918,  63806,   3350,
        42479,  49569,  52385, 144782,  94651,  55831,  87931,  76296,
        62314, 126889,  44804,  28189, 119557]), array([135092,  16767, 129995,  82525,  52561,  95809,  98615, 121390,
       140926, 152652,  42647,  71311,  94920,  83216, 112617, 130424,
        33791, 118385,  37736, 124418,  58397,  28924, 153231,  29737,
        82262,  35325,  73151,  57164, 147389, 132501, 151413,   5406,
        53258, 123838, 139197, 131807, 108515,  38564, 127826, 118618,
       148285,   6544,   9198,  30792,  76457, 145947, 131437]), array([114075,  42843,   5135,  51660,  16544, 141964,   2707,  72973,
        60423, 129902,  11213, 148813,    740, 134629, 116150, 123964,
       150291,  15891,  58249,  22215,  76798,   3564,  10444,  29297,
       120668, 140353,  28257,  71949, 125936, 104453, 117958,  15521,
        54209, 129903,  69870,  58175, 144801,  71000, 128252,   8675,
        65514,  83693,  47784,  84579, 133324,  16804,  99094]), array([ 58287,  60122,   4251, 126648,  38412,   6923, 125642,  86493,
        63121,  98727,  76430,  36340, 114863,  77633,  21807, 104846,
         5290,  89780,  61489,  43061, 146092, 111888,  82384,  58404,
       135427,  22717,   3469, 117425,  79172, 114922,  82106,  82249,
       153757, 103338,  92908,  83960,  37641,  42530, 104639,   9050,
        41445,  74766,  84174,  96261,  51747,  46171,  98602,  49033,
       134628,  40750, 123132, 123562, 137364,  55236, 100981, 134109]), array([  1246, 152559, 127398, 104049,  51503,  45117,  83786,  73873,
        42084,  32731, 114469,  81482,  56180,  29603, 132192,  13833,
       125380,  39932, 105764,   4142,  97675,  12795,  56309,  10476,
        93671,  16148, 151041, 115996,  14219,  92295, 149584,    367,
       117218,  29648,  83841, 145933,  49441,  25188,  50917,  11403,
       103312,  92248, 144097, 150900,  27566,  52160, 108518,  16671,
        58348,  63962,  36113, 146064, 123504,  13986, 130353,  32150]), array([131943,   5012,  28602,  70658,  88099,  37610,  91575, 103635,
       131951, 103113, 153070,  25128, 143229,  99786, 123334,  40105,
        42961,  73195,  98061, 149339,  44080,  91187,  22647, 129147,
       110630, 111760,  10583, 121980,  59746,  49789,  95407, 147035,
        59013,  44073,  82155,  88582,  54374,  97878,  25509,  62883,
        67036, 125124, 133979, 125349, 136266,  81092,  51860, 122340,
       124111, 141433, 112171, 152983,  87324,  11225, 119408,  52853]), array([ 22128,  50727,  32775,  47334, 144510,  75904, 144695, 137920,
        63631,  62762, 105113, 132971,  67005,  15192, 148024,  70443,
        57825,   1247,  31770,  14041,  22716,  88364,  91215,  77469,
        15856, 125348, 106736, 120475,  10183,  85623, 112047,  46427,
       141555, 140578,  58173,  87328, 148569, 121727,  51492, 134656,
       125975,  11181,  12104, 110701, 124357,  70038,  26251,  29152,
       126381,  82567, 149106, 104927,  55155, 127491,  87440,  45460]), array([145640,  24352, 151566, 137709, 110355,  33788,  39811,   1527,
        78325,  30713,  97771,  65483, 123249, 123408, 126305, 115920,
       112191,   2512, 121621, 116400,  66040,  11723,  21520,  80014,
        94022,  26532,  35210, 152122, 122381,  41987, 112798,  81975,
        65491,  36358,  35936, 100688,  35486,   9500,  92393, 112642,
       146510,  20532,  21047,  97412, 106574,  34752,  15177,   1149,
        65548, 151184,  96574,  30936,   2437, 108310, 117021,  84502,
       141898]), array([ 24760,  16865,  46349,  80391,  59956,  28878,  91023,  63807,
        36371,  40492,  53032,  90928,  76212, 131461,  10647,  78229,
       123419,  77297,  27382,  45147,  50752,  55577,  75286, 115308,
        95620,   8994, 104427,  22122,  58575, 104621,  19561, 126458,
       133904,    304, 111414, 150336, 109299,  11063,  83476,  54702,
       152280,  51594, 106095,  38989, 104272,   1491, 111255,  63624,
        98525, 115797, 114516,  32746, 107499,  19529,  58023, 119346,
         2781]), array([132513,  29616,   5111,  10995,  90597, 113157,  80075,  79959,
        48783, 141503, 140956,  88523, 114061, 129074, 130905,  91635,
        45770, 136373, 100367,  47276,  35403, 116976, 100876,  53377,
       106510,  91078,  15349,  32548,  48707, 140230,  96611,  90417,
         2653,  95757, 142154, 133720,  58694, 148536,  18194,   9119,
        93424,  54407, 153133,  71762, 102839,  16618,  72092,   9552,
        11799, 145715, 137071,  30319,  73467, 150258,  68408,  32660,
        90512, 117787,  74570,  98309,  62192, 107400]), array([  9298, 118253,  74385,  41281,   9492,  93717,  89082,  33891,
         4188, 102293,   9487, 101095, 150843, 111964,  58922, 135360,
         3147, 126329,  75204, 102127,   1730,  31879, 122938,  78582,
        49926, 123876,  13113,  81564,  85796, 117864,  96535, 137517,
       123232, 119495,  76235,  92925, 104279,  23804,  95899,  68452,
       140624,  31503,  97258, 130122,  85125,  17112, 107275,  65832,
        19584,  69238, 120027, 135787,  31747,  73158,  77823, 136102,
        77064, 104583, 141971,  80761,   5073,  23902,  26628,  46685]), array([ 62477, 131136,  52837,  73020,  74699,  82084,  20808, 122891,
        45866,  20098, 152077,  56060,  54551,  95463, 118510, 114021,
        46009, 119118,  25771,  39810,  32608,  11188,  69759,  66442,
        82501,  64399,  21048, 108689, 133829,  53527,  32934, 134149,
        40837, 118089, 136846,  47681,  66342, 134170, 100639, 129474,
       105062, 105020,  76280,   4774,  59026,  15609,  93795,  71445,
       147756,  89985,  74787,  12027,  85225,  66763,  49657,  53394,
       130827,  61140, 121648,  48034,  73032, 127671,  23918,   1315,
        54377]), array([102016, 114756, 111917,  87855, 110507,  47225,  71622, 145615,
        45233,  49643, 116295,  12481,  22106,  53195, 148846,  66018,
       144531,  59606, 100200, 118402,  19701,   9542, 133206, 100904,
        26589,  34914, 129174,  56799,  55890, 125726, 122934,  72003,
        23916, 122861, 137317,  47366,  12355,  87219,  94165,  27760,
        51325, 114442, 132495,    293,  94237,  10701,  96179, 103485,
       146202, 107083, 119243,  34291,  47336, 129199, 113942,   3706,
       136999, 139376,  63910, 145572, 100131, 138778,  61820,  12165,
        73368,  98554]), array([139760, 150653,  87074,  93993, 146192, 123336,  55235, 112978,
          790,  76464, 150824,  85918,  68004, 151360,  82260,  80726,
        30192,   8785,  44468,  80299, 135804,  96262, 148034, 145649,
        41833,  20487,  75348, 119564, 153813, 153455,  38465,  41985,
         9668,  74965,  75479,  66202,  60621, 141537,  82584, 119026,
       148609,  99119,  56538, 104708,   7098,  89054,  99948,  18090,
        44794,  60942,  80046, 144292,  22443,  68839, 127351,  83881,
       107309, 133660,  60888,  86222, 129490, 142380, 109957,  59344,
        58016,  50425,  19225]), array([ 79088,  16568,  80658,  71656, 105008, 102705, 103809,   5540,
        75258,  21586, 108121, 113784, 114164,  60626, 122894, 130915,
        32073,  96393,  46541, 108125, 137396,  13261,   7479, 118014,
       146792, 128976,  37203,  20240,  27041,    237,  18896,  81736,
       126486,  90242,  32163,  93449,   2166,  51265,  46207,  29840,
        43536, 146671,  62340,  31797,  65919,   2785, 126818,  62490,
       100964,  29018, 136145,  37181, 100771,    603,  59531, 107925,
        17820,  37788,  60821, 101132, 116273,   2891,  61752, 111896,
       142607,  59342,   2542]), array([ 82755,  13161,  35983,  67826,  17852,  55925,  41475,  25727,
       152002, 125831, 115627,   7526,  64915,  53553,  91110,   3550,
        66393,  72167, 127035, 106534,  39141,  28310, 143408,  18282,
        46329,  69728,  66853,  34566, 144241, 149251,  14694,  24858,
         2081, 120077,  56052,  97199, 128397, 139509,  45067, 150580,
        54342,  35922,  70486,  91172, 120312,  90976,  41611,  77460,
        15660,  76428,  52686, 111406,  10035, 124490,  85808,  79937,
       144890,  76354,  18845,  97294, 133652,  12214,  54393,  69249,
        35063,  66388,  49391, 126200,   5123,  45149,  46163,  64190,
        64531, 141808, 135481,  85705, 101856]), array([111405,  30385, 128589,  35305,  94553, 147565, 151711, 122236,
        48164,  44442, 107077, 151300,  54814,  92822, 121275, 116344,
       117725,  41652, 102985,  81731, 132591,  89807,  88368,  98538,
        69298,  52179,  19544,  18874,  26395,  29776,  90595,  20654,
        21647,  87314, 119589, 151535,  37216,  22297, 143487,  42281,
        49167,  97210,  38499, 148341, 123825,   9235,  26491,  96839,
        19859,  30572, 120201,  33488, 129402, 114376, 135351,  70519,
        20511,   4537, 127919, 137348,  64820,    432, 112342,  27095,
        79392, 142152, 102925,  48375,  54141,  74551,  46250,  89682,
        27943,  41373, 138098, 142218, 139942,  16678, 129296,   2529,
       125409]), array([  2105,  63761,  53300,  25190, 134948, 103551,  60324, 143830,
        79861, 119479, 138281,  28271, 120800,  65010,  33970,  68948,
       129952,   3826,  49068,  99208,  56662, 142024, 109438,  23358,
         6913, 125617,  94406,   6082,  25551, 108757,  40042, 129393,
        28278, 126849,  32987,  83525,  70099,  79736, 120184, 142674,
        67675,  24999,  20866, 106383,  79068, 146726, 118880,  85336,
        86231,  67543,  43300,  56571,  12962, 117655,  62472,  56257,
        96947, 126877,  57479, 126178,  19186,   1053, 135648, 133524,
        78628,  65895, 104084,  74932, 136098, 130257,  72136,  56610,
        70251,  35091,  62258,  91250,  41026,  99350,   6427,  43287,
        39137, 118380,  17460,  42044,  11519,   7088, 135614,  25544,
        74980,  54031, 135574,  85430, 119574,  67088, 118753, 127642,
        30500,   2901,  48570,  36850,   4622,  21031,  64789, 150708,
         7815, 143534,  59392,  73708]), array([ 16910,  36572,  74285, 105647, 146843,  99645, 145406, 109858,
        79071,  71977, 103740,  89300, 100870,  49291,   3136, 148694,
        29384,  20913, 139261, 106235,  68231, 141571,  43073,  58586,
        53554, 131884, 109163,  78342,  30366,  17272,  53159,     58,
       137903,  96560,  70041, 147519,  40546,  62497,  33700,  72831,
        45496,  83358, 121083,  41379, 118707,  59816,  14448,  77387,
       105435, 112187, 115236, 126544, 152439, 125561, 130808, 123556,
        97409,  66658, 141950,   5574,  12591,   1916, 103287, 123950,
        66194, 153151,  62315,  49637,  47876,  54696,  39348,  83089,
        57433, 103130,  32351,   4134,  19541,  66725,  67715,  17537,
       127717, 137860, 114684,  49850, 116080, 144021,  35530,  87848,
       100220,  37426,  25823, 130206, 105452,  70108,  89799, 117337,
       122695,  56581, 143954,  78486,  94367, 122056,  20321,  83788,
        37035,  41544, 131470, 153810, 115115, 116907,  37098,  47719,
        88954, 116667, 105567,   9369,  99005,  61090,  92270, 110382,
       110586, 153458,  73065,  84154,  26112,   8646,   5721,  37913,
        80664,  37405,  72072,  33427,  38930,  40158,  18810,    642,
       132897,  96710,  13960,  10610, 145221]), array([136391,  52728,  21833,  67024,  65860,  12288,  84099, 107247,
        72883,  74096,  22600,  95222, 138172,  68572,  19000,  51975,
       141054,  24052, 128539, 136687,  55734,  22502, 105516,  11510,
        24449,  74879, 103018,   9829,  11328,  72239, 143892, 136814,
       121493,  61612, 133613, 120687, 104546,  42401,  86225,  76100,
        18442,  37143, 144287,  92570,  95923,  79098,  24754,  65055,
       142451, 123613, 115686,  83586, 106765,  39793,  38486,  15700,
       131968,  11474, 101818,   9644,   5149,  33827, 118738, 142967,
       120659,  22997,  43525, 109083,  58393,  57419, 101058, 143297,
       109210, 103454, 119025,  59316,  16762,  60894,  67561,  36623,
        75271,  57257, 144637, 122020,  23852, 141608,  20752, 151717,
       115422,  22679, 140834,  67436, 111836,  77532,  63237,  95443,
        51965,  20393,  80907,  62640,  41250, 111616, 124689,  10292,
        19144, 136968,  20122,  67042,   7929,  52050, 144412,  15713,
       153170,  98454, 103456,  72345,   5317,  74290, 138343,  86666,
       136678,  61100, 111614, 151477, 112700, 147503, 152184,  90746,
       110587,  84389,  67226,  58279,  96908,  25690,  78271,   3968,
        98771,  51743, 117508, 115507,  81367, 121274, 115403, 129586,
        69004]), array([148370,   7832,  36368,  12230,  78145,  87549, 128034,  21686,
        65519,  79705,  71821,  41040, 119241, 120091,  26542,  42312,
        99163,  53488, 147195,   7821,  31639,  87147,  89121, 146856,
         4811,  87980,  50001,  35238,  79051,  85987,  11500,   6583,
       124972, 143592,  16769,  77344,   8870, 115594,  27178, 121228,
         7407,  93295, 110334, 114422, 104861, 116318,  55675, 146941,
         6824,  25378, 151168,  10287,  99156,  91538, 110919,  51372,
        18749,  43483, 145631, 139157,  35122, 108472, 129877,  96454,
        18902,  14416,  29654,  86607,  23319,  51537,  23399,  65856,
        53070, 127068, 137313,  84925,  84057,  37456, 132068,  37814,
       151106,  85260, 102845,  78683, 153671,    405,   6874, 152964,
        16475,  77116,  56776, 115607,   3067,  78132,   3243, 137090,
        98887,  48360,  86022, 152527,  99466,  60280,  95399, 112105,
       117830,   6510, 119273,  29151,   1297, 142060, 143667,  63950,
        11285,  20100,  98623,   3887, 117414, 141189,  71167,  13355,
        13796,  48020, 124566,  23533,  12345, 145225,  11387, 139360,
        83169, 105426, 137311,  47848,  86221, 121303, 138045,  26903,
         5462,  40271,  27379,  16689,   8264,  55417,  79744,  48714,
       113508, 127274,  63548,  97899,  86425,  78234,   7222,  94381,
       107098]), array([100794,  95683,  72530, 113643,  90286, 110115, 118201,  54083,
        11522,  83306,  85326, 111932, 109173,  42086,  84404,  14814,
        91395,   1710,  49394, 141200,  96382,  78515, 140057,  51516,
        29010,  49508,  57057, 103054, 142840,  20343,  32308,   9293,
        28697,  93058,  28158, 102117,  49195,  44848,  59451,   6284,
        55812,  54610,    693, 129444, 109925, 112229,  35564,  25932,
        60525,  82705, 123572,  79795, 108974,  14514,  38026, 132014,
        52237,  74531,  87313,  99222,  27873,   8744,  40449,  49154,
        94331,  52986,  23476, 134244, 146100,   4115,  86356, 134483,
       132857,  31501, 151012,  35303, 105679,  54144,  63711,  39744,
        43853,  78184, 110908, 138649,  19096,  12948, 132517,  57932,
       144198,   9074,  75837, 108354,   3181, 146247,  51198,  50163,
        69858, 136410,  22586,  97398,  59852,  84813,  14412, 146779,
        38336,  38090, 139366,   4453,  75333, 133214,  92214,  22090,
        66637, 127677, 138849,  21179, 149582, 108112,  44082,  43974,
        17929,  56013, 131872,  85551, 107497,  98664,  79514,  90371,
        24555, 150187,    172,  93867,  91643,  69348, 115072,  96466,
        20527, 120721, 146020, 127901,   2962, 151931, 152814,  48738,
        39698, 105870,  70614, 105266, 115808,   3280,  71681,  78173,
        10308,  23565, 129069,  39405,  79489, 152808,  34954,  69443,
        65989,  76344,  50709]), array([138053, 123313, 130117,  34464,  91590, 148445,  82753, 125082,
         6783,  21541, 112829, 144478,  83095,  66521,  11386, 116455,
       128689,  86350,  15939,  13381, 131500,  87172,    823,    196,
        81729, 148941, 122060,  61761,  69962, 138996, 151699,  23771,
        57957,  62209,  64024, 134520,  71113, 134910,  12018, 126360,
       153403,  51168,  89363,  27849,  45609, 153750, 100776,  36821,
        80448, 141490,  65605,    481,  46858, 152443, 127336,  91749,
        66116,  27522,  44930,  25998, 135061,  19539,  32827, 121998,
        33497, 111205,  32842, 114405, 151263,  39481,  86634,   5523,
       133134,  26276, 101487, 112864,  72448, 141265, 140377,  89166,
       151102, 103216,  40308, 115618,  87052,  11854, 118464,  71629,
       111251, 127742, 138431,  22450,  41835,  92418,  88342,  93565,
       115392, 141370,  79927,  80558, 140940,  46765,  25583,  68217,
       139485,  60706, 121521,  50619,  26516,    991,  43015,  78905,
        99742, 106371,  56966, 103247, 107630, 129591, 111952,  93032,
       151082,   2334, 149322,  13564,   2925,  26600,   5535,  71010,
        33049,  96825,  57561, 130782,   4646,  11305,  37662,  53235,
        14575, 134065, 149915,  44792,  69350,   6865, 122114, 116876,
        60926,  65449, 147852, 124814,  70563,  99750, 108193, 139817,
        99779,  34674, 125456,   7197, 131990,  30478,  56414,  85478,
        93620, 146930, 127921, 118328,  21196,  26867, 141175,  60738,
        17020]), array([ 55629,   3059,  68852,  92115,  99603, 121955, 141813, 149095,
       133590,  75381,  36959,   1921,  25557,  25260, 113553,  69641,
       117616,  87505, 124104,  77843,  79452,  44765,  84212, 142796,
        81991,  70201,  90468,  67993, 121317, 109222,  67254, 131092,
        75052,  80274, 119898, 116512, 112126,  45051,  57919,   6728,
       134915, 111388,  21748,  12650,  71241,  31921,   9491,  50833,
        92040, 106529,  24970, 142821,  26382,  83359, 113762,  75054,
       127275,  41581,  58082, 117334,  61632,  64406, 135129,   8045,
       147791,   3303, 119039,  47337, 107451, 112370,  68207,  42020,
        88594,  71122,  96666, 128793,  72716, 107758,  23961,  89575,
        46812,  64135,  15851,  54154,  74024,  17635, 138233,  41301,
        59103,  18623,  91409,  49895,  92340,  58405,  20624, 120604,
        76426,  91664,  90898,  39236,   5393, 143091,  54338,  76613,
        74184,  16213, 152265,     16, 131799,  89901, 108920,  35192,
       142389,  58209,  70843, 100992,  78201, 121864, 127474,  30068,
        43405,  20317,  49579, 153173,   7892, 114887,  32859, 151954,
        61825,  53275,  88687,  50625,  26052,  17702, 144739,  55718,
        68462,   5909, 102139,  28114,  85084,  14746,   3475, 145986,
        42827,  97491,  98446, 121114,  73119,  19498,  62451, 110621,
       127746, 102538,  33209,  18179,  29306,  62116,  73949,  29596,
        51467,  24544,  86963, 121775,  13800,  47169, 152060,  73187,
        36892,  11577,  41879,  94015,  73967,  86403,    531,  71112,
       106188,  90147,  19846,  16795, 149864,  17331]), array([139482,  58382,  83235,  83494,  90924,  85622,  45493, 111735,
        62353,  11008,  61807,  62635,    108,  73865,  12791,  38965,
       144468, 147405,  45870, 118293,  29666, 151552,   4707, 136177,
       134593, 118146, 122463,  29849,  95784, 135711, 122510,  69969,
        52041, 134142, 118135,  76684,  42050,  42183, 102199,  28467,
        48751,  81284, 122899,  56274, 107452,  91069,  20265,  49725,
        36758, 137362, 132477,  43273, 136073, 147316, 145610,  83246,
        76243, 110545,  62879, 111852, 133095,  20294,  46928, 130752,
        63960, 113532,  18932,  75983,  14086, 119729, 100047,  60699,
       131652,  78433,  28097, 148746,  10066,  66522, 142465, 112372,
       126452, 112123,  79266,  29540, 122244,  92998, 131464,  41167,
        28399,  73356,  73300, 115642,  11107, 100330, 138299, 133776,
        55902,  99456, 123986,  90418,  53956,  24900, 100119, 112965,
        91441,  86923, 129595,  67441,  76275, 126668,  27449,      7,
        26501, 103758, 118913, 118267,   4300,  33785,   2005,  96969,
       130378,  49655,  71634,  77608,   7106,  72687, 147655, 127637,
        11088,  65033,   3282, 115328, 151381,  14432,  32124,  21102,
        22120, 137304,  31870, 103230,  57590, 137891, 142598,  93017,
       116953,  52597,  42413,  54092,  16377,  34440,  27405,  89217,
       133062,  70692, 147794,  67701, 148999,  72106,   7623,  77631,
        29422, 134935,  91751,  71323, 120717,   1712,  42389, 119571,
        53391,  55149, 134217, 150855, 129167, 140441,  47641,  41188,
        23208,  65997, 112736,  21734, 107533,  87005,  38740,  23823,
        90977, 132063,  68545,  92458,  79434, 114196,  99906,  55267,
        11043,  36399,   8091,  96875,  79382, 120408,  44207,  65240,
       119528,   2232,  58307,   9475,  36549, 115854,  41273, 125057,
        15218,  21963,  29280]), array([119768,  35493,  48528, 145317,  11747,  41760,  24801,  30686,
       107809,  97143,  54380, 102892,  85314,  29258,  94549, 142873,
        75651,  83044, 116583,  98036, 113187,  54431, 122502,  76102,
       143191,  30535,   8320, 124883,  47496, 146255,  89570,  28504,
        21193,  47535,  51180, 118381,  85292, 130652,  87850,  37425,
        58733,  94181,  33953,  48520,   6760,  52056,  57710,  36076,
       104230,  10842,   9634,  10357, 129418, 121159, 114315,  45338,
         5707,  99172, 128925, 152583,  98986,  98861,  24901,   3445,
        22843,  80613,  77884,  81420,  20687,  96141, 107256,  84748,
       113166, 125087, 142145,  58062,  97185,  98813,  98878,  88411,
        79303,  80686,  71843,  16986,  73077,  74665,  57131, 151707,
        97475,  71184,  37854,  63196, 124482, 140065,  63094,  11997,
        45583,  26844,  92433,  21112,  73047, 115421,  51473,  15236,
       110356,  67882, 112825,  30237,  42801,  39921,  45953,  19682,
       101669,  90693,  10930, 121314,  53853, 135677,  31216, 130458,
        66033,  99841,   7108,  25056,  45629,  15251,  21639,  79894,
       124682,  67820,  43112,  95265,  79485,  24498,  61219,  29729,
        76617,  83686, 118919, 145108, 135955,   6554,  31831,  51353,
         1602,  10383,  14533, 143489,  89271,  22609,  41352, 134009,
        23758,  80847, 140985,  97989,  32270, 132603,  71842,  70542,
       102110,  74461,  55622, 140689,  57777, 121383,  65976,  56167,
        56568, 139839,  25944,    584,  32289, 107505,  19347,  77522,
        43879,  19285,  74954,  21440,   4859, 113904, 101397, 103073,
        14916, 111547, 143220,  94083,  48284,  38495,  86010,  36956,
        95544,  99095, 129384,  21796, 127212,  88541,  95390,  25495,
        64380,  76442,  43047, 153186, 106570,  77962, 127454, 146881,
        85075,  77086, 126806, 113347, 109317, 141557,   5547,  50419,
        55077,  60585,  58791, 118646,  35674, 124921,  88281, 140072,
       109690,  39835,  91297,  36897, 110967,  38494,  99254,  45669,
       100024,  45962, 111543, 116369, 112681,  11768,  48608, 124157,
        25859,  57735,  11082,  47229,   3182,  86428,  54832,  72664,
        86115, 113582, 109655,  17977, 140864,  28508,  35618,  39809,
        56749, 124824, 107043, 100941,  28413, 142212,  96964, 103839,
       126972,  91968, 145757, 103239,  54233,   4432,  77788,  16288,
        90351, 153590, 103598, 140435,  26048,  74919, 103089,  36363,
        70944, 144136,  33281, 141870,  89735,  25426,  91264,  53951,
        61573,  26156,  40648,  36171,  43265,  41233, 107069, 117209,
       111703,  20830, 106454,  87550, 147173,  89678, 104027,  14806,
        13409,  51580, 120536, 100501,  96014,  86381, 149819,  19130,
       113504,   9090,  16979,  84802,  79254,  55992, 138287, 105707,
        91083,   1692,  49514,  26596,  60670, 103570,  31777, 145580,
        90137,  26981,  35251,  59370,  46077,  92395,  12578,  26074,
        58002,  73358,  68821,  95132,   7640,  12164,  80642, 141577,
        68996, 115046,  17052,  78449,  48214,  94292, 103724,  77101])]
shape of feat_train: (3078, 602)
Mean accuracy: [0.8888278454476453, 0.002447083930584099]
