Namespace(dataset='reddit', dropout=0, epochs=400, gpu_id=0, hidden=256, inductive=1, keep_ratio=1.0, lr=0.01, method='herding', mlp=0, nlayers=2, normalize_features=True, reduction_rate=0.005, save=True, seed=1, weight_decay=0.0)
size of adj_train: (153932, 153932)
#edges in adj_train: 10753238.0
Test set results: loss= 0.4898 accuracy= 0.9398
idx_selected :  [array([13694]), array([ 97335, 109506,  54753]), array([ 67316,  96494, 151853,  56074,  23562]), array([ 94720, 115630,  55040,  49871,  19336]), array([123541, 143721,  52201, 134521, 115852]), array([ 82638,  96140, 146276,  62269,  17879]), array([ 38313,  88598,  60723, 100758,  66144,  44102,  22284]), array([132163, 134559,  41946,  51002, 110087,  39445, 128437]), array([ 78624, 118520,   4011, 123621,  95918,   1070,  70775]), array([110337,  15991,  99651,  74345,  86229,  34880,   2477, 109606]), array([ 56748,  71198,   2111, 125542,  77495, 100804,  95162, 145673,
        35453]), array([118869, 112037,  36095,  16450, 107165,  90805,  57375,  92516,
       112619]), array([ 98249, 107048,  48037,  36670,   6617, 153034,  73646, 132041,
       112217,  62101]), array([ 74183, 135952, 104505,  90916,  31424,  78391,   1975,  19601,
       132144, 110268]), array([  8560,  62986,  47436, 132162,  10113,  56726,  22409,  43431,
       104803,  50827,   8819]), array([ 25595,   6381,  40993,  74453, 113064,  49208, 144884, 142125,
        33796,  73249,  45236]), array([135092,  16767, 129995,  82525,  52561,  95809,  98615, 121390,
       140926, 152652,  42647]), array([114075,  42843,   5135,  51660,  16544, 141964,   2707,  72973,
        60423, 129902,  11213]), array([ 58287,  60122,   4251, 126648,  38412,   6923, 125642,  86493,
        63121,  98727,  76430,  36340, 114863,  77633]), array([  1246, 152559, 127398, 104049,  51503,  45117,  83786,  73873,
        42084,  32731, 114469,  81482,  56180,  29603]), array([131943,   5012,  28602,  70658,  88099,  37610,  91575, 103635,
       131951, 103113, 153070,  25128, 143229,  99786]), array([ 22128,  50727,  32775,  47334, 144510,  75904, 144695, 137920,
        63631,  62762, 105113, 132971,  67005,  15192]), array([145640,  24352, 151566, 137709, 110355,  33788,  39811,   1527,
        78325,  30713,  97771,  65483, 123249, 123408]), array([ 24760,  16865,  46349,  80391,  59956,  28878,  91023,  63807,
        36371,  40492,  53032,  90928,  76212, 131461]), array([132513,  29616,   5111,  10995,  90597, 113157,  80075,  79959,
        48783, 141503, 140956,  88523, 114061, 129074, 130905]), array([  9298, 118253,  74385,  41281,   9492,  93717,  89082,  33891,
         4188, 102293,   9487, 101095, 150843, 111964,  58922, 135360]), array([ 62477, 131136,  52837,  73020,  74699,  82084,  20808, 122891,
        45866,  20098, 152077,  56060,  54551,  95463, 118510, 114021]), array([102016, 114756, 111917,  87855, 110507,  47225,  71622, 145615,
        45233,  49643, 116295,  12481,  22106,  53195, 148846,  66018]), array([139760, 150653,  87074,  93993, 146192, 123336,  55235, 112978,
          790,  76464, 150824,  85918,  68004, 151360,  82260,  80726]), array([ 79088,  16568,  80658,  71656, 105008, 102705, 103809,   5540,
        75258,  21586, 108121, 113784, 114164,  60626, 122894, 130915]), array([ 82755,  13161,  35983,  67826,  17852,  55925,  41475,  25727,
       152002, 125831, 115627,   7526,  64915,  53553,  91110,   3550,
        66393,  72167, 127035]), array([111405,  30385, 128589,  35305,  94553, 147565, 151711, 122236,
        48164,  44442, 107077, 151300,  54814,  92822, 121275, 116344,
       117725,  41652, 102985,  81731]), array([  2105,  63761,  53300,  25190, 134948, 103551,  60324, 143830,
        79861, 119479, 138281,  28271, 120800,  65010,  33970,  68948,
       129952,   3826,  49068,  99208,  56662, 142024, 109438,  23358,
         6913, 125617,  94406]), array([ 16910,  36572,  74285, 105647, 146843,  99645, 145406, 109858,
        79071,  71977, 103740,  89300, 100870,  49291,   3136, 148694,
        29384,  20913, 139261, 106235,  68231, 141571,  43073,  58586,
        53554, 131884, 109163,  78342,  30366,  17272,  53159,     58,
       137903,  96560,  70041]), array([136391,  52728,  21833,  67024,  65860,  12288,  84099, 107247,
        72883,  74096,  22600,  95222, 138172,  68572,  19000,  51975,
       141054,  24052, 128539, 136687,  55734,  22502, 105516,  11510,
        24449,  74879, 103018,   9829,  11328,  72239, 143892, 136814,
       121493,  61612, 133613, 120687]), array([148370,   7832,  36368,  12230,  78145,  87549, 128034,  21686,
        65519,  79705,  71821,  41040, 119241, 120091,  26542,  42312,
        99163,  53488, 147195,   7821,  31639,  87147,  89121, 146856,
         4811,  87980,  50001,  35238,  79051,  85987,  11500,   6583,
       124972, 143592,  16769,  77344,   8870, 115594]), array([100794,  95683,  72530, 113643,  90286, 110115, 118201,  54083,
        11522,  83306,  85326, 111932, 109173,  42086,  84404,  14814,
        91395,   1710,  49394, 141200,  96382,  78515, 140057,  51516,
        29010,  49508,  57057, 103054, 142840,  20343,  32308,   9293,
        28697,  93058,  28158, 102117,  49195,  44848,  59451,   6284]), array([138053, 123313, 130117,  34464,  91590, 148445,  82753, 125082,
         6783,  21541, 112829, 144478,  83095,  66521,  11386, 116455,
       128689,  86350,  15939,  13381, 131500,  87172,    823,    196,
        81729, 148941, 122060,  61761,  69962, 138996, 151699,  23771,
        57957,  62209,  64024, 134520,  71113, 134910,  12018, 126360,
       153403,  51168]), array([ 55629,   3059,  68852,  92115,  99603, 121955, 141813, 149095,
       133590,  75381,  36959,   1921,  25557,  25260, 113553,  69641,
       117616,  87505, 124104,  77843,  79452,  44765,  84212, 142796,
        81991,  70201,  90468,  67993, 121317, 109222,  67254, 131092,
        75052,  80274, 119898, 116512, 112126,  45051,  57919,   6728,
       134915, 111388,  21748,  12650,  71241]), array([139482,  58382,  83235,  83494,  90924,  85622,  45493, 111735,
        62353,  11008,  61807,  62635,    108,  73865,  12791,  38965,
       144468, 147405,  45870, 118293,  29666, 151552,   4707, 136177,
       134593, 118146, 122463,  29849,  95784, 135711, 122510,  69969,
        52041, 134142, 118135,  76684,  42050,  42183, 102199,  28467,
        48751,  81284, 122899,  56274, 107452,  91069,  20265,  49725,
        36758, 137362, 132477,  43273]), array([119768,  35493,  48528, 145317,  11747,  41760,  24801,  30686,
       107809,  97143,  54380, 102892,  85314,  29258,  94549, 142873,
        75651,  83044, 116583,  98036, 113187,  54431, 122502,  76102,
       143191,  30535,   8320, 124883,  47496, 146255,  89570,  28504,
        21193,  47535,  51180, 118381,  85292, 130652,  87850,  37425,
        58733,  94181,  33953,  48520,   6760,  52056,  57710,  36076,
       104230,  10842,   9634,  10357, 129418, 121159, 114315,  45338,
         5707,  99172, 128925, 152583,  98986,  98861,  24901,   3445,
        22843,  80613,  77884,  81420,  20687,  96141, 107256,  84748,
       113166, 125087, 142145,  58062,  97185,  98813,  98878,  88411,
        79303,  80686,  71843,  16986,  73077,  74665,  57131, 151707,
        97475,  71184,  37854,  63196, 124482, 140065,  63094,  11997,
        45583,  26844,  92433,  21112,  73047])]
shape of feat_train: (769, 602)
Mean accuracy: [0.8055029457476417, 0.006462897432878492]
