Namespace(dataset='reddit', dropout=0, epochs=400, gpu_id=0, hidden=256, inductive=1, keep_ratio=1.0, lr=0.01, method='kcenter', mlp=0, nlayers=2, normalize_features=True, reduction_rate=0.01, save=True, seed=120, weight_decay=0.0)
size of adj_train: (153932, 153932)
#edges in adj_train: 10753238.0
Test set results: loss= 0.4640 accuracy= 0.9409
idx_selected :  [array([13694, 38678]), array([97335, 98628, 25715, 90474, 60351,  1771, 63266]), array([ 74959,  28828,  35594,  53645,  97922,  83885,  32777,  96474,
        56670, 153735]), array([ 60223, 135926,  39156,  30146,  75911,   1518, 101592, 123929,
        37840, 146664,  21889]), array([113413,  29314,   9803,  85208, 131327,   6599,  97202,  63022,
       124868,  78867,  33419]), array([ 82638, 106042, 141692,   9010, 151710,  38791, 123879, 106946,
       147397, 134865, 148507]), array([112977,  95506, 142049, 151991,  68787,  87816,  20066, 123587,
        44774,  60928,  53927,  87132, 125281,  85448]), array([  2758, 135307,  63642,   2275,  54349,  56519,  95947,  54850,
        31954, 123652,   5753, 153018, 142869,  21824]), array([ 78624,  60849,  43890, 117592,  89580, 143137, 153409, 124152,
        54845,  97693, 133426,  71200,  49329,   1892, 136607]), array([ 15991, 132598, 119424,  41678,  37725, 112637, 123268, 116123,
       103673, 150619, 104644,  20283, 141701,  37838,   7823,  95697]), array([ 72880,  79580, 128537,  82632,  66344,  40933, 136178, 121960,
       132428,  86338, 140453,  21385,  70448,  86147, 116132, 124420,
        45732,  78825]), array([103974,  52958,  53054,  76880,  29707,  40262, 107826,   7822,
        35469,  27328,  45774,   7651,   6558, 126289,  41452,  28681,
        76250,  73694]), array([ 98249,  60884,  96145,  42332,  32300,   3881,  58498, 141271,
       101721, 106884,  28287,  98266,   5210,  89472,  51008, 126027,
        12045, 114711,  60434, 131078]), array([ 74183, 145004, 118377,  61133, 121446,  29993,  60573,  56786,
        54307,  10978, 105474,  53046,  15973,  65883,  95393,  50347,
         2260,   7782,  87006, 114788,  77702]), array([  8560,  81379,  27706,  19730,  12509,  86372,  37882,  72363,
       101400,  79411, 134215,  62499,  52722, 144484, 123433,  56077,
       121153,  87016,  39954, 112381, 141522,  64925]), array([ 25595,  90933,  75217,  59563, 151376, 118346, 134743,  32402,
       140799,   5242,  91916, 106853, 150743,  41259,  94266, 149663,
        10919, 141441, 142947,  49821,  57390,  46884]), array([ 97827, 150586,  14068, 127598, 139961,  10069,  53171, 133395,
       138805, 150497,  48776, 128909, 129458, 131945, 101488,  24957,
        77201,  95456,  47428, 129465, 104822, 137984,  44717]), array([114075, 132008,  93298,  14206,  49577,  87159,  64906,   4619,
       136572,   4612, 125048, 144590,  92600,  90763, 138212,  81017,
        48017,  68768,  80637,  76182,  63938,  25497, 132164]), array([ 58287, 101879,   3005, 139910,   2932, 122251,  63085,  45174,
        99483, 106905,  33088,  69359,  86368,  26722,   7138,  12015,
       120251,  26464,  51010,  62798,  49621,  21893, 127085, 116091,
       116969, 129097,  51945,  59347]), array([  1246,  19904, 120272,  67514,  66895, 132829,   9337,  61508,
       132832,  40397,   3429,  98964, 117090,  98290, 129140, 138173,
        83055,  89971,  30426, 131703, 134412,  68403, 134277, 138545,
        15889, 101983,  91583,  59157]), array([  5012, 140788,  23206, 129051, 121685,  86452,  18728, 149951,
       147139,  67458, 127516, 127993,  73479, 137340,  75814,   9539,
       121218, 143509, 149256, 139364,  86284, 106957, 111275,  48237,
       114810,  24782,  64676, 142992]), array([125975, 123480,  98753, 123073, 145463,  26172, 143842, 129413,
       153466, 121977,  76981,  81984, 104363,  89856,  82195,  26453,
       131112, 145520,  67828,  50065,  36818, 120109, 126319, 130195,
        13278,  63490, 118790, 152239]), array([ 24352,  92663,   5871, 122200,   5919,  80810,  45891,  19821,
        95266, 101304,   6010, 122294, 142299, 115513, 122876,  80845,
       114448,  25871,  77423,  80392,  53490,  37996,  86394,  18047,
        10277,  57329, 108275, 150008]), array([ 16865,  62738, 126976,  69439,  29692, 109223, 149005,  75659,
         8058,  54484, 151292,   7632, 126979,  58034,  86697,  32144,
       134560,  72511, 146675,  55473,  56471,  84737,  40301,  73960,
       119425, 100026, 149186, 150272]), array([114061,  24160,  35851,   3321, 139145,  57599, 109910,  76515,
        69694,  50953, 117436, 142448, 113207, 133054,  59452,  13032,
       148605,  52905,  41153, 146831,  27145,  84861, 122348,  27396,
        18223,  83368,    957, 122469, 121466, 141078,  90816]), array([141971,  91676, 129749,  53371, 121008, 145234,  68395,  37873,
        34401,   5008,  18747,  58228, 115224,  59472, 152398, 114688,
       153513, 118975,  74059, 127833, 126672,  65262,  40953,  48101,
        68343,  34213, 126995,  47841, 137419,  72667,  43800, 133647]), array([ 62477,  90379,  14363,  33052,  68831,  78210,  69310, 105453,
       151718, 135805,  31630, 103432, 119713,  40962,  39868,  52379,
       124143,  34229,  36689,  88106, 133693,   3006, 146884,  25524,
        23042,   5475,  97708, 107737,     74,  22028,  75886,  38750]), array([110507,  28089, 131977,  36005,   9729,  30934,  38537,  73470,
       113444,  12994,  88355, 152364, 147111,  21494,  80173, 144315,
       133126, 133841,  87241, 116808,  85580, 106397,  96207,   6394,
        21710,  91177,  51355,  78476, 139335, 147118,  52633,  32981,
        75985]), array([139760,  68076,  98668,  67218,  24188,  22563, 130312,  53205,
       149212,  66269,  44775, 133781, 131758,  37020, 134972,  76804,
       152093,  90675, 109422,  67257,  51405,  63303, 149671, 102021,
        14172,  27582, 136337, 112435, 127202,  39831, 124512, 120953,
        43855]), array([ 79088,  40912,   8077,  75632, 152957,  14662,  40605,  33940,
        74284,  57972,  66404,  45216, 131497, 128332,  13611,  82031,
        28976,  67047,  70276, 136997,  28610,  87198,  55881, 102791,
        98178,  49672,   4965, 135577,  83375,  92946,  43484,    424,
        18154]), array([ 15834,  98306,  69295,  33517, 117670,  15846,  63907,  67109,
        49339,  94495, 151133,  75446,  31218,  80013,  99013, 108605,
       109612, 112975,  67531,  59402, 100671,   7144,  26305, 145531,
        80684, 118567,  61246,  26799,  33727,  59921,  53286,  77149,
        53143,  22188, 111303,  73223,  88023, 114605]), array([111405,  53191,  64592,  11356,  40004,  48217,   2287, 130330,
        89845, 125906,  58326,  23106,  28469, 107200,  52624, 118838,
        85565,  35803, 115324,  11445,   6049, 141453, 143761,   2505,
        51645,  29228,    218,  93281,  79918, 143952, 130709,  49822,
       128941, 153164, 117614, 146914,  13095, 100604,  61810,  77270]), array([  2105,  10228, 121002, 151598, 113222,  67645,  48719, 127762,
         8448, 152401, 150211,  54076, 153847,  44873, 145337, 129225,
        43159,  40543, 146161,  57369, 129305,  82056, 129038,  18963,
        11901,  89292, 111754, 133222, 127306,  71211,  27607, 120330,
        80133, 126588,  86238,  58667, 145892,  27353,  77604,   5016,
       128578, 153261,  23725, 153134,  58176,  87063, 125967, 110669,
       147516,  85727,  58570,  22987, 112833,    341]), array([141571,  84680,  19877,  96190, 153217,  99508, 129795,  14690,
        93766,  62344,   8649,  78680,  28837,  70592,  91453,  75574,
       117038,  81495,   6326,  73739, 139277,   5370,  34170,  24377,
        43896,  34671,  91913,  43852, 153058, 139748, 153121,  76096,
       120556,  64129,  16940, 140460,  56803, 104333,  78822,  68170,
        26415,  43553, 107434,  43145,  64261,  20324,  33162,  65245,
        59466, 103340, 136215, 145771,  62430,  58250,  87103,  37463,
       114592, 132609, 132873,  91970, 138713, 105477,  43834, 128200,
        84745,  52331,   3383, 121522, 118764,  36769]), array([120687, 128890,  31396,  37114,  19979, 129582,  30803,  12009,
       102713, 103315, 128497,  99358,  82505, 142954,  92617,  15616,
        55773,  24399,  47067, 123175,  89668, 141501,  51895,   6682,
       111779,  24767, 129161,  39997,  96868,  52995,  81765, 149774,
       137097,  38370,  71816,  12388, 116131, 115284,  41175,  70479,
        42518, 122422, 115929,  25181, 141546, 136912, 117275, 134371,
       116058,  53552,     67,  84058, 140978,  58989,  41335,  47378,
        11467, 142924,  99697,  86048,  80104,  75748, 121250,  58033,
       136419,  66690, 106772, 100588,  37926, 108154,   6781,   2881]), array([148370,  76755, 148239,   7009, 108887,  29536,  52361,  85974,
        35964, 125461, 151762,  25999, 124056, 130256,   4827,  97560,
       129783, 118186,  99214,  43721, 148203,  64223,  39380,  54150,
         2394, 114778,  38530, 120294,  82790,  54355,  48470,  82701,
       110202,  13245, 150355,  22278, 150040, 123773,  14539,  45675,
       101103,  47357, 116877,  40653,  65358,  35534, 127108,  80432,
       124283,  43035,  75739, 127959,  58883,  77230,  76904,  14080,
        44268,  31183,  81149, 133014,  99666,  96983, 147822,  22949,
       143054, 151621,  66642,  76566, 152680,  87455, 145140,  78347,
       141080,   5733, 129386,  60013]), array([ 90286,  68909, 137730,  58066, 108520,  90249,  47837,  13789,
        66268, 100479, 137846, 101506,  60207,  84048, 110253,  25299,
       124300, 112014,  79385, 111826,   2650, 151813, 129067,  98213,
        19422,  31809,  66306, 138502, 101823,   8924,  18542,  14570,
       153649, 150920, 129578, 120587, 134776,  64950, 107377, 101030,
       137614,  23378,  64878, 100197,  58207,  77312,  85530,  64650,
        42429,  54838, 133788,   7031,  63327, 123435,  34180, 136180,
        25355, 151197,  81419, 114305, 123259, 100180, 115061,  68494,
         8668,  44349,  35401, 131421,   8304,  65230,  84624, 100071,
       149837,  16008,  24089,  80388,  48838,  91290, 112043,  89038,
       130733]), array([123083,  37646,  35252,  39899, 125228,   7545,   6017,    589,
       125866,  13188, 148206,  61402, 113302,  24278, 104185,  16895,
         3626,  15184,  40734,  30520, 152512,  31470,  88818,  83630,
        31315,  62479, 107116,  69591, 139998, 144184,  30738, 147805,
        23099, 136044,  54962,  54705,  62318,  54506, 148716,  92277,
       134013, 112764, 117973, 142689, 133689,  93704, 137869, 148367,
        90603, 153068,  65462,  93221,  54258, 153429, 111831, 138980,
        34675,  97169, 137482,    271,   9390,  40997, 132790,  12828,
        41786,  31038,  69590,  61874,  33679,  70198, 107037, 113967,
        74297, 144311,  17134, 105081, 110097,  59899,  19606,  91545,
       107445,  54148, 145119, 153534]), array([ 55629, 153026,  13590,  86640,  40233, 152182,  30727,   9380,
        54646, 110976, 114138,  28357,   3674, 118121,  14767,  38776,
        62948,  62914, 149470,  86680,  77607,   3283, 150089,  24497,
        50070,  43086, 129947, 137474,  92831,  33127,  83387, 102522,
        66660,  66462, 109943, 131987, 130659,  85570, 141385, 128675,
       126395,  95151,  19978,  90292,   6086,  37026,  44507,  46653,
         6696, 105493, 102011, 123798,  11294, 124429,  65084,  35160,
       122436,  30432,  94013,  34512,  47900, 141498, 115251, 100506,
       110417, 129452,  19965, 126404,  74465,  13755, 114205, 148655,
        69840,  52190,  98392,  97046,  22818, 116771, 132694,  68273,
        53413,  50098,  41918,  55120,  78901,  70073, 108331,  11195,
       107573,   7486,  89786]), array([ 37299,  36102,   9463,  43203, 122092, 122757,  18661,  38541,
        98802, 130796,   2074, 139741,  50330,  82815,  30369, 134417,
        67599,  84379, 144827,  34454,   9167,  87903,  61423, 132664,
        84107, 118864, 150976,  16850, 130389,  28121, 145994, 130024,
       136124, 130400, 146196,   9809,  66926,  42277,  91904,  44434,
        56124, 139373,  70234,  34929, 127644, 121124,  62896,  28414,
        11825, 132836,  28814,  49462, 105702, 146245,  81689, 131606,
        96829, 100762, 133931, 106685,  79578,  15058,  99834,  42073,
       138548, 119382, 134499, 106770,   7215, 152096,  63890,  25397,
         6971, 128708,  31048,  69990,   5426,    348,  19582,  28371,
        44623, 132114,  59407,  48324, 107636,  76359,  20007,  52340,
       150494, 120636,  50789, 107886, 151144,   9207,  50976,  68277,
        27718,  72765,   6582,  68138, 117639, 100974, 141847, 138255,
         2814]), array([ 47535,  31713, 119315,  33502,  30678, 129616,   7211, 138042,
        84473, 110536,   6338, 153125,  21160,  20578,  45370,  15933,
       140212, 147112,  85540,  36406, 127958,  42151, 106865,  36932,
        37668,  66679,  99638, 128001,  26579,  47653, 127793, 137629,
        14779, 108532, 111011,  32165,  66788, 116283,  88971,  79087,
        63851, 127049, 125217,  18583,  91016,  54335,  55542, 115520,
       144897,  20632, 144785,  66880,  82593, 121257,  39049,  49116,
        75375,  91541,  97214,  26954,  59465, 151350,  72613,  71655,
        50924, 140990,  13470, 126489, 111418, 131519,  86566,  12275,
         8299, 124221, 117622, 124161,  15775,  93879,  55858,  20036,
       108600,  51032,  85524,  27484, 127294,  63333, 118134,  11944,
       101254,  73919,  92748,  26103, 149852, 117773, 128826,   1176,
       137413, 105186, 147715,  89100, 102624,  33274,  70449,  45808,
       119423,  63916,   1231, 151501,  52293,  79170,  71090, 139483,
        41899,  88354,  53797,  71383,  41112,  95084,  67812, 148859,
       147522,  63404,   1554,  63408, 135761,  48504, 102229, 131305,
       124109,  32294, 119034,  33070, 148253,  14765, 104845,  81248,
        28240,  35751, 109409,  25790, 140813,  16857, 132404,  97420,
        76294, 100537,  54695,  17200,  71478,  99122, 101817, 151935,
       126115,  97002,   4925,  39233, 127038,  32191,  42102, 151668,
       122198,  59948,  75501,  35335,  74261,  11852,  95164, 106505,
        22043,  81669,  70837, 138768,   4185,  50025,   4691,  49880,
       129106,  49777,  48473,  35322,  89608, 103164, 137749,  20175,
       115764,  87474, 137449,  43212])]
shape of feat_train: (1539, 602)
Mean accuracy: [0.7628311707087867, 0.010892483615756947]
