Namespace(dataset='reddit', dropout=0, epochs=400, gpu_id=0, hidden=256, inductive=1, keep_ratio=1.0, lr=0.01, method='kcenter', mlp=0, nlayers=2, normalize_features=True, reduction_rate=0.02, save=True, seed=15, weight_decay=0.0)
size of adj_train: (153932, 153932)
#edges in adj_train: 10753238.0
Test set results: loss= 0.4646 accuracy= 0.9393
idx_selected :  [array([ 13694,  38678, 145784,  34327]), array([ 97335,  98628,  20581,  90474,  41998,   6500,   1771, 139578,
        75254, 147387,  60351,  33619, 130846, 102418]), array([ 67316,  53645,  35594, 153735,  32777,  56670,  96474,  28828,
        83885,  97922,   7090,  61227, 140396,  51726, 116548, 123421,
        17278,  49533, 121636,   3375,  13154]), array([ 36456, 135926,  30146,  39156,  37840,  21955, 101592,  83405,
        12068,   1518,   7983,  21889, 146664,  52241, 111630,  64414,
        87225,  75911, 119267, 123929,  28575, 128653]), array([113413,  29314,   9803,  85208, 131327,  76237,  40787, 124868,
        62006,  78867,  63022,  91296,  52906, 136651,  33419, 145688,
       109630,  94002, 108024,  38269,  12152, 120289]), array([ 82638, 106042, 141692, 151710,   9010,  38791, 123879, 106946,
       147397, 148507,  83191,  43071, 129566, 153827,  45281, 136650,
       114066, 134865,  44066, 135012, 151651,  29387, 115405]), array([112977,  95506, 142049, 151991,  20066, 123587,  60928,  87816,
        68787,  87132, 112675,  44774, 135352,  53927, 110815,  51534,
        96237,  46968,  85448,  78865,  88137, 110096, 149920, 112511,
       128623, 135288,  36815,  12702,  68127]), array([132163, 135307, 120175,   2275,  31954, 123652,  17583,  56519,
        54349,  99756,  38447,   5753,  95947, 151013,  54850,  41296,
        28329, 142869,  16096,  87907,  63642,   8120,  21824, 127237,
       148284, 129285, 152894,  62877, 130202]), array([118520,  97693,  43890,  54845,  89580,  60849, 153409,  49329,
       117592, 124152, 143137, 113086,  71200, 136607,  27342,  60943,
        79863, 131071,   1892, 134980,  39255,  23141,  45684,  43602,
       133426,  96019, 133562,  78231, 139094,  68097,  50900]), array([ 28638, 132598, 119424,  41678,  37725, 123268, 112637,  20283,
       103673, 150619,  37838, 141701, 116123,  65983,  95794,  43046,
        59106,  95697,  52523, 103172,  13644, 115933, 118991,   2137,
        52608, 112881,  80609, 101779,  69977,  96226,  53013,  24312,
       138277]), array([ 77495,  79580,  71180, 121960,  86338, 136178,  66344, 109031,
        82632,  21385, 116132,  86147, 111127,   9935,  78825, 132428,
        70448, 136152, 124420,  45732,   3214, 128537, 150289,  13002,
       153645, 149151,  10162,  88874,  26544,  95102, 142849, 118842,
         2521,  40933,  31006, 114919,  62587]), array([103974,  52958,   7651,  76880,  40262,   9807,  29707, 126289,
        27328,  35469,  53054,  68336,  58764, 135950,  72660,  25928,
       151459,  73694,  41452, 109667,  45774,  76818, 107826,  51291,
        36574,  41021,  24765,  14272, 142025,  76250, 104947,  29335,
        54995, 113648,  28681, 110387,  49544]), array([ 98249,  32300,  76761,  96145,  60884, 106884,  58498,  68180,
         3881, 111970,  49046, 107676,  28287,  89472,  31430,  91479,
       114711, 144253,  12045,  75236,  10164, 131078, 114451, 130904,
         8242, 113732,  76177, 105206, 125813,   5210, 152094,  67144,
       110052,  71798,  80227, 132296, 117140,  94927, 102408,  20242]), array([135952, 145004,  29993, 113085, 121446, 118377,  37170,  65883,
       114788,  53046, 109497,  50347,  87006,  68288,  54307,  15973,
        10978,  61133,  56786,  55432,  60140, 112625, 117492, 129048,
        60573,  96659,  44039,   2260,  52571, 104751, 105474, 130729,
        69630, 146497, 149889, 148394, 126004, 116377,  46533,  89628,
       119783,  62321]), array([  8560,  81379, 101400,  19730,  12509,  79411, 112381,  37882,
       123433, 121153,  27706,  64925,  86372,  52722,  56077,  87016,
        72363,  62499,  20285, 134215,  39954, 141522,  44475, 100301,
        30185, 146720,  51803, 100411,  34509, 110766,  32875, 146191,
        85089,  89117,  14356, 126456, 144484, 150650, 118580,  97805,
        71064,  69224, 118590,  53571]), array([ 25595,  90933,  75217,  41259,  59563, 151376,  91916,   5242,
       149663, 134743, 140799,  32402, 106853, 150743,  68429, 142326,
         3399,  99616, 141441,  67250,  78103,  29940, 141679,  10919,
        95761, 125766, 109693,   5806,  39115,  25434, 121375,  23596,
        11560, 120236,  42654,  38575,  71888,  34008, 137435,    503,
        50059,  23426,  24640, 145432, 109308]), array([ 26937, 150586,  14068, 131945,  10069, 127598, 107793,  53171,
        48776,  95456, 133395, 129458, 150497,  77201, 139961, 101488,
        24957, 138805,  50949, 129465,  33467, 128909,   9273,  47428,
        73580,  44717,   4819, 144389,  92561, 133679, 113038,  46976,
        46972,  15903,  29030,   1839, 122106,  21069, 137984, 147466,
       149002,  95147,  96439,  96654,  12060,  21797,  37338]), array([ 67576, 132008,  87159,  49577,  64906,  14206,  93298,   4612,
        92600, 125048, 136572, 138212,   4619,  81017, 144590,  27791,
        90763,  48017,  80637,  76182,  68529,  63938,  18654, 101364,
        80997,  89509, 116397,  89503, 127241,  60461,  71390,  65777,
        96614, 106695,  24239, 100562, 113897,  61600,  96922, 146673,
       134467, 140314, 106456,    600, 117050,  56918,  25497]), array([120018, 101879,   2932,  63085, 122251,   3005, 139910, 106905,
        86368,  99483,  33088,  69359,  49621,  26722, 129097,  62178,
        51945,  62798, 120251, 135033,  45174,   7138,  26464,  23931,
        59347,  21893, 116969,  51010, 127085,  66757, 116091,  39563,
       121434,  17672, 113601,  36745,  33265,  38361, 132863,  55442,
       141210,  10543, 123639,  68607,  91081, 134842,  46233,  20258,
        42498, 111267,  10460,  13640, 138602,  78422,  89424,  21345]), array([  1246,  19904, 120272, 117090,   9337,  66895,  98964, 107040,
        40397, 132832,  30426, 145051, 129140, 146516, 138545,  89971,
       134412,  26293,  59157, 131703,  67514,  68403, 132829, 134277,
       119627,  61508, 101983,  98290,  91583,   3429,  49213,  83055,
        41357, 135403,  23204, 138173,  22156,  92296,  96135,  34247,
       141384,  98437, 141015, 118825, 138375, 108252,  86069,   7262,
        31076,  52196,  59882,  61604,  92697,  47891,  93445,  25763]), array([ 97878, 140788,  23206, 137340, 129051,  86452, 149951,  18728,
        79093, 142992,  86284,  75814,   9539, 143509, 127993, 127516,
       121685, 125053,  67458, 121218, 147139,  14392, 139364, 106957,
       149256,  48087, 114810, 109709,  81832,  19748, 116248,   5389,
        73479,  57483,   5940,  64676,  24782,  74344,  48237,  89504,
        29162, 142642, 111275,   5913, 147168,   2517,  11172,  10874,
        99479,  20471, 122240,  29129, 133668, 116436,  96639, 125783]), array([125975, 145463, 129413,  26172,  76981,  98753,  26453, 143842,
       123480, 153466,  81984, 121977,  89856, 120109,   9596, 123073,
       104363, 145520,  67828,  36818, 126319,  82195, 131112, 130195,
        13278, 118790,  50170, 121867,  63490,  82156,  85156,  53905,
       146495,  29298, 106387,  98293,  36813, 136508, 152628, 129236,
        23411,  43621,  81176, 128338,  90368,  73624,  79737,  11203,
       121512, 125270,  52038,  70584,   1650,  19629, 130397, 114187]), array([151566,  92663,   5871,   5919,  80810, 122200,  45891, 115513,
        95266, 142299, 122294, 101304, 114448, 150008,  80845,  19821,
        86394,  25871, 122876,  57329,  53490,  10277,  37996,  18047,
        77423,  44565,  80392, 108275,   6010, 103241,  94107,  50795,
       132735, 122660,  41244,  98256,   7749, 124160,  88661,  36823,
         1725,  90079,  37163,   2144,  36315,  95134, 143172,  92262,
        86389,  63946, 140719,  51935, 131294,   6293,  87733,  17316,
       103476]), array([ 24760,  62738, 126976,  29692,  69439, 109223, 149005,  75659,
       100026, 126979,  58034,  54484, 119425,  84737, 151292, 106584,
         8058, 134560,  73960,  32144,  55473,   7632,  17202, 109938,
        72511,  40301,   4705,  32019,  78310, 146675, 150272, 120828,
        54447,   1513,  76342, 146314, 149186, 140804,  86697,   7485,
        74650, 149029,  81452,  44270,  60648, 113437,  28730,  99506,
        56471,  11864,  48250,  40108,  80919,  44844,   9520,  89549,
        81086]), array([114061,  57599, 139145,   3321,  24160,  59452,  35851,  76515,
        50953,  69694,  76492, 109910, 113207, 142448, 133054, 140761,
       112788, 122469,  13032,  98409,  27145,  41153,  18223, 139226,
        72443,    957, 141078,  86572, 140509,  27396,  52905, 112239,
        84861,   8313, 147636,  83368,  72493,  16137, 111141,  63099,
       103483,  41497, 121466,  35677,  91444, 113386,  91155, 139707,
        84140, 101916, 147006,  18641,  33976,   5673,  54475,  61181,
       102462,  27127,   4786,  88679, 117436,  73758]), array([ 77823,  53371,  59472,  91676,  18747, 115224,  58228,  34401,
       126995, 129749,   5008, 121008, 126672, 114688,  68395,  54262,
       152398, 118975,  74059, 153513, 137419, 127833,  37873, 129712,
        68343,  65262, 133647,  40953, 136335,  43800, 145234,  48101,
       118166,  34213,  72667,  34590,  24244,  57605, 114682, 151890,
        88377,  69206, 129206, 143683,  91156,  79915, 131516,  83312,
        38033, 132427, 115073,  48837, 146089, 144226,  24518, 124728,
       107713,  66457,  53376, 121389,  64862,  47841, 108105,  41400]), array([ 62477,  90379,  68831, 124143,  78210,  14363,  69310,  31630,
        14383,  33052, 135805,  58275,  52379,  40962,  88106, 105453,
       119713,  52994, 117971,  36689, 110868,   3006, 124491, 118556,
        75886, 138668,  34229, 137025,  73942,  39637,  10640,     74,
        41732,  39868,  51245, 148974,  33172,  38750, 102295,  39536,
        61425, 140401,  45792, 118677, 109123, 109849, 116996, 143039,
       123749,  57908,  41055, 127711,   5295,  25524,  62241, 139129,
       136546, 116755, 118855,  67527,  93571, 112877, 153917,  97180,
       131909]), array([ 12481,  28089, 113444,  38537,  36005,   9729,  78615,  73470,
        33908, 116808,  21494, 106397,  52633,  87241, 133841, 147111,
        30934,  80173, 142665, 133126,  40426,  12994,  78476,  85580,
       144748,  32981,  56604, 110689, 133687,  75985,  87391,  72622,
        91177, 137357,  84857, 147118, 132464,  51355, 139335, 144315,
        96207,  14175,  33262,  16352,  74513,  27841,  78623,  21710,
       121793,  95869,   7864,  51560,  88355,  44024, 116497, 116422,
        32526, 132481, 128526, 116036,  71522, 152364, 128135,  81246,
        32259,  44143]), array([145649,  68076,  98668,  53205,  24188,  37020, 149212,  67218,
       130312, 131758, 152093, 133781,  66269, 109422, 134972,  76804,
       136337,  90675,  63303,  14172,  67257, 136927, 149671,  51405,
       102021,  27582, 124512, 137211, 112435, 127202,  72045,  80037,
        66707, 107761,  44775,  38145,  22563, 138062,  39831,  43855,
       129506,  45201, 120953,  95086,  24927,  62633,  55106,  64808,
        19852,  34345,  88516,  66805,  60704,  24007,   8410,  79561,
        65647, 146740, 106761,  16219,   1480, 137853,  29117,  96421,
        70578,  67654,  50508]), array([ 79088,  40912,   8077, 128332, 152957,  13611,  89669,  14662,
        45216,  74284,  57972,  70276,  67047,  66404,  82031,  33940,
        28976,  43484,  75632,  83375,  87198,    424,  55881,   4965,
        28610,  98178,   9784, 102791,   2400,  78864,  41398, 131497,
       135577, 130097,  40605, 125455,  49672,  73132,  41538,  84331,
         4017,   1535,   4750,  41178, 104872,   2676,  44826, 105323,
        34415, 109821,  14695,  87267,  58787,   1281,  82129,   3663,
        27446,  34492, 141519, 106295,  45985, 113161, 112835, 100935,
       123808, 109775,  72581]), array([ 13161,  98306, 151133,  67109,  49339,  33517,  56760,  94495,
       117670,  69295,  15846,  67531, 109612,  88023,  99013,  75446,
        80013, 108605,  26799, 118567,   7144,  68085,  86046,  80684,
       112975,  26305,  59921, 111303,  77149, 139827,  53286,  33727,
        63907,  53143, 114605, 145531,  31218,  61246,  22188,  15459,
        26123, 142544,  59402,  97594, 109431,   3862,  11569,  35542,
        13663, 100671,  55231,  73223,  30403,  64947, 126986, 104517,
        21957,  61858,  96934,  70820,  27795, 145963,  13291, 115085,
       112963,  43718, 141087,   9879, 134052, 141575,  17366,  19240,
       103886,  46678,  59705,  15909,  11873]), array([111405,  53191,  23106, 153164,  28469,  60204,  40004,  64592,
        11445,  35803,  57503,  85565,  58326, 146914, 102048,   2287,
       141453,  48217, 143952,    218,  40327, 122042,  11356, 128941,
       146124,  89845,  52624, 100604, 117614,  77270, 110947,  85801,
        64875,   6049,  29228, 124115,   2505, 107200,  29250,  78805,
        18940,  61810,  51645,  19045, 143761, 122783,  13095,  79918,
        17273, 151425,  29745, 125906, 100779, 109570,  93201,   7045,
       142736, 107610,  39210, 149904, 130709, 120447, 115324,  52043,
        70696, 129825, 117824, 149986,   5990,  82939,  74340,  34131,
        93281, 153397,  49822, 117715, 149633,  87518, 124261, 142575,
        80445]), array([ 68271, 151598,  89292,  48719, 146717,  10228, 153847, 113222,
        67645, 150211,   8448,  44873, 133222,  43159, 127306,  57369,
       121002, 129305, 137194, 129225, 145337,  18963,  82056, 152401,
        11901,  54076, 128578, 126588, 129038, 120330, 145892,  22954,
       143495,  71211, 146161,  16517,  27607,  80133, 145371,  55444,
        92612,  40543, 111537, 129697,  18426,  58570,  31929,  23725,
        24981,  30737,   5016,  57407,  65080,  32227, 110669, 121495,
        66240,  86238, 136033,  48259,  46752, 153134,  87063,  80400,
       132216, 117953,  85727,  90505,   5636, 108148,  59428,  40743,
       125967, 134847,  77604, 147516,  21242,  58667, 145115, 139160,
        33480, 111754, 149916,  84730,  60403, 108478,  20141,  58549,
         6700, 141191, 132429, 128179,  13004,  20445, 109340,  33471,
        10506, 105052, 122109, 140944,  22987,  92124,    163,  73330,
         9408,  38991,  93658,   5925]), array([  3151,  84680,  19877, 153217,  96190,  99508,  28837, 136215,
        62344, 129795,  70592,  64129,  81495,  93766,  99569,  75574,
        64261,   8649, 153121,   5370, 140460,   6326,  38768,  78822,
        91453,  33263, 103340,  87103,  43553,  34170,  34671,  52331,
        65245,  36769,  56803,  76096,  58250,  84745, 139277, 107434,
        26415,  78680,  43834,  24377, 104333,  16940,  91913, 145771,
       120556,  43852, 153058, 114592, 118764, 138713,  50863,  69127,
       117038,  37463,  73739, 139748,  44594,   3383, 132873,  43145,
       121522,  43896,  59466, 104904,  44382,  67884,  33162, 119375,
        73717, 136435,  20324,  68170,  75423,  54402, 132609, 109367,
         8364,  94563,  67811,  62430, 128200,  90326,  25651, 125031,
        26194,  45745, 102283,  78906,  91970,  14690, 147792,  76883,
       148946,   2844, 124071,  77510, 108298, 147795,  37165, 136845,
        74108,  30869,  49443,   1076,  17513, 127974,    359,  36431,
       101666, 127798,  87939, 107355,  36783,  66377,  84824,  42012,
       113851, 127821,    869, 112089,  91017, 112396, 146372, 121744,
        78779,  80783,   7107,  75673,  92672, 144266,  81799,  14529,
        13951,  35310, 143810,   6105,  29847]), array([110587, 128890,  31396,  82505, 129582, 128497,  30803,  12009,
       103315,  24767,  19979,  99358, 141501,  24399, 102713,  92617,
        47067,  55773, 123175,  84058, 142954, 115284, 129161, 111779,
        37114,  71816,  52995,  51895,   6682,  15616,  96868,  81765,
       117275, 134371,     67,  39997,  38370,  42518, 149774, 116058,
        85207,  70479, 137097,  25181, 136912, 141546, 122422,  47378,
       100588,  58989,  23983,  53552,  11467, 136419, 142924, 106772,
       115929, 100783,  66690, 108154,  89668,  99697,  75748, 132635,
        86048, 121250,  58033, 140978,   2881,   6781,  80104,  12388,
        37926,  97272, 134018,  57062,  79041,   9630, 116131,  58613,
        51286,   7670,  70155, 123227, 111022,  26571,  66336,  46609,
        48311,  39457,  53798, 129242,  92502,  47941,  52265,   2523,
       111994,  93859, 145013,   8471,  18079,  86908,  81316,  14892,
        37507,  41335, 143084, 132091,  68960,  59565,  86475,  70746,
       134138, 145439,  67864, 134143, 115593,  53001,  22827, 115947,
       110467,  13946,  27064, 104941, 103329, 116196, 151953,  39794,
       128846,  40794, 133007,  41683, 118291,  21690,  77610,  46195,
         8794,  58824,  52342, 100235,  15566,  88730, 146353,  91419,
         2436]), array([  7832,  76755, 148239,   7009,  29536, 118186,  35964,  85974,
       125461, 151762,  25999,  96983,  97560,   4827, 130256,  22278,
       129783,  54150, 108887,  99214, 124056,  43721, 148203,  48470,
       123773,  64223, 150355, 120294,  54355,  47357,  82790,  52361,
       138745, 124283,  39380,  40653,  82701, 116877,  14539,  13245,
        31183,   2394,  35534, 147822,  99666, 110202,  38530, 114778,
        80432, 101103,  14080, 127108,  77230,  58883, 133014,  65358,
       150040, 151621,  75739,  76904,  43035,  81149,  45675,  44268,
        22949, 106496,  66642,  90862,  62259, 104630, 129386, 145140,
        69045, 116810,  60013, 137913, 102997,  38912,  30750,  43660,
       152949,  74136, 153150,  19675, 146710, 127063,   5733, 102372,
       127959, 141561, 145655,  91044,  86098,  76566,   9855,    621,
       141080,  47667,   4190, 132382, 152680,  18526,  44441,  87563,
        21105, 106653,  42404,  48312, 118682,  46039, 109345, 128612,
        50246,  50888,  77102,  70599,  82181, 149480, 113034,  30341,
        30935,  92014, 126413,  40628,  92473,  34977,  87501,  60848,
       148587,  47345,  26038,  73048,  96526,  15647, 103962,  81295,
        49748, 136501,  17856, 114871,  65327, 115338,  86552, 131287,
       145534,  23058, 110009,  76005,  32004,  16223,  77812, 107480,
        13675]), array([ 63290,  68909, 101823,  58066,   8924,  60207, 137846,  84048,
       137730,  90249, 110253, 124300, 111826,  25299,  13789, 101506,
       138502,  47837, 151813,  66268, 138503, 100479, 123435, 112014,
        91290,  85530,  31809,   2650, 136180, 107377,  64950,  77312,
        19422, 150920, 134776, 153649,  81419,  14570, 129067,  66306,
        58207,   8304, 133788, 149548,  16008, 133318, 115061, 101030,
       112925,   7031, 120587, 151146, 114305, 129578, 123259, 106657,
       112622, 108520,  25355, 137977,   8434, 144192, 146595, 137614,
        99820,  24089, 113561,  23378,  68494,  98213,  64650,   8668,
       151197,  64878, 106370, 100197, 112043,   2673,  18542, 120454,
        84624,  86064, 139647,  44349,  78256,  37031,  80388, 138955,
        20551,  39470,  62492, 149837, 151716, 120275,  34180,  67186,
        89038,   4822,  33303, 100071,  54838,  47555,  55832, 126911,
       145441, 134932,  57509,  48838,  18867,  34978,  48029,  37045,
       130356,  35401, 136503,  29565,  81623, 110431,  38184, 111335,
        11848, 126941,  58656,  66802, 128637,  34552,  93126, 100180,
       122505,  31837, 149314,  79385, 115529, 113020,   9314,  32640,
        42999, 146163,  43610,  63327,  79752, 130568,  32751, 131421,
        83350, 132159,  94302, 130733,  95223,   6678,   1135,  82416,
        85069,  11728, 123295, 101741, 132305, 113934,  42429, 125684,
       131836, 135159,    685]), array([138053,  37646, 148206,    589,  13188,   6530,  30520, 113302,
       104185, 107037, 107116, 118802,  40734,  24278,  39899, 152512,
         7545,  31470, 125866,  62479,  15184,  83630, 139998,  69591,
       147805, 142689, 153429,  17134,  88818,  54506,  23099,  54962,
       140591,  35252,    271,  31315, 134013, 148716,   3626,   9390,
       133689,  54705, 138980, 125228, 112764,  30738, 137482, 148367,
       153068,  41786,  54258, 111968,  90603,  93704,  61874, 111831,
        19606, 107445,  62318,  42025,  92277,  91545, 117973, 137869,
       132790,  12781, 144311,  54148,  33679,  59899, 110097,  61811,
        40991,  40997, 113967,  70198, 153187,  20357, 115330,  65462,
        74202,   6017,  97169,  93221,  12828, 145119,  16895,  74297,
       153534, 144184, 104169,    511,  29133,  68643, 122778, 102528,
        31038,  82182,  30370, 134682, 116555, 148427, 139834,  61099,
          281,  36250,  26876, 119812,  34675, 109765, 134151, 133919,
       141220, 126975,  55636,  85619,  33875, 107878,  45126, 143067,
        40758, 114566,  52770, 153334, 103693,  41660,  93496, 119544,
        74783,  47236,  89769, 125707,  59867, 120627,  15230, 104373,
       135112, 123289, 123546, 145331, 118542, 127519, 120315,  64903,
        37041,  72348,  36011,  93084,  97945,  19046,  65172, 151279,
        57078, 137001, 148286, 134222,  71049, 123307,  32397,  40400,
       100406,  94523, 153181, 101576,  70060,   9123,   1859, 124060,
        80749]), array([ 55629, 153026,  30727, 110976,  86640,  40233, 114138,  14767,
         3283, 118121,  13590, 122436, 152182, 150089,  66660,   3674,
       149470,   9380, 137474,  77607,  62948,  38776,  43086, 130659,
        24497,  50070,  54646,  92831,  83387, 102522, 126395,  95721,
        90292,  62914,  44507, 131987,  28357,  86262,  86680,  19978,
        37026,   6086, 129947,  33127, 124005,  66462, 123798,  94013,
       100506, 128675, 127735,  46653,  11294, 105493,  65084,   6696,
        34512,  69840, 126404,  95151, 102011, 116771,  13755, 115251,
        19965, 110417, 129452,  86815, 141498,  97046,  47900, 148655,
       120784,  52190,  57936,  74465,  35160,  41918, 108331,  68273,
        70073,  63179,  55120,  11195, 123292, 132694,  44425, 104631,
       127800,  53413,  72075, 131488, 149077,  67489,  72388,  30432,
        76729, 137723,   6959, 129153,  98392,  16930, 117023,  55020,
        83414,  16676,  41730,  79264,  77501, 108483, 123684,   9887,
       146613, 110182, 107174, 111714,  18842,  24637,  44225,  80332,
        38748,  74858,  61868, 133475,  10255, 141369, 143990,  65802,
        12567, 112566,  83292,  63157, 149112, 117035, 107422,  68446,
        26988,  38555,   7716,  45176,  16805, 126503,  41947, 152333,
       129710, 119065, 124562, 132978,  12100,  89378,  40298,  30885,
        58696,  11819, 144964, 150244, 149038, 141385,   6835,  89786,
        99042,  11570, 149055, 129551,   3507,  88617, 101048, 109039,
        88543,  18206,  19304, 139159,  88930,  98114, 148410, 119781,
       142998,  96833,  14139,  34722,  59823, 118239]), array([ 37299,  36102, 129394,  43203,   9463, 134417, 130796,  28121,
       122757,  48324,  18661,  30369,  82815,  50330,   2074, 105022,
        76979,  96303,  67599,   5190,  87903, 130024, 145994, 139741,
         9167, 130389,  84379,  16850, 131376, 107287,  67494,  61423,
       120023,  62896,  31358,  98802,  31584,  91904,  46902, 144676,
       129966,    944, 147926, 105702, 146245,  53773,  66926,  28104,
         9207,  15286, 122092, 138255, 150976, 127644,  15058, 146196,
        75605, 137164,  79578,  31612, 140566,  81689, 131606,  75093,
        84028, 119382, 118864,  39852, 134499, 152096,  99834,  91203,
        63890,  96569,  12803, 146573, 148357,   2091,  87273, 109046,
         6971,    348,   9367, 150617, 106770,  53764, 127261,   7215,
        90391,  44807,  32858,  52340,  34929,  22114,  75514,  87737,
       137637,  81904,  20007,  65812, 151144, 146208,  60213, 142117,
       136124, 108265,   6906,  63653,  53695,  87525,  28371,  64876,
        51986,  88772,  90335,  16408, 131541,  25397, 153284,  32312,
       104198, 139148,  48952,  35423,  10300,  69990,  61539,  44111,
        94011,  91510,  31494,  19582, 149158,  46014, 153412,  56124,
        67729,  29961, 132836,  27750,  17910, 138548, 111804,  77331,
         5148, 117152,   4835, 138365, 151205,  61536, 107886,  60344,
        19015,  73210, 118871, 136154,  21374,  91063,  43331,  65387,
        31048,  11825,  25243,  50976,  27718,  68277,  56007, 146003,
        27711, 110221,  71413, 123275, 109857,  16546,  41625,    353,
        27351, 119841,  65969, 137695,  92791,  18774, 100126, 106953,
       121261, 139266, 106757,  49611,  73156,   4603, 126647, 100974,
       148920,  17356,   3561,  88613,   8640, 102841,  59407,  69789,
       134048, 144827, 132812, 138258,  69174, 150949,  42758,   4744,
         8659,   5426,  96829]), array([ 57710,  31713,   7211,  33502,  36932, 138042,  15933, 137629,
       153125, 110536,  88971,  45370, 131519,  32165,  84473, 108532,
        30678,  42151,  79087, 119315,  26579,  66679, 127958,  21160,
       125217,  37668,  20578,  66788, 147112,  35335, 127049, 140990,
        54335,  99638, 115520,  85540,   6338,  47653, 140212,  66880,
       106865, 124161,  14779, 128001, 151350, 129616, 144671,  28240,
       111011, 117622, 144897, 108600,  55858,  97214,  91016, 116283,
       144785,   1554, 111418,  18583,  39049, 102624, 101254, 137413,
       149852,  59465,  11944,  71655, 124221, 127793,  86566,  92748,
        13470,  26954,  49116,  26103,  50924,  73919,  20632, 151501,
        27484,  52293,  20036, 105186,  70449,  15775,  12275,  63916,
       151668,  55542,  25790,  72613, 126489, 127294,  33274,  39233,
        63404,  88354,  97002,  63333,  14765,  41112,  89047,  63851,
       131305, 128826, 135761,  32191, 119593, 117773,  16857,  51032,
        75501,   1231, 147522,  95084,  82593,  99122,  97420,  41899,
        76294,  59948, 121257,  71478, 118134, 104845,  48504,  94454,
       119423, 102229,  89100,  49880,   8299, 132404, 147715,  67812,
       124109,  75375,  85524,  50025,  71090,  17200, 122198, 140813,
        81248, 106505,  71383,  87760, 129106,   4925, 100537, 122025,
        54478,  33070, 151935, 119034, 126115,  87474, 137449, 137749,
       139483,  54695, 148859,  86119, 148323,  58064,  13150,   4185,
        79170,   1176, 148253,  49777,  53797, 109409,  32294, 104361,
       138768,  35322,  74261,  28070,  63408, 135821,  91541, 132927,
        89608,  88863,  22043,  43212,  70837,  20175,  81669,  42102,
       101817,   4691, 152111,  61551,  69404, 100232, 127038,  13251,
       113922, 137057,  79007,  36794,  48473,  53270,  77467,  90921,
       124740,   2735, 152498, 152578,  48325, 128407,  94570,  56758,
         5765,  56882, 103416,  18347,  11852,  25902,  12729,   1293,
       146769, 134700,  40027, 139882,  31598,  32702, 141190,  36965,
        53528, 126846,   1665,  35448,  66080, 136929,  45384, 145315,
       147213, 127664,  13631,  32862,  84667,  21650,  94765, 106710,
        58304,  48628,    741,  51293,  30098,  41028,  42468, 103358,
        58037, 109110,  26228, 117449, 138227,  20246,  70194,  10989,
        25022, 131778,  70476,  93946,  91817, 147186, 128600,  90940,
       153742, 150850, 112445, 117786,  22597,  27696,   1528,  31296,
        60500, 142012, 151455,   3714,  32141, 105200,  44577,  24204,
        85382, 116289,  46819, 130538,  51565,  74736,  48857, 116715,
        73898, 129878,  34726,  45808,   1326, 109180,  85489, 131745,
        27114, 101646,   9914, 111986, 105871, 143779,  96451,  22467,
        19958, 136331, 140259, 152251, 137433,  69388,  37488,  87352,
       128393, 127542, 105472, 105312,  89376, 114240,  65143, 113431,
       111392,  36406, 135296, 147409,  73488,  56459,  85697, 149655,
        71347,  35083,  60414, 140842,  49752,  93938,  20954,  68705,
       102151, 141065, 144409,  66058,  63606,  51015,  71138, 132558])]
shape of feat_train: (3078, 602)
Mean accuracy: [0.8399356634257419, 0.004687785248659149]
