Namespace(dataset='reddit', dropout=0, epochs=400, gpu_id=0, hidden=256, inductive=1, keep_ratio=1.0, lr=0.01, method='kcenter', mlp=0, nlayers=2, normalize_features=True, reduction_rate=0.02, save=True, seed=1, weight_decay=0.0)
size of adj_train: (153932, 153932)
#edges in adj_train: 10753238.0
Test set results: loss= 0.4898 accuracy= 0.9398
idx_selected :  [array([ 13694, 145784,  38678,  73763]), array([ 97335,  98628, 136925,   1771,  90474,  41998, 139578, 118997,
        10503,  60351,  20581, 147387,  74673,  63266]), array([ 67316,  28828,  35594,  53645, 153735,  56670,  32777,  83885,
        97922, 128054, 121636,  96474,   3375,  51726, 113716, 140396,
       116548,  49533,  17278,  61227,  43571]), array([ 94720, 135926, 101592,  39156,  84862,   1518,  37840,  87225,
       146664,  35125,  64414,  21889,   7983,  21955, 128653,  30146,
        52241, 133554,  31245,  34844, 123929,  75911]), array([123541,  29314,   9803,  85208, 131327,  38269,  40787, 124868,
        63022,  78867,  33419,  62006,  91296,  25600,  83143, 136651,
       145688,  90304, 140517,    618,  12152, 120289]), array([ 82638, 106042, 134865, 151710,   9010,  38791, 123879,  45281,
       147397, 136650,  83191, 114066,  43071, 148507,  44066, 151651,
       141692, 129566, 153827,  29387, 135012,  46674, 106946]), array([ 38313, 151991, 142049,  95506,  53927, 123587,  44774,  68787,
        87816,  20066, 110815,  87132,  51534, 135352,  96237, 135288,
        88137,  46968,  85448, 149920,  60928,  78865, 112511, 110096,
       128623,  36815, 112675,  47913,  72261]), array([132163, 135307,  16096,  38447, 129285,  54850,   2275,   5753,
       153018,  56519,  54349, 142869,  99756,  95947, 123652,  63642,
        21824,  31954,  41296,  87907, 130202, 148284,  28329, 151013,
       152894,  97207,  17583, 120175, 127237]), array([ 78624,  60849,  49329, 124152, 117592, 136607,  89580,  54845,
        27342, 153409,  43890,  71200,   1892,  60943,  97693, 113086,
       143137, 131071,  39255, 133562,  79863, 125970, 133426, 134980,
       115939,  43602,  32829,  52174, 126320,  20049,  50900]), array([110337, 132598,  41678, 119424, 116123, 112637, 123268,  80848,
        37838, 150619,  20283,  37725, 141701, 103673,  65983, 138277,
        95697,   7823, 149772,  52608,  69977, 103172,  89852,  80609,
       129111, 138694, 115933,  59106,   2137, 118991, 139610,   1671,
       144436]), array([ 56748,  79580, 111127, 136178,  82632, 147559, 121960,  86338,
        66344, 132428,  78825, 128537,  21385,  40933,  86147, 153645,
        45732,  33542,  70448, 116132, 150289,  10162, 142849,  69705,
       149151,    397, 124420, 114919,  11418, 112215,  88874,   9935,
        26544, 136152, 109031, 139351,  71180]), array([118869,  29707, 107826,  40262,  76880,  53054, 107252,  52958,
         7651, 126289,  27328,  35469,  36574,  44763,  28681,  41452,
       135950,  47240,  25928, 142081,  73694,   9807,  39379,  69862,
        54995, 104947, 134020, 151459, 151066,  24765,  45774,  29335,
        72660,  14272, 109667, 142025,  76250]), array([ 98249,  60884, 112357,  96145,  32300,  58498, 106884, 103309,
        17195,   3881,  28287,  49201,  30528, 107676, 145207,  31430,
        12045, 114711, 150358, 137972,  80455, 114451, 131078,  89472,
         5210,  36886, 149980,  90728, 151591, 105206, 113732, 116620,
        74926, 125813,  93613,  75236, 130904,  80227, 121682,  79134]), array([ 74183, 145004, 118377,  11002,  29993, 121446,  53046,  55432,
        95393,  10978,  87006, 114788, 113085,  50347,  89628, 148394,
       129048,   2260,  69630, 146497,  60573, 109497,  56786, 149889,
        71089, 105474,  60140,  16333,  65325, 148091,  71402, 129748,
       117492,  96659, 142174, 112625,  68288,  67579, 115004,   1873,
        54307,  48159]), array([  8560,  81379, 101400,  86372,  19730,  79411,  12509, 123433,
       121153,  37882,  62499,  27706,  52722,  44475, 112381,  72363,
        87016,  56077,  64925, 100411,  20285, 141522, 140763, 134215,
       146720,  51803, 100301, 146191, 144484,  32875,  39954, 121963,
        11734,  89117, 126456,  24503, 150650,  26783, 118580,  69224,
        34509, 118590,  71064,  27853]), array([ 25595,  90933,  75217,  59563,   5242, 151376,  32402,  41259,
        91916, 149663, 134743, 140799, 106853, 150743, 138184,   3399,
       141441, 118346, 147904,  99616,   5806, 123584,  38575,  52746,
       141679,  25434,  10919,  46884,  40349,  46200,   4392,  60547,
       134220, 121375,  48605,  14111,  56885,  29940, 118354, 141918,
        11560, 125766,   1678,  23596,  26452]), array([135092, 150586,  14068,  53171, 127598,  10069,  24957, 131945,
        48776, 150497, 133395, 139961, 128909, 129458,  95456, 101488,
       129465,  77201, 138805,   6047,  44717,  50949,   9273, 104822,
        47428,  92561, 144389, 113038,  29324,  95147,  73580,  46976,
       133679, 115269,  29030, 122106,   1839,  96439,  21069, 149002,
        94784, 147466,  90228, 135031,  37338, 143124, 134162]), array([114075, 132008,  87159,  49577,  14206,  93298,  64906,  92600,
       136572,  48017, 144590,   4612, 125048,  90763,  81017,   4619,
       138212,  68768,  60461,  80637,  89503,  63938,  76182,  71390,
        68529,  25497, 101364, 127241,  89509, 116397,  27222, 106695,
        63775, 106456,  73495,  78521, 134467, 100562,  28781,  24239,
       146673, 110994,  93977,  95433,  61600, 117050,  57139]), array([ 58287, 101879,   2932,  63085, 122251,   3005, 139910,  99483,
        86368,  49621,  62178, 106905,  62798,  33088,  69359,  26722,
        26464,  45174, 129097,   7138, 120251,  21893, 116969,  51010,
       135033, 116091, 112194,  23931, 131794,  51945,  38361,  42498,
        91081, 121434, 113601,  66757, 127085,  39563,  36745, 141210,
         3764,  33265,  21345,  17672,  10543,  38522, 138060,  59347,
       147203, 132863,  78422, 111267,  20258,  97769,  59653, 121431]), array([  1246,  19904, 120272,   3429,  61508,  66895,  91583,   9337,
       132832,  98964,  40397, 129140,  68403, 134412, 117090,  89971,
        27501,  77524, 138545,  67514,  59157, 145051, 131703,  83055,
       132829,  98290,  49213,  75685, 138173, 134277,  26293,  96135,
        16696, 107040, 119627, 138375,  90703,  53771,  22156,  30426,
        23204, 108252,  61604, 123063,  41357,  31076,  34247, 118825,
        92697,  23985, 135305,  41756,  47891,  30245,  32095, 139319]), array([131943, 140788,  23206, 129051, 121685,  18728,  86452, 106957,
       149951,  67458, 142992, 127516, 137340,   9539,  81832,  86284,
        75814, 125053, 121218, 127993, 114810, 143509,   5940, 139364,
        19748, 147139,  89504,  14392,  57483,  48237,  64676,  48087,
        24782, 116248, 142642,  94573,  73479,  96639,  79093,  17967,
        10874, 149256, 116436,  29162,  20471,  99479, 125783,   5913,
       136919, 109709,   2517, 122240, 136179, 147168,  11172,  29129]), array([ 22128, 123480, 121977,  98753, 145463,  76981,  82195,  26172,
       153466, 129413, 143842, 104363, 123073,  89856,  26453,  46749,
        81984, 120109,  67828, 130195,  13278, 126319, 131112,  36818,
       145520, 118790,  63490, 121867,  50170, 152250, 146495,  98293,
        29298,  85156,  55006,  70584,  20452, 152628, 105934,  94056,
        73624,   5694, 128338, 114187,  19629,  36813,  43621,  81176,
        90368, 125024,  90108,  53905, 129236,  52038,  11778, 152239]), array([145640, 122200,  80845,   5919,  80810,  95266,  19821,  45891,
        92663, 101304,   6010, 122876,  57329,  77423, 122294, 115513,
         5871, 114448,  86394,  53490,  37996,  25871, 142299,  80392,
        18047, 150008,  50795,  10277, 108275, 114200, 122660, 103241,
       132735, 151959,  49254,   7749, 124160,  94107, 148293,  36823,
        37163,  37755,  86447,  90079, 131294,  51935, 111993,   6293,
        36315, 143172,  92262,  47960,  41244, 131764,  83133,  87733,
        12655]), array([ 24760,  62738,   8058,  29692, 100026, 109223, 149005,  32019,
       126976,  54484,  75659, 126979,  32144, 151292, 119425,  84737,
        17202,  49791,   1513,   7632,  69439, 146675,  55473,  73960,
        72511, 150272, 109938,  86697,  40301,  56471, 120828, 149186,
        34796,  78310,  74650,   4705, 134560, 149029,  44270, 106584,
       113437,  54447,   7485,  89033,  76342, 120080, 143767,  99506,
       146314,  80919,  48250,  58034,  94875,  44844,  24445,  26826,
        96423]), array([132513,  24160, 139145,  76515,  57599,   3321,  35851, 133054,
        52905,  50953,  69694, 109910, 142448, 113207,  76492,  59452,
        13032,  83687, 112239,  98409,  83727, 141078, 139226,  61181,
          957,  27145,  98325,  72493,  27396,  84861,  89994, 147636,
        16137,  41153, 144401,  72838,  83368, 140761, 121466,   5673,
        90816, 135013, 122469,  53975, 137233, 113386,  91444,  18641,
        27127, 125001,  64050,  84140,   4786,  72443, 104690,  63099,
        54475,  89545,   6356, 147754, 101916,  90553]), array([  9298,  53371, 129749,  18747,  91676,  68395,  58228, 153513,
       152398,  34401, 121008, 137419, 115224,  37873, 118975, 147772,
         5008,  59472,  74059,  40953, 127833,  68343, 133647,  43800,
       126672,  54262, 114688,  65262,  48101,  34213, 145234, 126995,
        72667, 136335,  32186,  24244,  83226,  34590, 143683,  66457,
        69206, 114682, 151890, 118166,  79915,  64862, 144226,  91156,
         2268, 115073,  48837, 132427,  75160, 107713,  26488,  69040,
        41400,  24518, 121389,   9297, 130938,  96443,  53376,  43204]), array([ 62477,  69310, 124143,  78210,  68831,  40962,  90379,  33052,
        14363,  57298, 105453,  52379, 135805,  58275,  45792, 105174,
       100995,   3006,  34229, 117971,  70280, 119713,   7540, 142771,
       106322,  22230,  14383, 124491, 108178,  16182, 102295, 147630,
       134262,  75886,  56157, 101869,  17603,  35011, 136546, 132990,
        61425,  50605, 113384,  33172,  50804,  82619, 137932, 143039,
        88106, 110203,   5864,  83852,  40592,  93180,  41055,  29466,
        23982, 109209, 115163,  96580,  32445,  83452, 136107, 115036,
        27646]), array([102016,  28089,  38537,  36005,  21494,  48445,  73470, 116808,
       113444,  33908, 106397,  91177,  40426,  80173,   9729,  78476,
        70892,  12994,  30934,  87241, 144748, 133126, 110689, 137357,
        96207, 144315,  85580,  52633, 133841,  51355,  32981,  75985,
       116497,  21710,  51560, 147111,  73490,  84857, 147118,  33262,
       139335, 132464, 133687,  14175,  74513, 142665,  29132,  78623,
        55056,  87391,  95804,  16352,   7864, 132481, 116422,  88355,
       126430, 116036,  71522, 128526,   3076,  57689,  16848, 115835,
        53961, 141034]), array([139760,  68076,  98668,  53205,  24188, 134972,  66269, 133781,
       149212, 109422, 149671,  67218, 131758, 130312, 152093,  27582,
        14172,  90675,  37020, 107761,  22563,  67257, 102021,  63303,
       124512,  51405, 120953,  76804,  39831,  44775, 138062,  43855,
       112435, 136337,  72045,  66805, 136927,  66707, 129506,  38145,
        62633,  80037, 127202, 137211,  45201,  73525,  55106,   8410,
        88516,  24007, 151450,  34345,  54866,  24127,  30408,  96421,
        95086,  35556, 150263,  18937,  60704, 126895,  82101,  60543,
        64808,   7405, 110816]), array([ 79088,  40912,   8077, 128332,  89669,  45216,  14662,  74284,
        66404,  41398,  75632, 152957,  67047,  13611,  78864, 102791,
         4965,  55881,  70276,  73132,  87198,  28976,  82031,  33940,
        57972,  49672,    424,  40605,  98178,  58787,  84331,  83375,
       135577,  28610, 130097,  46756,  18154,  44826,  43484, 131497,
         1535,   4750,  40609, 109821,   2676,  27446,   4017, 104872,
        41538,   1281,  34415,  60681,   9784,  72581,  57827, 100935,
       129489,  14695,  69372, 123808, 113161,  87267, 106295, 134082,
       110100, 109775,  85433]), array([ 82755,  33517,  69295,  49339,  63907,  67109,  15846,  80013,
       151133,  94495,  75446,  61246, 117670,  99013,  59402, 108605,
       139827,  59921,  26799, 112975,   7144, 109612,  98306, 111303,
       100671,  21957,  31218, 145531, 118567,  80684,  86046,  53286,
        53143, 114605,  68085,  77149,  26305,  56760,  73223,  15459,
        67531, 137507,  33727,  22188,  35542, 109431,   3862,  97594,
        32810,  26123, 145963,  55231,  96934, 141575,  61858, 126986,
        13663,  88023,  27795,  17366, 104517,  70820,  11569,   9152,
        51694,  64947, 148417,  43718, 145732,  48235,  46678,   5598,
        45983, 103886,   3352,  59865,  11873]), array([111405,  53191,  64592,  40004,  11356,  58326, 153164,  28469,
       115324,  35803,  23106, 100604, 102048,  85565,  11445,  28789,
        89845,  48217,  51645, 117614,    218,  29250,  52624, 141453,
       143952, 146914, 130709,  77270, 118838,   6049, 143761,  78805,
       128941, 125906,  64875,  29745,  79918,  93281,  85801,  57503,
       107200, 153397,   2505,   7045, 149904,  39210, 120447,   2287,
        87518, 100779, 110947, 129825,  29228,  74340,  49822, 146124,
       122783,  19045,  13095,  98107,  18940, 149986, 123437,  80445,
        61810, 116694,  15934, 117824, 152362,  93201, 124115,  14354,
       117715,  17273, 149633, 142575, 107610,  70696, 102888, 119197,
       142736]), array([  2105,  48719, 129305, 113222, 133905,  54076, 150211,  10228,
       153847,  89292, 151598,  67645, 129225,  11901,  44873,  18963,
        82056, 133222,   8448,  43159, 111754, 127306,  18426, 129038,
       121495,  57369,  40543, 152401,  58570,  27607,  86238, 105052,
         5016,  92612, 120330, 121002,  32227, 117953,  24981, 126588,
       146161,  72621,  48259, 110669,  38991,  85727, 128578,  27353,
        23725,  66240,  80133, 134847,  52132,  58667, 145892, 149916,
        73330, 129697, 145337, 125967,  33480,  77604, 136033,  80400,
       143495,  22954,  51425,  59428, 104689, 132429, 153261,   5636,
        46752,  60755,  55444,  71211,  41403,  32015, 114034,  37415,
       108148, 127044, 148476, 124892, 138268, 137194,  18353,  13004,
       136155, 108478,  21356, 120001,  90505, 110613,  87063,  58549,
       145371,  71900,  33471, 118993,  93842,  43638,  10892,  24211,
       152766, 119365,   2998, 141606]), array([ 16910,  99508, 129795,  84680, 153217,  91453,  19877,  78680,
        75574, 127421,  62344,  70592,  81495,  28837,  93766,  38768,
        65245,  96190,   8649, 153121,  64129,  43852,  62430,  78822,
        56803,  34170,  87103,  73739,  34671, 132609, 103340,  43834,
        91913,  68170,  59466,  43553,  54454,   6326,  43145, 140460,
       153058,  24377,  58250,  64261, 136215, 145771, 139277,  67884,
       120556, 104333, 118764,  26415,  76096,  37463,  45745,  33263,
        84745,  43896, 139748, 128200,  25651,  78906, 109367,  16940,
        91970,  17513,  52331,  36769,  44382,  94563, 125031, 147792,
       117038,  73717,  75423, 104904, 114592,  44594, 107434,   3383,
        20324, 132873, 121522,   2844,   8364,  69127,  54402,  33162,
        77510,  50863,  16514,  32788,  90326, 102283, 148946,  14690,
        74108,  99569,  37165, 138713,  67811, 147795, 124071,  30869,
       127974,  10050, 127798, 119375,  87939,   9534,  89459, 108298,
         1076,  84824,  26545,  23815, 112396, 129730,  36431,  66377,
        42012,  13951,  29847, 101666, 121744, 108172, 102628,   8232,
        75673, 142994,  46384,   6105, 146558,    869, 106922,  49975,
        47836,   7107, 129198, 132467, 126984]), array([136391, 128890,  19979,  47067, 129582,  30803, 102713,  12009,
       128497,  31396,  92617,  55773, 141501,  99358,  24767, 103315,
        82505,  81765, 142954,  24399, 123175,  37114, 149774,  89668,
         6682,  51895, 111779, 129161,  38370, 115284,     67,  15616,
        52995, 122422,  96868, 116058,  71816,  58033,  12388,  85207,
        25181,  39997,  42518, 115929, 106772,  70479, 137097, 100588,
       136419,  86048,  53552,  92502, 117275,  11467,  41335, 140978,
        75748,  66690, 141546,  58989, 132635,  84058,  99697, 116131,
       108154, 136912, 142924, 134371,  58613,  47378,   6781, 123227,
         2881, 134018,  51286, 115947,  57062, 100783,  97272, 121250,
        93859,   9630,   7670,  26571, 144923, 125559,  37507,  80104,
        53798,  68960,   2523,  52265,  48311,  40794,  67864,  46609,
        37926, 145013, 145439,  70155,   8794,  67273,  14892,  86908,
       129242, 111994,  21690,  64545,   8471,  27064,  39794, 146541,
        47941, 115593,  23983,  15566, 106001,  22827,  39457,  72164,
        70746, 132091, 133007,  18079, 112820,  86475, 131521, 143084,
       151953, 134143, 128846, 116319, 132222,  35848, 104941, 133165,
        70461,  85286,  53001,  13946, 116196,  13073,  43507, 118291,
        77610]), array([148370,  76755, 148239,   7009, 108887, 151762,  35964,  29536,
        43035,  97560,   4827, 124056,  85974, 118186, 130256, 125461,
        25999, 148203, 129783,  64223,  54150,  43721, 123773,   2394,
        81149,  52361,  82790, 114778,  99214,  45675, 138745,  14080,
       120294,  54355,  82701,  40653,  14539,  39380, 150355,  77230,
        22278, 110202, 116877,  35534,  80432, 150040, 147822,  22949,
       127108, 124283,  48470,  38530,  13245, 133014,  44268,  31183,
        75739,  58883,  96983,  47357, 101103,  76904,  65358, 116810,
        99666, 151621,   4042,  66642, 152680, 103922, 145140,  77514,
       102997,  91044, 129386, 104630, 127959,   5733, 127063, 131287,
        76566,  30750, 152949,    621,  71302,  42404, 137913,  87501,
        50246,  90699,  43660,  70787,  60848, 145655,  82181,  90862,
       141080,  46039,  77102, 146710, 153150,  99171, 153911,  70599,
         9855,  60013,  21105,  44441,  29112,  34977,  47345, 106640,
       132382, 102372, 109345,  38912,  13675,  18526, 138617,  78941,
         4190,  47667,  14581,  60425,  30341, 150633,  67660, 106653,
       148587, 149480, 136501,  81295,  15647,  32004, 106363, 113034,
        48312,   1224, 103962,  49748, 145534,   6459, 116160, 137282,
        26038, 118682, 141561,  17856,  77812, 111318, 110009, 114162,
        12569]), array([100794,  68909, 137730,  84048,  66306,  90249, 137846,  58066,
       124300,  13789,  25299, 100479,  47837,   2650,  25355, 110253,
        19422,  60207, 151813, 101823,   8304,  64950, 107377, 101506,
       153649, 138502, 115061,  31809,  84624,  64650,  85530,  66268,
       134776,  79385, 111826,   8924, 150920, 129067, 111335,  14570,
       114305,  18542, 108520, 123259, 112014, 100180, 137614, 133788,
        55832, 129578,  33303, 120454,  99820,  34180, 120587,  23378,
       151197,   8434,  29565, 106370,  39470, 101030,  81419, 149548,
        35401, 123435, 106657,  62492, 100197,   7031,  34552,  47555,
       149837,   8668,  98213, 100071,  91332,  80388, 112622,  91290,
       137977, 112043,  24089, 136180,  68494,  77312,  58656, 130733,
        34978, 130356, 138955, 112925, 146163, 133318,  16008, 146595,
        20551, 115529,  32751,  64878,  58207,  36637,  81623,  31837,
        86064,  95223,  66802,  63327, 151716,  89038, 138503, 107151,
        18867, 126941, 134932,  79752,   2673,  42429,  11848, 132159,
        54838,    685, 113561,  82198,  93126, 120275, 126911,  38184,
       101741, 145441,  94302,  48367,  67186,  48029,  37045,  37031,
       130568,  65230, 151146, 122505, 110431,  44349, 131421,  95454,
         4822, 128637,  39856,   9449,  41908,  13911,  48838, 116668,
         1135,  77463,  99083,  42875,  11728, 136503, 139647, 113934,
        13010, 131836,  83350]), array([138053,  37646, 113302,  31315,  13188, 148206,  30520,    589,
       125228,   7545,  39899, 139998, 104185, 142689, 107116,  15184,
        62479, 117973,  61402,  31470,  22900,  24278,  54705,  88818,
       152512, 148716, 153429,  35252,  62318,  23099,  83630,  69591,
        41786, 134013, 133689,  40734, 137869,   3626,  54962,  90603,
        16895, 136044,  92277, 125866,  54506,  93704,  93221,    271,
       144184, 148367, 138980,  33679, 137482,  61874,  97169, 112764,
       107037, 153068,  59899,  91545,  54148, 147805, 132790, 110097,
        31038,  12828,  54258,  19606,  40997,  71049,   9390,  34675,
        17134, 144311, 118581,  40991,  30738,  70198, 102528, 111968,
        12781,  65462, 107445, 153534,  30370,  26876,  74297, 119812,
        61811, 113967, 116555,  96157, 111831, 114566,  56008, 126975,
       134682,  45126,  84762,  36250,  80749, 151869, 148427, 145119,
       141220,  68643, 109765, 107878,  20476, 118542, 122778,  39389,
        47236, 153187,  95594, 133919,  40758,  85662, 153181, 153760,
        61099, 134151,  42025,  52770,  34455,  93496,  42057, 120627,
        19046,  72348,  61442,  56540,  29133, 103693, 119544, 129424,
        54025,  36677, 153334, 119280,  32397,  54261,   9123, 131387,
        97838,  46834,  55636, 123546,  36011,  82182,  15089,  89769,
       136591,  19668, 151279, 112589,   8212,  70157,  72625, 130259,
        44356,    281, 137001,  71542, 100406,  85473,  55412,  42269,
       101576]), array([ 55629, 153026,  14767,  40233,  38776,  86640,  30727,   3674,
        77607,  13590,  90292,  54646, 152182, 118121, 110976, 114138,
       131987,   3283, 126395, 122436,   9380, 141385,  62948,  66660,
        43086, 109943,  65084,  92831,  83387,  50070,  79264,  28357,
        24497,  86680, 102522,  37026, 129947,   6086,  62914, 123798,
        85570,  34512,  46653, 149470, 102011,  33127, 100506, 137474,
       105493,  19978,  44507,  34634, 128675,  95151, 130659,  94013,
        66462, 126404,  11294,  13755,  47900,  30432, 115251,  75125,
       129452, 117023, 141498,  74465,   6696,  35160,  52190,  19965,
         9202,  41918, 108331, 137515,  69840, 132694,  98392,  70073,
       116771,  63824,  36045,  11195,  76142,  53413,  68273,  73010,
        44225,  97046,  89786,  46423, 131488,  10255,   7716,  77501,
        55120, 141369, 123292,   7486, 150244,  72388,  76729, 100435,
        99042,  44425, 123684,  16676,  83414,  55020, 108483,  16930,
        18842,  50098, 146613, 112566,  30885,  38748,  19304, 149077,
        58696, 126335, 132978,  45880, 152392, 100011,  38555,  65802,
        41947, 107174, 117035,  80332,  41852,  89378, 133475, 118239,
       129710,  38593, 129551,  95721, 110417,  30480, 146062, 137723,
       110182,  72075, 139159, 111315,  68446,  83292, 102215, 143862,
       134838,  96833,  65900, 126503,  26988,  74858,  88543,  58938,
        78901,  93535,  88930,  43416, 124005,  45176, 121712,  91552,
        19459,  24827, 124562,  61868,  59823, 119065, 142998, 149038,
       128712,  16805, 122480,  17402,  13408, 109785]), array([139482,  36102,   9463,  53215,  43203,   9167, 101002,  98802,
       134417, 130796, 122757,  50330, 130024,  82815,  18661, 139741,
        87903,  67599,  84379, 118871,   2074, 119444,  30369,  96107,
       145994,   3888, 118864,  61423,  91904,  16850,  51158, 130389,
        63890,  28121,  34929,  62896, 131527,  79578,   9809,   9207,
        15599,  99930,  66926, 129966, 124529, 131606, 105702, 127814,
         4835,  31494,  49462,  41625,  28814, 121124,  96829, 127644,
       122395,  91203, 146208, 150976,  81689, 146196,   6971,  11825,
        46902, 134499,  56124,  51986, 152096,  64876,   7215,  20007,
        42073,    348,  64959,  48324,  27718, 106770,  86573,  99834,
        26265, 106953, 151144, 132836,   5426,  67729,  41935,   9367,
       139380,  25397,  97041,  28371, 117639,  77317, 130400,  81576,
       126647,  50976,  69990,  35422, 131564,  31048, 120732,  65387,
        53695, 140566,  16365,  93722, 137637, 138548, 117206, 120023,
        71499,  72765, 136138,  68277,  31358, 123275,  96569,  52340,
        27711,  19582,  59122, 112010,  32716,   4744,  44111,  60213,
        41423,  40403,  53631, 152118, 132114,  89819,  75605,  71972,
        94011,  65969,  66992, 139148, 119382,  32312, 119841, 122129,
        78944,  86137,  65812, 134537,  88772,  75514,  44377,  48335,
       150617,  43331,  59737, 110870,  90335,  48952, 118426, 104198,
        59407,  48377,  48346,  28360,  81282,  43003,  87737, 139266,
        10922,  53764,  35423,  91510,  30502,  56587,  69789,  18184,
       136154, 105807,  69174,  24172, 141847,  90704,  66331,  28226,
       144729,  99663, 135095,  15058,  53773,  68138, 123614, 121261,
       138255,  40791, 109046,  90860,  78090,  15344,  30090, 140683,
         1958,   9645,  22784,  12803,   6322,  16408,  76683,  74813,
       109454,  14199,    904]), array([119768,  31713, 138042,  33502, 127049,  84473, 127958, 153125,
        15933,   7211, 137629,  39049,  30678,  36932,  37668, 110536,
        20632,  66679,  66880,  85540,  21160, 140212, 108532,  32165,
       119315,  66788,  45370, 144785, 144897,  20578,  42151,  88971,
        18583, 129616, 125217, 106865, 128001,   6338,  47653, 140990,
         1554, 147112, 115520,  14779,  54335, 151668,  71655,  79087,
        26579,  99638,  82593,  54695,  97214,  59465,  36406, 151350,
        49116, 108600, 111011, 127294, 128826, 117622, 111418,  95084,
       124161,  26103, 127793, 112053, 131519,  41112, 137413,  87760,
       117773,  71090, 116283,  72613,  33274,  53797, 131305,  86566,
       124221,  73919,  20036,  88354,  63333, 101254, 105186,  26954,
        55542,  75375, 147715,  25790,  50924, 121257, 151935,   1231,
        91016,  51032, 149852, 151501,  52293,  27484,  85524,  41899,
        63404,  67812,  81248,  12275, 148253,  69087,  63408,  14765,
       118134, 132404,  11944,  63851,  63916,   8299, 106505,  92748,
        71478, 103648, 135821, 109409, 140813,  55858, 102624, 135761,
        13470,  71383, 126489, 104845,   4925,  32294,  15775, 147522,
        97420,  11852, 127038,  16857,  70449, 122198,  97002, 119423,
       102229, 126115,  35335,  48504, 137749, 148323,  28240,  17200,
       101817,  76294,  81669, 124109,  86119, 100537,  77467,  99028,
       138768, 139483,  45808,  50025,  70837,  89608, 148859,  22043,
       141065, 129106,  33070,  42102,  89100,  49880,  39233,  32702,
        13251,  91541,  59948,  32191,   1176,   1665, 104361,  75501,
        48473,  79170,  87474,   4691,  35322,  49777,  28070, 103164,
        20175, 124740,  74261,  88863,  99122,  58064,  90921,  12729,
        58304,  94570,  61551,  18347, 147186, 119593, 137057,  35448,
        79007, 115395, 126846, 147213,  43212,  31598,  94765,  13150,
       137449, 150766, 146769,  36794, 103416, 128407, 141190,  56882,
        48325,   2735,  53270, 134700,  24710, 113922, 132927, 139882,
        47025,  24204,  53528,  65058,   5765,  48628,  89591,  28899,
       135296,  13631,  31296, 113181,  73021,  51565,    741,  36965,
        45384,  25022,  40027,  32862, 142012,  69388,  66495,  60500,
        22597, 136929, 145315,  41028, 152578,   4185, 105312, 150850,
       105871,   1326, 138227, 143636,  70194, 106710,  59137, 131745,
        70476,  65143, 149655, 145811,  93946,  30778,  50870,  58037,
        31781, 144671, 127664,  10989, 117449, 105472, 109110, 113431,
       116353,  85697, 134805, 139068,   3714, 132558,  22752,  49752,
        94136,  27696,  63606,  74736,  87352, 127542,  39990,  22467,
       130538, 147409,  20954, 137433, 147182,  81067, 149475, 122025,
       139607,  73898,  38515, 112445,  56651,  90940, 104047, 129294,
       143779,  85382,  96451,  21650, 132960, 136331, 111986, 140001,
        56292, 129878, 101646,  78301, 116957,  51293, 136411,   1528,
        30098,  93938,  60479,  92102, 128600,  54478, 151145,  97088,
        89879,  70727,  96465, 143803,   9914,  83770,  27114, 114240])]
shape of feat_train: (3078, 602)
Mean accuracy: [0.8361152275273793, 0.003386247118678332]
