Namespace(dataset='flickr', dropout=0.0, epochs=400, gpu_id=0, hidden=256, inductive=1, keep_ratio=1.0, lr=0.01, method='kcenter', mlp=0, nlayers=2, normalize_features=True, reduction_rate=0.005, save=True, seed=1000, weight_decay=0.005)
size of adj_train: (44625, 44625)
#edges in adj_train: 218140
Test set results: loss= 1.5400 accuracy= 0.4738
idx_selected :  [array([20803, 43717, 20890, 29916,  8546, 23333,  2888, 10925]), array([23596,  2982, 35160,  9834, 24749, 41057, 44441, 29426, 33536,
       16426, 24663, 41041]), array([20584, 29542, 40441,  2675, 24711, 10400,   894, 39213, 20990,
       38847, 12809, 17814, 36579]), array([ 3810, 19760, 42206, 27633, 29752, 43060, 41660, 39041, 20572,
       15575,  4386, 13064,  4906, 36792,  9459]), array([10040, 27957,  7753, 29125, 32924, 37675, 43519, 39519, 10993,
       33255, 24640, 29072, 21715, 36157, 29786, 32889, 11104, 18288,
        6783, 37100,  8017]), array([13630, 17983, 11338, 31326, 16139, 17075,  3370,   116, 21176,
        4129, 22043,  7893, 20495,  2728, 16244, 19039,    18, 40244,
       19077, 16995, 35707, 19671, 11119, 22598, 14033,  8121, 32505,
       32614, 36977, 30006, 32007, 29894, 21585, 19255,  1029, 18809,
       15753, 41429, 16114, 40140, 40417,  5712, 20783, 41193, 12400,
       32850, 37522, 41674, 41275, 42937, 26403, 41119, 39999, 14320,
       19597, 25941, 42688]), array([12995, 17390,  2069, 38735, 13761,  8486, 30219, 38206, 40152,
       14463,  9623, 33988, 24078, 19492, 22552, 11289, 25111, 20372,
       33826, 27918,  4718, 16878,  7109, 20518, 44623,  9041, 33223,
       15341, 11541, 14195, 21321, 24448, 25769,  1083,    57,  9876,
       42094,  2350,  8412, 25982, 38424, 41658, 17249, 37537,   470,
       29747, 16285, 26149,  2820,  6339, 36312, 33630, 26797, 20022,
       36496, 20356, 12148, 24176, 17370, 11679,  9463, 18066, 17157,
        3795, 39573, 31274,  5318, 42314, 42884,  8269, 30970,   256,
       18086,  3343, 37595,  8144, 23826,  3856, 34508, 12955, 43016,
       13600, 17000, 22619, 42426, 22670, 35218, 19194, 42830, 22176,
       43992,   274, 44518, 25480, 19579, 10570, 37339])]
shape of feat_train: (223, 500)
Mean accuracy: [0.43299421861694976, 0.00540980173221348]
