Namespace(dataset='flickr', dropout=0.0, epochs=400, gpu_id=0, hidden=256, inductive=1, keep_ratio=1.0, lr=0.01, method='kcenter', mlp=0, nlayers=2, normalize_features=True, reduction_rate=0.005, save=True, seed=15, weight_decay=0.005)
size of adj_train: (44625, 44625)
#edges in adj_train: 218140
Test set results: loss= 1.5456 accuracy= 0.4714
idx_selected :  [array([10109, 20890, 29916, 43717,  8546, 23333,  2888, 31330]), array([23596,  2982, 35160, 24749, 24663, 13930, 44441, 39885, 29848,
       40209, 29426,  6023]), array([10631, 29542, 40441, 10400,  2675,  6298,   894, 38847, 39213,
       20990, 40973, 31037,  3375]), array([34029, 19760, 42206, 29752, 27633, 38616, 41660, 39041,  2381,
       20572,  4906, 20230, 24983, 26252, 38602]), array([34047, 27957,  7753, 15289, 32924, 10993, 42044, 37675, 21715,
       16387, 43519, 36157, 29125, 33255,    62, 29786, 11104, 28418,
        6783, 39519, 28701]), array([13630, 17983, 11338, 13689, 31326,  3370, 42897,   116,  3801,
       21176,  1302, 27005, 28491, 22583, 20495, 14033, 19671, 16995,
        7893, 19077, 32370, 32505,    18, 40115, 40140,  4129, 14206,
       13425, 25618, 20840, 32229, 32007, 41193, 18809, 32614, 10090,
       17075, 36977, 35707,  6141, 44042, 22598, 26794, 13567, 11119,
       12436, 21935, 32441,  3030, 19966, 41674, 41119, 19379,  5776,
       28521, 26167, 18735]), array([ 5948, 27918,  2069, 22717, 25111, 17390,  3715, 11607, 30219,
        7159, 16878, 19492, 33826,  8486, 19194,  4245,  6890, 40152,
       20518, 13761, 11777, 36782, 15587, 14463,  1083, 22670,  5442,
       30930, 10070, 10612, 11541,  9041, 36663, 44623, 16566, 25480,
       14195, 39573,  9136, 36312, 42426, 26149, 30970, 24078,  4141,
        6802, 24176,  2820, 20364, 42314, 24448, 28889,  7109, 22011,
       34508, 14188, 16581,  9284, 16396, 42931, 34301, 12148, 39046,
       18086, 22280, 20084,  9054, 33988, 29085, 29747, 37773, 36035,
       17668,  5318, 37595, 44294, 17000, 41658, 25982, 36116, 31274,
       14224, 33714,    57, 18743, 35998,  3856, 17249, 22619,  9876,
        7432, 38206, 17370, 17157, 15658, 19579, 38735])]
shape of feat_train: (223, 500)
Mean accuracy: [0.4336395823062788, 0.008731477629565153]
