Namespace(dataset='reddit', dropout=0, epochs=400, gpu_id=0, hidden=256, inductive=1, keep_ratio=1.0, lr=0.01, method='kcenter', mlp=0, nlayers=2, normalize_features=True, reduction_rate=0.075, save=True, seed=85, weight_decay=0.0)
size of adj_train: (153932, 153932)
#edges in adj_train: 10753238.0
Test set results: loss= 0.4403 accuracy= 0.9413
idx_selected :  [array([ 13694,  38678, 145784,  73763,  94123,  33691, 104467, 119724,
       135190, 152975, 119049, 102772,  28612, 152192,  51090, 140994,
       147197]), array([ 97335,  98628, 136925,  90474,   1771, 139578,  20581,   7381,
       102418,  10503,  74673,  63266,  68731,  75254, 130846,  60351,
       107468,  52397,  25715,  14176,  63955,   6500, 118997,  41998,
        80718,  42610, 127107,  33619,  96244,  31814,  37823,  20631,
        49010,  87426,  38041,    167, 121005,  68021,  36020,  84269,
       134146,   3519,  28672,  37739,  41183, 152479,  64292,  98775,
        40571,  45243,  96427,  72206, 107255, 108011]), array([ 67316,  28828,  53645,  35594, 153735,  32777,  83885,  96474,
        56670,  97922,  70688,  14855, 140396,  51726,   3375,  46092,
        40903, 114723,  18789, 138015,  17278,  13008, 150373, 123421,
        52000,   3105,  89259,  61227,   3146, 121636, 113716, 147901,
       126958, 144465,  81655,  85017,  63116, 128938,  83625,   3900,
       148220, 144458,  55447,  17247,  13154,  36563,  46407,  24422,
       103492,  29544,  47735,  95083,  60303,   6775,  31107,  73336,
       151896,  73052,  43349,  57985,  10217, 135850,  43908,  97430,
        35898,  60316,  65573, 148896,  91245,  82476,   6238,   3078,
         2093,  13369,  22094,  71575,  54681, 135755,  84822,  84913]), array([ 36456, 135926,  39156,   1518, 101592,  12068,  37840,  87225,
        52241, 130859,  21889, 133554,  21955, 123929, 146664,  30146,
        75911, 128653,  31245, 119267, 114220,  83405,  64414,  28575,
        92463,  47675, 129571,  80567,  34121,  60146,  46245, 102721,
       140031, 118766,  40261,  70644,  47196, 105273, 145637, 111630,
         6620,  70061, 112656, 122883,  35125,  52710, 110833,  85958,
        63059,  54357, 135733, 106662,  34844,  86600,  48928,  98731,
        63936,  90345,  57539,  82516,  84862,  93060,  76801,  69894,
        55508, 153592,  53763, 153546,   1272,  28677,  14125,   7110,
        28454,  22167,  52594, 116835,  50623,  49240,   9180,  50355,
        34064,  45340]), array([123541,  29314,   9803, 131622,  85208,  38269,  97202,  63022,
       124868,  33419, 136186,  91296,  78867,  38095, 145688,  83143,
       136651, 150529, 107679,  12152,  40858, 120289, 100508, 152533,
          765, 115479,  44833,  16968,   6146,  64551,   6739,  44444,
       111314, 109862,  15252,  29110, 124170,  25303,   1781, 139080,
        38421, 122195,  73945,  81323,  74077,  72600,  28911,  84795,
       136321, 152042,   1835,  89219, 142226,    520, 100802,  76237,
        11447,  79024, 133733,  87303,  22881,  18585,  94002,  85396,
        24298,  74964,  39413,   3991, 112967, 123174, 104246,  76621,
       115453,  39514,  11706,  42414,  94082,  22888,  19724,  28637,
        44065,  92971, 124132,  34677]), array([ 82638, 106042, 141692, 136650,   9010,  38791, 114066, 151710,
        83191,  75157, 148507, 123879, 147397, 129566,  43071, 106946,
        78695,  44066, 153827, 135012, 134865, 115405,  29387,  46674,
       127443, 151651, 102773,  50209,   1478, 134487, 113741,  76082,
        74373,  20839, 129491,  10785,  97039,   5825,   5953,  32491,
        73896, 110712,  68329, 108770,  91639,  24534, 136509,  29615,
        45281,   2115, 138880,  39919,  28072,  80279,   3033,  40806,
       146205,  44551, 109493, 124801, 114355,   7130,  78562,  85797,
        69197,  36182,  41523, 112933,  65708, 125470,  83479,   8680,
       150416,  75878, 123555, 123022,  96486,  16047,  40446, 124989,
        57202,  22955,  10388, 131102, 106990,  67558]), array([150745,  95506,  20066, 151991, 123587,  53927, 142049,  87816,
        68787,  57950,  87132, 135352,  96237,  51534,  88137,  85448,
       110815, 135288,  44774,  60928, 112675,  46968, 148001, 149920,
        71928, 110096,  72261,  47913,   7946,  92821,  36815,  76292,
        12702,  68127,  48431, 122948,  66153,  93343,  63545,  41180,
       128623,   8201, 148810,  37995,  90635,  82261,  78865,  81990,
         4255,  61166, 123729,  24877, 137586, 106418,  38265, 106165,
       115589, 141133,   4724, 105212, 103960, 141763,  97650,  73009,
        25756,  95614,  64519, 129196,  18373, 152218,  54786,  98855,
        51397,  87929,  12051, 115066, 137837, 146432, 127129,  34687,
        47284, 114745,  49316,  23734,  46593, 146900,  17177,   3610,
        69973,  51244,  83871,  97876,  47004,  38734, 145244, 104596,
        12071,  18000, 111756, 150128, 119098, 119429,  46319,  10058,
       131603,  24411, 132356,  89811,  97688]), array([ 92259, 135307,  63642, 123652,  17583,   2275,  54349,   5753,
        21824,  56519,  38447,  31954,  28329, 142869,   8120,  41296,
       148284,  54850, 153018,  87907,  95947, 129285,  99756, 120175,
       152894,  16096,  62877, 151013,  97207, 130202,  39893,  81579,
        96633,  29443, 121826, 127237,  71236, 124681,  35128,  30144,
        55686,  85609,  47671,  61309, 113526,  61380,  89246,  14930,
        78802, 143985, 137349,  36269, 123386,  11426, 146268,  19118,
         1920,  40083,  11395,   6441, 115500,  17035,  97924,  35249,
       152020,  68743,  23095,  27649, 133249,  66509, 149629, 105050,
        76742, 147596,  34534,  61115, 101191,  25794,  75622, 117214,
         1378,  72584,  18276, 126831,  89209,  24776,  37413,  86347,
       107054,   5215,  38880, 104781,  73072,   7497, 137299, 127181,
       130582,   1974,  66231,  94018, 126125, 148436,    851,  32422,
       104651,  32129, 121488,   2084,  32524,  15051, 139052]), array([ 78624,  60849,  43890,  89580, 117592, 136607, 153409, 131071,
         1892,  43602, 124152, 143137,  54845,  49329,  60943,  97693,
        27342,  79863, 130935,  71200, 113086,  45684, 133562, 134980,
        32829,  60827,  45144,  39255, 133426,  68097, 126873,   7471,
       132965,  50900,  45578, 139094,  52174, 118303,  27035,  31131,
        28535,  59808,  85563, 116894,  73957,  86245, 108997,  37282,
       107995,  46801,  26381,  63257,  62184,  85568,  44688,  11399,
        75609, 104790,  45863, 133591, 106450, 105369,  66899,    426,
       125171,  88829,   5613, 115939,  11077,  65402, 119314,  64425,
        99500, 140610,  89114, 137261,  31387, 124991,  17899,   5503,
        22794,  88682, 126928,  11280,  44154, 113663,  51064,  90953,
        49629,  64265,  63625,  66023,  99064,  88414,  92522,  62053,
       122966,  94033, 125176,  83261, 109953,  20049,  58904, 143536,
       125587,  28978,  12168,  23712,  34804,  67143, 125611,  35370,
        47942, 139612,  74023,  10594, 119653, 119670]), array([110337, 132598, 119424,  41678, 123268, 112637, 141701, 103673,
       150619, 116123,  37725,  49017,  37838,  20283,  59106,   7823,
        95794,  95697,  65983, 103172,  52608, 149772, 115933,  80609,
       138694,  53013, 139610, 113810,   2137,  46478,  12590, 129111,
       118991,  64699,  62002,  69977,  20535, 112881, 152866,  36128,
       113387,  68344,  52122,   4032,  43046,  59014,  89759,  28943,
       106142,  53253, 129066, 101466,   3254, 101779, 119928,  39917,
        87380,  24312, 117419, 114132, 129857,    772, 132437,  42153,
        26365, 143624,  44481, 138277,  45417,  80449, 144436, 106766,
        28153, 127230, 117442, 152484,  77405,  30749, 130431,  99745,
       115749,  87399,  81272, 143844, 125513,  73614, 128753, 110990,
        71369,  88569,  99968, 100078,  37452, 109755,   3560, 111565,
        50202, 134083,  41402, 153318,   1772,  52077,  65030,  15847,
        93533, 105660,  32568,  16771,  22612, 146034,  13644, 146539,
        84898,  52523,  72656,  91415,  29167,  57495,  52357, 122583,
        68548,  23373,  50233]), array([ 77495, 136178, 153645,  66344,  82632,  79580,  69705, 121960,
        78825,  86338, 132428,  88874, 146745, 111127,  45732,  70448,
        86147,  71180, 128537, 116132,   2521,  21385,    397, 124420,
       150289,  42930,  11418, 114919, 139351, 112215,  40933, 111582,
       140453,  33542, 149151,   9935,  13002,  62587, 142849,  72458,
       147559,  26544,  39981,  53828,   3214,  95102,  63350, 116636,
       109031,  35519,  31006, 139635, 118842,  60851,  42522, 139294,
       142731,  78694,  13493, 148780,  55282, 142745,  34607,  54697,
         8873,  96103, 136152,  52049,  10162, 144142,  15211,  75555,
        94524, 140841,  65120,  64329,  88615,  29212,  85811,  12905,
         6884,  82053, 115712, 106174, 101114,  37288,  75182, 102990,
       111951, 143182,  79907,  77386,  19766, 104257,   6755,  30942,
        37812, 139151,  29698,  83947,  38025,  82456, 122937, 114738,
        51455, 131493,  42741,  83821,  15541, 122476, 150076, 135713,
       147159,  82676,  74796,  16197,   6019, 150451,  25831, 120830,
        35032,  93256,  26905, 133184, 139535,   9374, 134875, 102790,
        74081,  26069,  42928, 131600, 115596, 110992,   3768, 137505,
        35885,  41168,   9228,   2583,  25002,  43297]), array([118869,  52958,  72660,  76880,  29707,  79842,  27328,  35469,
       126289, 143518,   7651,  40262, 109667,  73694,  47240,  41021,
        28681, 104947, 107826,  41452,  45774, 135950,  68336,  12279,
        36574,  76250, 142081,  44763,  54995,  24765, 113648, 142025,
        97092,  53054,  39379,  29335, 110387,  58764,  27271,  83977,
        25928,  14272, 107252,  64749, 143112,  29368, 117710,  95371,
       135344,   7822,    910,  51291, 141926,  67496, 117936, 151459,
       151066,   6558,  14613,   9807,  49544, 105551, 134020,  69709,
         4223,  92346,  49385, 126202, 118636, 146550,  69862, 121037,
        71597,   2541, 131041,  90314, 145160,  98237, 108615,  40123,
       122901,  25093,   2253,  18478, 107328, 111658,  64658, 143726,
       109824, 100546, 118401, 153730,  94117,  55705,  51909, 153704,
        11564, 138789,  34842, 132848, 116501, 125874, 122924,  66650,
       152074, 135155, 113208,  58934,  11973, 114055, 144865,  38167,
       112420,  89390, 121385, 137703,  92046,  60449,  42253, 141479,
         7659,  35028,  13925,  32271,  90475,  61240, 133796, 141609,
        47989,  43877,  46299, 100959,  82916, 130616,  38162, 110835,
       114146,  86872, 141605, 147875,  95219,  67190]), array([ 98249,  60884,  96145,  58498,  65834,  32300,   3881, 141271,
       106884,  67937,  98311,  28287,   5210,  97105, 114711,  12045,
        91237,  43038,  89648,  46274, 131078, 130904, 114451, 107676,
        89472,  79134, 118465, 113732, 126337, 105206,  49201,  67144,
        60262, 125813, 117944,  76177, 146640, 104785, 118173, 131391,
        75236, 143405,  88142, 144253,  20242, 105902, 145818, 139980,
        29391,  51231,  82034, 122705,  62397,  20758, 136023, 121682,
       118301,   7025,   7383,  81798, 115302,  17195,  98851,  24515,
        73089,  66084,  65688,  81408, 106402,  96624,  90728,  60581,
       110052,  82506, 134129,    232, 135783, 134582, 141214, 102909,
        33688, 131748,  76002, 138147, 100397, 141132,  80455, 116447,
       153241,  20733,  48630,  49681,  52726,  45932,  51974,  55038,
       101549,  39577,  80227,  53757,  95092,  41424, 150358,  76245,
       133518,  17799,  94401, 149235,  20198, 138000, 118168,  86209,
       108749, 137972, 112357,  51008, 108033, 150328,  66418,   8692,
       122620,  49041,  64865, 103975, 118810,  47039,  99570, 146133,
       151261,  68180,  51233,  60028, 101721,  66308,   9792,  82455,
       137258,  45930,  54887,  58246, 109812, 152115,   1930, 114145,
       133357,  60977, 152603,  37683,  28068,   2439]), array([115565, 145004,  29993,  10978, 121446,  38063, 118377,  15973,
       114788,  50347,  60573, 113085, 112625,  57155,  55432,  65883,
        53046,  68288,  87006,  54307, 109497, 130943, 146497, 148394,
       117492,  92211,  92543,   2260, 149889,  45815,  89628, 147872,
       105474,  11002, 142174,  52571, 115004, 129748, 130729,  60140,
         9860,  15001,  61133,   7236,  69630, 129048, 126004,  67298,
         7782,  88982,  85363,  19291,  71089,  67579, 101697,  78949,
         1873, 104751, 118269, 127349,  56747, 135036, 136753,  93689,
        62289,  79229,  52373,  96659,  65325,  60536,  46533,  83632,
       119783,  84050,  10565,  82986,  44039, 118251,  56042, 128191,
       141103,  17514, 118362, 137391,  67056,  24385,  16333, 131363,
        21358,  48159,  71402,  56786,  22226, 149330, 106827, 133368,
        77702, 137118,  30828,  37170, 101041, 152414,  17130,  48437,
        50691, 129610, 120203,  62321,  60264, 127838, 124920,  50747,
        17348,  52924, 140345, 128080, 102510, 148091,  65772,  18973,
        43805,  86941, 141299,  70346, 128710,  43636,  42964, 116377,
        34957,  22911,  33101, 130255,   8136,  30024,  66804, 148610,
        54672,  24898,  70562,  19051,  50705, 151682, 134197,  12073,
        98745, 133045,  46922, 138081, 144171, 140715,  20057,   4097,
         7180,  36889, 152995, 100857,   1887, 143292,  48525,   5705]), array([132162,  81379,  27706,  62499,  19730, 101400,  37882,  72363,
        79411,  86372,  39954,  12509, 112381, 123433,  87016, 122793,
        52722,  44475, 100411,  20285, 126456, 134215,  56077,  64925,
       141522, 146720, 100301,  32875, 144484, 146191, 121153,  97361,
       121963, 120743,  11734,  97805,  34509,  89117,  27769,  69224,
       118590, 118580,  54413,  11114,  18833, 106035,  85089,  71064,
        76295,   8757,  70975,  46761,  68654,  91408,  27439,  53571,
        49658,  86670,  12892,  42662,  19725,  82962,  79493,  72043,
        74486, 145742, 133471, 122758,  14356,  85419, 134070, 146013,
       138541,  88517,  14681,   8176,  38857,  22822,  13192, 146248,
       137542,  58099, 150650, 133737,  49774, 113204,  37089,  88540,
       100079, 136187,  51228, 142401,  87979, 107507,  16558,  92503,
        85576, 108625,   9080, 146484,  68179,  36644,  45826,  30159,
        48551,  30447,  72541,  56064,  83910,  89610,  34819,  96836,
        90665,  90388,  50525, 134574, 100469,   8221,  56683, 101005,
        28704,  26462, 125666, 130657,  64485, 142915,  30185,  28053,
        11076,  75914,  98506, 141902,  32816,  58645,  33002, 136890,
       149820,   1896, 118409,  75221, 147104, 138331, 112273, 121132,
       140270,  28639,  27667,  56730,  41214, 153471,  23740,  53904,
       128036, 124568,  76332, 124377, 132571,  85393, 146162,  60114,
       140411,   8049,  50984,  25719, 140378,   8154,  44626]), array([ 25595,  90933,  75217,  59563, 134743,   5242,  32402,  91916,
       149663, 140799, 151376,  41259, 106853,  68429, 150743,   5806,
        65223, 141441, 141679,  99760,  97322, 123584,  52746,   3399,
        16581,  39115, 121375,  25434, 129897,  10919, 118829,   4439,
        15778,   1048,  38575,  10124,  24625,   8371, 102607,  11560,
        54739, 144595, 121471, 118354,  43678, 128972,  67250,  60547,
       143080,  81639,  23596,  29940,  85369,  48605, 137055, 101303,
       129448,  40608, 109308,  99616,  11442,  80929,  39936,  62161,
       120512,  37223,  71080,  38013,  72453,  21726,  56766, 141891,
         3049,  20902,  79017,  35596,  56885,   8396, 125766,  64474,
       152792, 137435,  37063,  50059,   7818,   4392, 118116,  57552,
        71888,  24785, 134220,  33774, 145664,  31093, 120236,  89635,
        52823,  72861,  26250,  76429, 146185, 144691, 117669, 121632,
        98873,  52028,  74416,  73349,  15382,  22938,  23456,  82867,
       120934, 150761, 142839,  78718, 139678,  15299,  16344,    398,
       149103,  72236,  56071,  93325, 143088,  78103, 125575, 125225,
        20333,   5017,   5775, 102262,  31173,  74569, 135254,  85694,
       142376,  34248,  96321,  14766,  23426,  80321, 153566,  29937,
        84255,  42654, 147723,  14111,  96346, 131349,  28294,  30361,
        71679,   1416, 140844, 125327,  66950,  38781,  28462,  34008,
        93478,   5714,  41545, 135094, 142726,  25512,  99158,  98560,
       114649,  96138]), array([ 26937, 150586,  14068, 127598,  10069,  53171, 138805, 131945,
       150497,  48776, 133395, 129458,  95456,  77201, 101488, 129465,
       128909,   6047, 139961, 104822,  24957,  47428,  50949,   4819,
        44717, 104710, 144389,  73580,   1839, 142302, 113038, 150237,
       122106,  32116,  21069,  69380,  46976, 149002, 133679,  96439,
        95147,  12060, 147466,   9273, 119244, 107793, 151730,  13169,
       135031, 134162,   6821, 126032,  37338,  55035,  23144,  93939,
        31492,  64367, 141152,  33467, 118735,  87995,  51160,  44613,
        80096, 148236,  11642,   2839,  46150,  88332,   8466,  26247,
       143124,  93748, 105783,  51768,  83076,  97334, 134019,  21544,
       131785,  31250,   1937,  72703,  74608,  46972,  62688,  37703,
        96654,  15766,  37864,  64744,  41470,  19337,  17128,  31683,
       132270,  68438,  35931, 141279, 144578,  81332,  93223,  87410,
        92605,  76277,  81191,   9735, 136204,  26893, 102049,  61237,
       137220, 125135, 125233, 100489,  16880,  78484,  67637, 137519,
        66042,  22899,  91488,  22276,  83729,  94990,  91694, 146120,
        42210, 130777,  35968, 138815,  44173,   2736,  45786,  77215,
       139841,  44411,  34604,  62095,  80353, 107635, 140949,  21797,
       109072,   4669,  20099,  86971, 133850, 130500,  44166, 111347,
       102352, 123147,  48558, 129217, 144981,   8101,  22544,  85957,
       143368,  82990,  28829, 118183, 104463, 118749,  77057, 132227,
        99919,  77995, 143691,  52102,  89118, 137400,  76476,   6314,
       123819]), array([ 67576, 132008,  92600,  64906,  49577, 138212,  93298,  87159,
         4612, 144590,  81017,  90763, 136572,  14206, 125048,   4619,
       143058,  48017,  80637,  76182, 132164,  63938, 101364,  27222,
        89509, 127241, 116397,  68529, 134028,  96614, 134467,  89503,
       106456,  60461,  45322,  56918, 113897, 100562, 146673,  24239,
       106695, 117050, 116826,  61600,  17153, 140314,  71390, 117829,
       122397,  93474,  25497,  95433, 121693,  54731,  60203,   8093,
       131446,   6670,  11460,  71340, 106711,  47367, 110139,  12714,
        72024,  75531,  80734,  23736,  94603, 143269,  29782,  10993,
        69095,  68768,   1828, 117299,  10775,  83073, 140893,  73208,
        48831,  58872, 136639, 137544,  20397, 102474,  64707,  92816,
        93089,  13306,  27791, 140732,  24889,  28781,  30770,  73386,
        65520,  99815,  30388,  63993, 139754, 110918, 145571, 101632,
        59524, 117147,  50207,  84500,  37927,  49856, 122071, 137819,
        23783, 125842,  49538,  58395,  52100, 120540,  45072, 130149,
       109723,  61029,  96258, 148208, 111259,  93971,  54385,  41084,
        83128,  90846,  80997,    605,   7319,  61934, 119055, 123474,
        53899, 107569,  27875,  98569,  65384,  54546,  45818,  61392,
       114905,  12063, 148403, 151736,  15716,  74225,  12339, 140214,
       113445, 115100, 103888,  61479,  55506,  17384,  95426,  58345,
        93290, 142822,  46988,  63888,  41145, 121800, 141933,    576,
        59366,  85019, 141110,  95886, 127168, 138398,   6773, 124218,
       100347,  43836, 101557]), array([120018, 101879,   2932,  63085, 106905, 139910,  45174,   3005,
       122251,  99483,  33088,  86368, 120251,  49621,  26722, 129097,
        62178,   7138,  62798,  69359,  51945,  26464,  21893,  59347,
       116969,  51010, 135033, 127085,  66757,  23931, 116091,  55442,
        33265,  42498, 113601, 129765, 132863,  91081,  17672, 141210,
       121434,  10543,  39563,  38522,  89424,  21345,  20258, 132212,
       147203,  78422,  25045,  28288,  82281, 111267,  46233,  59653,
       134011,  97665, 140554, 131794, 134842, 108378,   1874,  68607,
        11725,  38361,  13640, 102881,   3764,  12015, 123639,  45166,
       152466,  42105,  91974,   6962,  56703,  43168,  40359,   1552,
        53361,  97769,  16841,  89255, 101642, 149474,  28042, 142016,
        96211,  41358,  17770,  14987, 131827,  13085,  83321, 151995,
       149499,  42388, 121431, 111907, 143815, 151049, 138602, 112194,
        81522,  28834, 101270,  65226, 143905,  27129,   8603,  77129,
       126267,  53472, 148701,  19369, 111083,  57874,  79612,  61915,
        23805,  94537,  28006,  32682, 134178, 135053,  17280, 136964,
        30261,  11813,  63034,  82248,  36745,  39520, 111984,  23867,
        55206,   6813,  81896, 100128,  71770, 138060, 100493,  96333,
       115696,   2865,  66276,  77392,  27536,  72426,  38620, 115211,
        62867,  59977,  41267,  43191, 116897,  81947, 128883,  10678,
        30721,  98206,  70434, 136300,  74335,  22553, 128009,  30300,
       110005,  90509, 124354,  28378, 113624, 120551, 109464,  85366,
       145447,  10191,  82304,  18290, 147866, 109243,  97209,   6275,
        87295, 133005,  81938,  46079, 146442,   1559,  22285,  14688,
        12796,  81544,  77224, 123891, 136608,  68958,  35610,  40265,
        59922,  37189,  57189, 130993, 102525, 101278, 150364,  96879,
       117410,     32]), array([  1246,  19904, 120272, 117090,  66895, 107040, 132832,  40397,
         9337,  98964,   3429,  61508, 129140, 131703,  67514,  27501,
        98290, 145051, 119627,  89971, 132829,  68403, 138545,  75685,
        30426,  49213, 134412,  96135,  91583,  41357, 138173,  83055,
       135403,  23204,  26293, 134277,  22156,  53771,  59157, 131004,
        98437, 123063, 138375, 108252,  41756, 118825,  18106,  92697,
         7262, 112140,  34247,  31076,  47891,  79887,  59882, 146516,
        77438, 128366, 134500,   8841, 135305,  96919, 117199, 108164,
        59969,  30245,   7507, 149270, 150631,   2530, 104195, 140384,
        25230,  90747,  61604,  45871,  15889,   1911, 139319,  32088,
        88024,  44697,  42439, 119974,  49276,  60010, 135237,  81532,
        86939,  29619, 107523,  59280, 125128,  29632, 135148, 101739,
       130076,  35642,  97320,  25763,  84420,  34728,  42809,  39967,
        70262,  15013, 152755, 146992,    832,  92296, 128628, 127967,
        58755, 139433, 145427, 102653, 142157, 142768,  88964, 117719,
        40104,  89157, 152997,  11339, 140585,  53701,    204, 138480,
       150676,  55385,  54471,  14967,  32095,   8428,  24304, 141088,
        28774,  72496,   5843,  73937, 121286,  91844,   5529,  70379,
        81080,  55262, 106579,  93644, 106067,  88579,   9075,  68740,
        57668, 142527,  56193,   3781,  47441,  48755,  30918,  55520,
        90568, 130857, 117845, 135772,  35960, 135708,  71055,  89661,
        82908,  67141, 122958,  33601,  77825,  14429, 123919,  37846,
        34307, 142392, 135715,  75073,  14636,  80422,  94581,  48922,
          646, 124127, 133030,  85736,  54630,  46802, 150876, 120031,
       145089, 116734,  14336,  15130,  91423,  35395,  33128, 145218,
       136732,  67528,  20268, 140560,  47897, 103771, 143752,  61119,
        11690,   9335]), array([131943, 140788,  23206,  18728, 121685, 129051,  86452, 149951,
       147139, 121218,  67458,  75814, 127993,   9539, 127516,  81832,
       142992,  86284,  24782, 143509, 125053,  14392, 116436, 114810,
         5940, 137340, 106957,  64676,  89504, 149256,  79093, 116248,
       142642,  94573, 136919,  19748, 109709, 139364,  48087,  73479,
       125783,  48237,  57483,  99479,  20471, 106718,   5913, 120073,
        52232, 122240,   6571, 147168,  10874,  29162, 136179,  29129,
       115826, 111275,  17967,  32766,  64230,  96639, 101168,  55217,
        11172,   5389,  13806,  82523,  77005,  42632, 128586, 103799,
        27206, 133668,  12155,  74659,  21443, 120834,  90927,   3735,
        94911,  69856,  87765, 109305,  67951,  86930,  75636,  19732,
        60306,  42464, 111322,  29223,  91036,  66417,  18495, 104693,
       131608,  87771,  75186, 111795,  25529,  27926,  95733,  79588,
        27909,  61846, 132853, 131682, 102222,  41857, 132902,  81092,
       113887,  75190, 130750,  16297,  69193, 124625,  53261, 150813,
        30635,   1775, 147336,  73880,  87569,  77065,  90861,  93825,
        35679,  55779, 136113, 138924,  83701, 108549,  84179,   8671,
       101643, 100017, 107503,  26115, 139797,  79647,  30398,  59013,
       124759,  45951, 145929,   2239, 120688, 146584, 139472, 131018,
       131065, 146676, 138792,  93038,   2517,  90729, 106549,  73688,
       125126,  28587,    551,  19707, 125453, 125267,  38506,  43011,
       119568,  55623,  62721,  76246,  36953,  49318,  42166,  85318,
         2122,  88859,  11561,  85771,  18209, 106947, 141171, 132355,
        80117,  61477, 114326,  45757,  96748, 131416,  64824, 102061,
        23162, 135689, 138571,  54803,  25265, 138313, 121168, 133442,
        74695,   9660, 136949,  96062, 114951,  99342,  26717,  33352,
        26470,  34188,  71960, 114335]), array([ 50727, 145463, 129413, 153466, 123480,  26453,  26172, 143842,
        98753,  82195,  76981, 121977,  89856,  36818, 120109, 131112,
        62816, 104363, 123073,  81984, 130195,  13278, 126319, 145520,
        67828, 118790, 121867,  43621, 152167,  63490,  98293, 146495,
       125024,  29298, 125695, 129236,  82156, 128923,  36813,  22232,
        90206,  50170,  19629, 128338,  81176, 142237,  70584, 114187,
        12609,  45893,  20452,  85156, 137296, 106446,  26283,  90368,
       152628,  70909,  73624,  85079,  11282,  86173,  41803, 103916,
       125270,  53905,  57651, 116788, 120365,  55947,  96011, 130397,
        18504,  90108,  37680,  16506, 110034,   4420,  78216, 137295,
        52038,  31049,  55006,  11778,  62354, 148767,  79737,   3431,
        69162,  67608,  22930,  24215, 104944, 152239,   4727, 143241,
       107619,  50722,  23870, 151268,  39523, 123341,  28069,  28532,
       146317,  47992,  76019, 100880, 140341, 147880,   5757,  28833,
        61361,  22462,  67871, 135630,  79792,   8540,  13389,  78555,
        56764,  23422,  52836,  32224,  63825,  98397,   4353,  12812,
        13262, 144898,  78254,  39580,  71367, 111466, 140647, 132658,
       104051,  59855,   1650, 152250,   4792,  30487,  40591,   5152,
         9878,  25039,  73289,  46366,  87294,  18741, 125730,   1866,
        31658,  68954, 133428, 146281,  51492,  71149,  14818, 115917,
       143855,  41700,   4187,  76642,   2985, 133878,  78498, 125131,
       130418,  87608, 152735, 122673,  42017,  83071, 136150,  17078,
        37445,   9305, 145385,  98588,  95169,   6799,  15345,  86429,
        81130,   7014,  96547,  99257,   8113,  61643,  14852, 107494,
        77152, 148932,  73224, 117511,  72972,  91473, 101868,   6729,
       133346,    853, 122979,  91448,  86690,  33109,  38227,   4778,
        26818,  11184, 117309,  89800,  87564]), array([ 24352,  92663,  19821, 122200,   5871,   5919,   6010,  80810,
        45891, 115513,  95266, 114448, 122294, 101304,  77423,  25871,
        57329,  86394, 122876, 150008,  80845, 142299,  18047,  37996,
       132735, 103241,  94107,  80392,  44565, 108275,  49254,  10277,
       122660,  50795,  37442,  53490,  88661, 124160,   7749,  85270,
        90079, 131294,  37163,  37755, 143172,  36823, 103476,  36315,
        51935,  87733,  86389,  92262,   2144,  60245,  63946,  60685,
        95134, 127132, 118071, 140719,  84749,  83133, 131764,  93077,
        48513,  48179,  13635,  89854,  33268, 131642, 124268, 142832,
        17241,   9677,  12655,  41244, 131228,  47960,  12344,   6046,
        76362,  30460,  31920, 148293,  65041, 151959,   4697,  57806,
        50790,  15153,  17157, 124919,  69006,  23924, 116579,   5312,
        33968,  85018, 129357,  95658,  12362,  11475, 102574,  23986,
        42146,  51752,  95369, 143861, 107106, 140243,  98402, 115467,
       105545,  28125,  21339,  19163,  61230, 116829, 131867,  90879,
        15989, 131084,  37375, 100967,  17579,  23586,  77521,  93657,
        65473,  86447, 111161,  45080, 124349,  65224,  61626, 147233,
        13040,  32743, 137838, 153057, 117037, 116914,  72041,  80958,
       122748, 134512,  30412,  95609, 144686,  41129,  64166,  76149,
       101190, 102575, 130609,  89386,  22560, 110193, 109932,  69860,
       121300,  70111,  43845,  70607,  43761,  46464, 118472, 110183,
        86177, 153815,  60780, 113993, 118543,  79605,  19310, 140771,
        93330,  48145,  86100, 141187,  68102,  49849, 108814, 122585,
       134579, 125180,  27422,  90179,  66758,  56445,  78900, 149079,
       150172,  84597,  31909,  22983,  47265,  21705,  98256,  26409,
        33194,  86802,  22127, 127209,  76046, 122415,  41448,  22069,
       105856, 151184, 114215,  13455,  90823, 118242]), array([ 91023,  62738, 126976,  29692,  69439, 109223, 151292, 149005,
        75659, 119425,  54484, 126979, 100026, 134560,   8058,  49791,
        32019,  32144,  55473,  56471,   1513,  54447,  84737, 146675,
         7632,  73960,  72511, 109938,  86697, 150272,  40301,  78310,
        81452, 120828,   4705,  44270, 149029,  89549,  17202, 149186,
        74650,  48250,  11994,  42521,   7485, 106584,  76342, 113437,
        99506, 146314,  80919,   2011,  44844,  94875,  58034, 115821,
        60559,   7268,  68770,  96423,  15271,  23641, 134971,  66614,
        40108,  16946,  88766,  25440, 127205,  60648,  34796,  81086,
        26826, 145961,  80196,  63056,  75807, 148212,  66787, 102368,
        35715, 114143,   9520, 131075,  23957,   7288,  37224,  24059,
        15262, 138646,  90981, 102212,  45725,  41818,  97368,  80550,
       106148,  22629, 139372,  81437, 138581,  75591,  16551, 119536,
        73404,   3891,  82976,  16614, 135450,  79782, 148363, 127647,
        66370,  79800, 114667,  41870, 135936,  60858,  15093,   7673,
        87353,  69334, 147930,  71555, 118318, 115912,  61332,  37900,
         1816,  23663, 133821, 137085,  77374, 149753,  20937,  97701,
        14425,  79788, 132202, 111912, 109407,  25288,  55312,   1883,
        67659,  81808,   5902,  11864, 118244,  18302,  87082,  74415,
       144744, 142984,  83304, 113725,  88131, 140804,   4465,  18521,
        84406,  67741,  90691,  87054,  37773,  42215, 126347,  92292,
       139176, 145358,  25661,  13768, 108179, 108182,   6402,  53530,
       116240, 102434, 129126,  23227,  77385, 110078,   6263,  37691,
        23607, 143894,  52878, 128765,  85321, 130414,  99619, 104580,
        69603,  18895, 138808, 144107,  90837,  11660,  68100,  71427,
       151938,  55099,  86648,  86827, 129052,  24558,   6665,  84843,
       107059,  76937, 131709,  62608,  59643, 140807,  99184,   6142]), array([114061,   3321,  50953,  24160,  69694,  35851, 139145,  57599,
       133054, 117436,  76515, 113207, 109910,  59452, 142448,  34731,
        63099, 140761,  13032,  18223,  83368,  27145,  98409,  54475,
        41153, 147754, 134794, 141078, 110338, 112239,  84861,  52905,
        27396, 115325,  88595,   2007,  72493, 121466, 120298, 139226,
         5673,  90816, 112590, 122469, 118666,  61181, 113386, 101916,
          957,  53975, 101054,  36041, 102462,  83727,  91155,   6356,
       147636,  73758, 126231,  91444, 135057,  18641,  51490,  78853,
       104690,  76492, 125001,   8313, 140930,  35778,  10723,  44057,
        84140,  99226, 131746, 113778, 139391,  54895,  41497, 115792,
        57511, 139707, 122348,  27127,  88679,  15761, 111141,  47616,
        32275,  39642, 130591,  20197, 103679,  50385,  54284,  78804,
        81217,  73270, 141420, 149185,  59661,  17544,  40601,  69774,
        81748,  51328,  64727,  13652,  67068,  41095, 118282,  72837,
        11743,  47358,  38842, 140509, 148943,  82423, 126108, 109624,
        91216,  10802,  88256, 141422,  11468, 123106,  80253,  71493,
        16137,  42856, 152012,  81328,  50692,  91195,  35677,  36731,
        17006,  55246,  49500,  74686,  98641, 135242,  68747,  97584,
       101111,  11804,  19722,  28589,  10320,  59130,  45143, 127018,
       126363,  98243,  75419, 139938,  83544,  45883,  17594,  40721,
        94529, 128789,  58187,  30714,  45130,   9797,   5493, 119482,
        31394,  52945,  49176,   1599,  41191,  88326, 102475,  74186,
        60332,  43240, 140109,  57022,  41256,  24570, 141275,  47287,
       109158,  42551, 109582,  27990,  87553,  87470, 116378, 113912,
       110442,  66447, 132375, 105877,  82984,  15483, 151984, 135922,
        89098, 138086, 138213, 124373,  29409, 122991,  44484,  59323,
          422,  30319,  49345,   2164,  43517, 109713,  66176, 109227,
        70428, 122334,  98205,   6859,  26753, 130902,   4786,  44850,
       109088, 105926,  37435, 149512, 131459,  45782, 152979,  70901,
        40747, 128667,  16796]), array([ 77823,  91676,  58228,  53371, 115224,  34401,   5008,  18747,
       121008, 145234, 152398,  74059,  59472,  43800, 147772, 129749,
        68395, 153513, 126995,  40953,  37873, 126672,  65262,  68343,
        54262, 137419, 118975, 114688, 127833, 133647,  48101,  34213,
        34590,  72667,  32186,  24244, 136335,  83226, 118166, 115073,
        69206, 132427, 151890,  29172,  38033,  88377,  45563,  48837,
       143683,  92867, 109848, 121389, 144226,  24518, 114682, 107713,
        53376, 117378,  33051, 146089,  75160,  91156,   9297,  64862,
        37816,  87639,  41400,  66457, 122085,  28913,  41640, 148660,
         8840, 133697,  16579, 117156,  33977, 111100,  39711,  43204,
        68029,  87315, 145669,  81812, 118088, 105337, 103957,  31825,
         8727, 145979, 104004,  91557,   6283, 152330, 119611, 122043,
        68683,  11321,   2268, 135516, 150626,  83312, 105401, 144793,
        26472, 123272,  13234,  79821,   3902,  91287, 136677,   4749,
       101774, 144304,   6087,  16874,  86895,  68698, 147128,  92354,
        94621,  43090, 128246,   5286, 151769,  50817,  20406,  43570,
        97421, 125671, 104221,  77918,  69040, 124905,  55400,  34593,
        47841,  71051, 132625,  30985,  48396,  65931,  14609,  13480,
        73185, 129181,  72867, 130938,   5698, 119894, 110184, 123322,
        36682,  62040, 144799,  69183,  79813,   2465,  61899,  96535,
        59708, 114057,  78221, 152873, 120347, 127845,   3340,  60439,
       101108,  81698, 139930, 119091, 109253, 146340, 135202,  28933,
        24180,  55975,  55449,  85021,  13997,  57252,  50956,  51449,
       108184,  71791, 153101,  89604,  24683,  56614,  10394,  44768,
        99084,  27823,  45206, 126187,  86012,  75895,  60041,  96089,
       102934,  89828,  48468,  45541,  79395, 117754, 139601,  44112,
         3159,  88737,  33649,  27867,  15570,  61347, 129188,  60632,
        63472, 110346, 124068,  68036, 116360,  25625,  55471, 122557,
       141488,  60744,  83059, 106361,  32623, 139254, 144930,  18384,
         7068,  35653, 106297, 100529,  40195, 146033,   8684, 136956,
        99454, 117432]), array([ 62477,  69310, 105453,  78210,  14363,  68831,  90379,  33052,
       135805,  40962, 134992, 103432,  16182,  52379,  88059, 114028,
        93180, 133693, 143039,   6177,  34229, 119713, 121760, 124143,
       118207, 102295, 124491,   3006, 105174, 108178,  54311,  45966,
        55274,  75886,  38058,     74,  63162,  45394,  60951,  76371,
        33172,  83852,   9685,  19957,  83452, 109123,  78462, 124212,
       150759,  22580, 135073,  40592, 136546,   4884, 123103, 118677,
        54784, 134262,  38488,  29628, 146998,  38550,  38679, 144551,
        91247, 109849,  71332,  56221, 123676,  15473, 141703, 116755,
        72771,  20239,  25321, 150519,  58752,   5339,  22230,  82180,
        89891, 115163, 140401,  70168, 136470, 117971,  36689, 128094,
       137006,  50704,  89462,  41974,  50911,  21235,  19207,   6998,
        73374,  50824,  31630, 153639,  44793,  98276,  98709,  65379,
         5303,  19811,  84230,  80920, 112938,  62574,  55408,  34964,
        43745, 134648,  48034, 153917, 114023,  37550, 119954, 137170,
        12331,  93700, 137638,  23731,   6784,    616,  41732,   5910,
        46619,  97096,  72483, 115174, 133685,  53394,   2403,  12472,
       116996, 103318, 115265, 120755,  66636,  96580,  45792, 144575,
        61425,  82337, 146884, 142040,  72770,  45575,  93001, 151033,
       123310,  49128,  97180, 127711, 142771, 142893,  95771, 118021,
        11004,  46904,  45438,  34133, 100008, 147744, 117397,  28436,
       147978,  57908,  41450,  15391,  30514,  45270, 146453,  18637,
       151740,  51782,  78957, 101858,  64734, 123347,  65923,  66161,
       130034,  21481, 101313, 121247, 103879,  25785,  20811, 125703,
         1155, 125142, 119227, 116322, 133038,   4596,   6594,  36015,
       103502,   2690,  76383,  72792, 118855, 110868,  62058, 107737,
       104313, 151666,  43432,  12043,  20341,  99047, 115036,  17408,
       153071,  23419,  73180,  76482,  63978,  55963,  82708, 124501,
       138168,  33383,  29799,  69258, 134529,  23504,  54456, 134283,
       117032,  55116,  17949,  70341, 117603,  63564,  36477,  66779,
        32767,  24661, 100716, 147893, 145928]), array([ 12481,  28089,  38537,  36005, 106397,  73470, 113444, 100711,
        21494,   9729,  33908, 116808,  70892, 147111,  87241,  51560,
       133126, 133841,  30934,  74513,  40426,  80173,  72622, 128564,
       142665,  50648, 147118,  85580,  75985,  14175, 133687, 137357,
        33262,  51355,  91177, 144748,  50714,  32981,  29132, 132464,
       116497,  12994,  96207,  84857,  44024,  14617, 139335,  78476,
       144315,  88355,   7864,  21710, 116422,  71522, 116036, 128135,
       126016, 152364,  52633,  45752, 128526,  72328, 108454, 102138,
        47550,  66807,  88163,  39268,  48445,  87391,  16027,  22260,
        76076,  10722,  21728, 124087,  13374,  16352, 133915, 141034,
       104967, 121793,  44143, 120380,   8147, 132481,  78623,  68159,
        57525,  11362,   5939,  69269, 106237,  58548, 140984,  63359,
        20821, 129760, 114003,  16853,  57689,  28667, 126430, 112529,
       111264, 143773,   9774,  86283,  44161,  20145,  80542,  70282,
        74452, 134824,  54408,   1097,  62778, 149316,  37826, 118310,
        62975, 128838,  82610, 136203,  13791,  78182,  43882,  87363,
        32526,  27059, 106771, 145583,  27883,  22943, 118330,  53918,
         4239,    703, 133296,  88728, 149114,  82726,  70656,  86536,
        44735,  29468,  94946,  83025,  78870,  84242,  62081, 110689,
       112375,  97982,  97831,  97495, 115206,  59113,  81246, 144869,
        30650, 144539, 143958,  37332,  11929,  68653,  83083,  46433,
        37267,  74537,  66900, 130045,  40275, 127291, 112679,  26788,
        79855,   4087,  18769,   7962,  66645,  93774,  70528,  82353,
       145729, 117341, 126336, 109738, 117947,   2572, 105284,   5482,
        25952, 104143,  43898, 142725,  32259,  71859,  98207,  17144,
       121639,  55187,   9343, 128207,  66564,  24125,  21092,  87174,
       113239,  70685, 100208, 105277, 125868,  72582, 148769, 150684,
       147629,  71893, 115225,   1365,   1659,  57277,   6963, 142424,
        99717,  44309,  98930,  99542,  26114,  75663, 135153,  39679,
       121549, 140039,  16848,  31763,  12257,  58412,  27691,  81028,
        35399,  35499,   5908,  61987, 128875,  62435,  47607,  92368,
        50134,  16346]), array([139760,  68076,  98668, 149212,  24188, 130312,  76804,  67218,
        66269, 120953, 131758, 133781,  63303,  67257,  53205, 136337,
       152093,  90675, 134972,  27582, 112435,  66805,  37020, 102021,
        14172,  44775, 124512, 109422,  66707, 129506, 138062,  62633,
        39831,  22563,  72045,  51405, 136927,  94027,  43855,  55106,
        24007, 137211, 149671, 107761,  88516,  80037, 127202, 114795,
        38145,  64808,  34345,  95086,  16219,  45201,   8410, 150263,
       146740,  35169, 110816, 137853,  50508,   7405,  69942,  96421,
       136760,  75155,  60704,   2509,  56912, 132089, 126895,  65647,
       118078,  15740, 134981, 124620,  62328, 106761, 131824,  79561,
        18937,  27402,  67570, 136148, 149315,  27413, 133417,  56178,
        22255,  46683, 131935,  42832,  21555,  70351,  25098, 118037,
       136984,  23119,  44752,  96253,  35556,  13402, 130975, 121667,
       118366,  60733,  74259, 126067,  13854,  82332, 140344,  37351,
        70578, 117568,   1480, 142801,  26045, 120498, 130082, 110784,
       108066, 112382,  50053, 103372,  55256,  79056, 114956,  24127,
       121646,  95499,  23772,  54990, 136461,  40390,  14082, 124086,
        58943,  55467, 141619,  73926,  79942,  30359,  46492,  15390,
       125184,  16728, 145570,  39597,   7566, 126224,  97802, 116296,
        85908,  87488, 129863,  18464,  60543, 145050, 142402,  65821,
       128905,  23153,  51984,  14551,  78307, 117246,  68314, 143121,
        86834, 114463,  99220,  57358,  53629, 112950,  34124, 109049,
        80372,  15436,  94615, 132034,  94078, 149773,  47381,  64640,
        37870, 110332, 120248,  35167, 110761,  96087,   1344, 118348,
       141956,  55086, 142521,  93757,  18577,  63129, 100389,  39909,
        21042,  98706,  85854, 113057,  42029,  21753,   6876, 102886,
       117316, 116532,  70725, 122458, 151450, 141481, 132883,  97843,
        64754, 109766,  85648,  23733, 136744, 144163,  20912, 139119,
       127847,  12517,  17937,  14211,  49311,  52350, 104617,  83489,
        45823,  73525,  46760,  92009,  94680, 143755,  13038,  72153,
        97237, 142197,  11679,  81381, 110357,  50769,  54822, 141885,
        83124,  11846, 147578,  51604,  24927]), array([ 79088,  40912,   8077,  75632,  66404,  14662,  41398,  13611,
        74284,  89669, 152957,  45216, 128332,  33940, 102791,   4965,
       130097,  87198,  67047,  28976,  55881,  82031,   2400,  83375,
        57972, 135577,  40605,  98178,    424,  28610,  70276,   4017,
        43484, 100847, 131497,  49672,   4750,  78864,  58787,  84331,
        41178,  41538,   9784, 104872,  73132,  13256,  13625,   1535,
       114232,   1281, 109821, 121243,  44826,  27446,  87267,  14695,
         2676, 109775, 113161, 106295, 100935, 141519, 123808,   4745,
       149793,  34492,  34427,  85433, 134082, 110100, 124875, 139676,
       140135, 102843,  88277, 121058,  33591,   3253, 106993, 110161,
       101979, 113703,  72581,  82129,  55103,  78367,  19834, 103698,
        59836,   4091, 119561,  49806,  21980,  41264,  37939,  63091,
        18698,  59047, 144495,  37671,  15532, 116845,  58041, 141957,
        35547,  21123,  11347,  88492,  50856, 135102,  71041, 144629,
       144891,  53599,  23790,  87354, 128663,  83564,  69001, 105323,
       108328, 150388,  29139,  88015, 129489,  98166, 142291,   7308,
        91270, 124024, 136997, 106475, 120747,  11331,  59860,  33507,
        14030,  37621,  43635,  45918, 106967,  91055, 128028, 110343,
        35877, 126053,  56627,  81889,  64010, 135576,  78983,  33668,
       108934,  55036,  52860,  92039, 108509, 111593, 144344, 108669,
       105013, 119583, 120297,  96781,  20978,  98233, 114962, 140390,
        28552,   3663,  49001, 143924, 106661,  47383, 110258, 149583,
         6386,  81988, 104742,  14246,  53426,  19113,  53941,  11684,
        57827,  96601,  14549,  40609, 106078,  22851, 137276,  28984,
        71274,  66391,  48148, 129702,  75376,  89561,  36835, 139441,
       113820,  28326,  46756,  77885, 117724,   1357, 121725,  38944,
         9480, 139937, 141640,  38052, 134984,  30308,  16600,  97521,
        32471,  26604, 130714, 135100, 120065,  20182,  69172,  26864,
       120093,  45928,  78525,  11616,  75433, 147124,  56489,  81983,
       116057, 122850, 126048, 112165,  54797, 136258,  62543,  60821,
        57762,  92047, 136511, 120545,  60411, 134663,  21135,  29445,
       132701, 116502, 119188,  44360,  82292]), array([ 13161,  98306, 151133,  33517, 117670,  26799,  69295,  94495,
        49339,  15846,  67109, 139827, 108605,  99013,   7144, 109431,
        63907,  75446, 145531,  80684, 118567, 109612,  31218, 126986,
        80013,  26305,  53143,  59402,  53286,  67531,  77149,  97594,
       112975, 114605,  22188,  33727,  73223, 111303,  88023, 100671,
        56760,  68085,  26123,  86046,   3862,  61246,  32810, 142544,
        59921,  35542, 145963,  13663,  15459,  96934,  21957, 137507,
        27795,  55231,  70820,  61858, 145732, 114678, 104517,  11569,
        17366,  15909, 141575,  45983,   2021,  43718,   3352,  99682,
        11873,  64947, 103886,  48235,  43572,  46678, 134052,  30251,
       141087, 132435,   9879,   5598,  92773,  36987, 106704,   2285,
        85968,  13291,  35648,  64570,  67259,  59705, 112963, 134912,
        59595,  99856,  51694,   4563,   3287,   6490,  38456, 110588,
       138794,  24837,  79593,  59865, 144740, 125631,  63905,  29439,
       148400,  32003,  96665,  50074,  68305,  28568,  22950,  61827,
       105046,  51489,  39715,  94649,  59459,  19041,  57359,  72316,
        32638,   7976,  71143,  32470,  26666,  35771,  86108,   5424,
       135859,  88198,   2026,  10463,  88312,  65085,  75558,  55765,
        27567,  79860, 102073,  88102,  89176,  82219, 122994, 144730,
       117297, 133328,  96275,  68767,  95352,  63072, 125823, 117941,
        19240, 142456, 130175,  84318,  47296, 114155,  61129,   6716,
       116910,  95582, 111298, 149592, 136323,   8062, 128721, 104293,
       127460,  75049,  51922,   1323,  35070,  98811, 118773, 148417,
        95319,  68537,   9274, 127673,  97648, 142582, 118656,  91126,
        68593, 112383,  17075,  56122,  51724,  23142, 119926, 113240,
       122464, 151822,  78395,  87115,  35662,  54725, 134782,  78161,
       120081,  40147,  29564,  25533,  29028,  23420,  28542,  98549,
        84958, 146739,  48167,  42905, 149027, 110472, 110231,  18503,
       125744,   3467,  18850,     80, 119584,  18267, 127406, 101730,
       147700,  27559, 108542,  69225,  72785,  29196,  71773, 140658,
        75453,  15022, 113537,  77389, 112162,  87796,  45947, 100712,
        49652, 140638,  35182,  91636,  46900,  23748,  68670,  26314,
       146103,  28410,  22674,  44321,  79262, 150809, 129705,  73583,
       138110,   9152,  22062,  31551,  47613,  30102,   7773,  42022,
        26428, 124753,  92644, 134027,  24448,  78282, 133652,  76272,
         5123,  69280, 115708, 116781,  95558,   5305, 106335, 126651,
        73511]), array([  9166,  53191, 143952,  85565,  40004,  29745, 128941,  11445,
        64592,  23106,  52624, 143761,  35803,  28469,  58326, 136014,
        89845,  29250,  79918,  48217, 125906,  74340,  77270,   2287,
       146914,  11356,   2505,    218, 117614, 153164, 141453,  51645,
       142736, 107200,  61810,  93281, 109570,  39210, 149904,  34131,
         7045, 102048,   6049,  57503, 117824, 100604,  85801, 124115,
        29228, 146124, 129825, 151425,  78805,  13095,  49598, 110947,
       120447,  98107, 100779,  17273, 124261, 142575, 103988, 149633,
        70726,  54717,  18940, 153397,  70696, 115324,  64875,  87518,
       130709,  82939, 147537, 122783,  60204,  49822,  40327, 102888,
        31274,  17944,  93201, 153167, 107610,  93004,  15934,  19045,
        41746,  82510,  62110,  30764,   5990, 117715, 149986,  42940,
          216,  99192,  24197, 119197,  66471,  12611,  80445, 116694,
        87991,  47165,  60793,  48725,  14354,  65815,  46376,  39451,
       114438,  74682,  34027,  64908, 123437,  48562,  35227, 123818,
        55487, 105880, 118838,  75690,  40697, 146609, 113441, 107217,
        52043, 113359,   4916, 112851,   2945, 127655,  80992, 106425,
        50655,  32361, 150176, 124629,   3654, 109744,  86810, 139965,
        80058, 124224, 114470, 152408,  64372,  15632, 149198,   1762,
        85624, 126956,  89754, 110951, 145112, 137584,  78547, 130330,
        74369,  50975,  85970,  77565,   3208, 139023,  45712, 150812,
        98948,  64752, 144357,  11196, 111930,  73145,  89371, 135901,
       127259,  53644,  92088,   1409, 140364,   5766, 121720, 106790,
       153449,  72245,  39157, 131664, 141406, 153035, 114487, 149280,
        31744, 141708,  87590, 131730,  69137,  68760,  68868,  34531,
        30604,   1773,  33754,  76225, 147060,  54487, 114948,  54736,
       149214,  10879, 113788,  99518, 134638,  23444,   9633,  84860,
       113402,  60726,  84026,  42527,  48375, 149805, 102844,  32111,
        50104, 101929, 136899,  22187,  41723,  96171, 106744, 102851,
       128931, 139102,  90470,  56724,   5020,  52234, 103064,  26784,
        74697,  27903,  10681,  85544,  41176,  98942,  35191,  36969,
        18954,  18191, 127919,  60416, 120113,  50570, 135625, 145559,
       138510,  64646, 149238, 113794,  92120,  67829, 124165, 104449,
       126312, 151237, 132591,  18590,  80467,  91893,  18861,  85373,
       110618,  70509,  30773,  45167,  12957,   7733, 113291,  47556,
       142218,  44574,  39671, 149392,  48399, 131736, 121051, 133413,
       145237, 100206,  28789, 117018, 123857,  24141, 142263,  67886,
        41642,  10792,  36268,  90826,   7997,   1487, 137643,  33014,
       139589, 113432]), array([ 68271,  10228, 129305,  48719, 153847, 149916,  54076,  89292,
       113222,  67645,   8448,  82056,  44873,  43159, 151598, 127306,
        18963,  11901, 129038, 133222, 129697, 129225, 110669,  40543,
       145337,  80133, 150211,  27607,  57369,  33480,  92612, 121002,
       128578,  24981,  62573, 105052, 146161, 145892,  86238,  22954,
        18426, 121495, 134847,  37415,   5636, 120330, 126588, 125967,
       143495, 152401,  23725,  48259,  30737,  46752,  59918, 147516,
        58549,  58667,  73330,  52132,  85727, 122109,  71211, 133905,
       133734, 153134, 105725, 101093, 145115,  38991, 117953,  59428,
       146717,  87063, 112833, 108148,  27353,   6700,  40743,  33471,
       111537, 109340,  66240, 148476,  67752,  94456,  93658, 110470,
       136155,  77604, 119365, 136033, 142410,  24211, 121718,   8592,
        60755,  58570,  10506,  19809,  80400,  43638, 140944,  57914,
        45354, 145777, 145371,  46237, 118597, 138268, 110807,  55444,
         5925, 114034,    341,  22987, 151610, 127762,  23297,    382,
       132429,  20964,  77799,    163,  17730, 111754, 118993,  18353,
         3425,  21356, 104689, 108478,  51425,  77793, 127747,   2998,
       129572, 141191,  39478,  92264, 141606,  68202,  59655,  57407,
        77930,  37166, 120852,   6613,  40718,  60403, 145360,  90505,
       137194,  94317,  84730,  10000, 123933, 127938,  21242, 152766,
        13152,  31393,  49745,   5016, 103845,  32015,  41403,  78942,
        92877,   9408, 150983,  67007,  32189, 139160, 127977, 142497,
        13013,  87028, 124892,  30949,  28665,  51706,  34379, 103505,
         9239,  66580,  83875,  10240,  62385,  39780, 145744,  53576,
       108941,  12218,   9621,  92124,  32227,  10860,  58176,   3930,
        76587,  87864,  35563,  57156,  54771,  84064, 120001, 128179,
        13004,  61320,  48848,  10892, 127044,  16517,   8080,  83916,
         7067,  41941, 153261,  23237, 132216,   8087,  44629,  81441,
       124050, 148347, 133899,  39375,  16078,  18885,  24623, 119447,
        36044,  34928, 119070, 152276,  38030,  84979,  62135,  84540,
        84738,  27982,  23987,  72621,  17089,  44545,  20445,  24035,
       109112,  36796,   5211,  32817, 135526,   3689,  21359, 142751,
       108958, 133736, 142278, 106458,  28300,  86675, 138553, 137338,
       134132, 110015,  52352, 100722, 108914,  88415,  59834,  20141,
       103661,  94408, 111035, 141745,  48942,  40573,  99022,  26179,
       147085,  89449,  52457,  58832,  93749,  12180,  55914,  42679,
        31929,  60265,  87456,  33750, 120405,  95786, 129733,  50923,
        31963, 146189, 135599,  11432,   7648,  93316,  22491,   2852,
        72142, 125429,  13708, 119300, 131189, 137904,  64823,  18118,
        63385, 139934,  31684, 111040, 100468, 107710,  68477, 148471,
       134089, 113474, 148923, 134374,  28249,  71967,  50778,  39168,
        71731, 124758,  26090, 138234,  72797, 153273,  49640,  94613,
         3097,  51009, 110613,  97240,  68797,  10111, 151719,  23069,
        47786, 141494,  93260,  93842,   2092, 148751,  71956, 120861,
        37804,   3805,  57475, 105467,  92668,  35337,  58430,  84804,
        41926, 132020,  21725,  34190, 125734,  87926,  31742,  66697,
       115883,  22976,  96336,  11584, 149023, 127870,   7995,  68045,
       132175, 100956,  49115,  69150, 134503,  82314, 150061,  33237,
        70435, 104551,  79519, 114659, 134614,  12856,  24280,  74508,
        44953, 145231, 134580,  96840,  20138,  68245,  52604, 106469,
        10825,  80121, 126040,  92559,  68615,  84664]), array([  3151,  84680,  19877, 153217,  58250,  99508,  91453, 129795,
        28837,  64129,  94563,  62344,  64261,  96190,  65245,  93766,
        43145,   5370,  75574,  76096,  34671, 136215,  70592,  43834,
       139748,   8649,  62430,  78680,  56803, 153121,  81495,  24377,
        43553,  73739,  67884, 132609,   6326, 103340,  91913,  38768,
        33263,  16940, 109367,  78822,  37463, 145771,  43852, 117038,
        36769, 153058,  91970,  84745,  52331, 140460, 132873,  87103,
        34170, 120556,  36783,  99569, 104333,  26415, 121522,  59466,
        67811,   3383,  44382,  77510, 118764,  68170, 139277,  93733,
       124071,  78906,  45745,  37165,  50863, 138713, 102283,  74108,
        26194,  69127,  44594,  43896, 105712,   1076, 104904,   2844,
       114592, 107434, 147792,  75423,  33162,  14690,  49014,  73717,
       128200,  25651,  90326, 148946, 119375,  54402, 125031,  36431,
       107355,    869, 101666,  23815, 147795, 127798,  17513,  66377,
       146372,  30869,  84824,  13951, 127974,  91017,  21897,  21643,
        42012,   8364,  87939,  89858, 132467, 139062, 112396,  20324,
        46384, 131037,  14529,  26545,  29847,  75673,  78938,   3089,
         6105, 139667, 144266,  35310, 116194,  49975,  89459,  59926,
        95810,  92672,  82277,  57344,  40074,  48675, 146728, 145776,
        80783,  18513, 143810,  54245,   9144,  31985,  23129, 130176,
        62576,  69825,   9614,  47836,  78779, 142994,  12065,  75517,
       110353, 130401, 135825,  23471, 110461,   7107, 127821, 109510,
       122823, 146558,   6179,  16170, 105477,  40798,  25505,  68262,
       109105,  72842, 136372,  52211, 146512, 135927,  45355,  40514,
        44519, 138363, 145131, 144631,  94414,  54350, 108172, 104105,
         2857, 119543, 108298,  83147,  60924,  33438,  39556, 127339,
        55401,   9025,  85835, 121744, 149281,  39439,  56461, 150789,
        11164,  80766,  83614,  17668,  33823,  16697,  81799,  65040,
       147858, 100135,  49620, 136198, 101406,  47253,  87026,  49443,
       107814,  66643, 126997,  19147,  12868,  72814,  70671, 149644,
       112089,  58091, 142466, 146371, 120833,  93350,  49399, 116459,
       123636,  34460, 108313,  74188, 102394,  32058, 136035,   8265,
       136769, 142755, 119519, 123269,  86201, 120932,   8232, 135985,
        96455,  88350,  22005,  84776,  33654,  80080,  42240, 138884,
       112120, 140021, 144225,  76604, 103489,  66845,  21383,   1952,
       130322,  23864, 120398, 101188,  87247,  59415,  41148, 147790,
        66822, 149318, 120753,  77907,  15253, 106168,  84854, 147656,
       128798, 152864,  63633, 150829, 142549,  14310, 147547, 135784,
        42497,  90966,  18838,  29841,   6100,  55543, 142926,  54454,
        44343,  92216, 135346,  25249,  48199, 108366,  27806,  21765,
        22842, 138306,  16514,  73152,  58967,  17659, 113160,  87083,
        22202,  21996,  70524,  29545,   1950,  53582,  83434,   4682,
        82226,  17755,  20957,  68311,  76343, 151054, 143253, 129791,
        85469,  55648,  96638,  17551,  44081,  99251, 103167,  74262,
        87749, 131423,  34397, 145927,  28849, 127448,  65978,  47816,
       116177,  99019,  57132,  36454,  64855,  75356, 118256,  56132,
        31467, 135494,  50399,  76396, 135000, 127308, 112149,  31869,
       137772,  73468, 110298, 151155,  76883, 147160,  77556,  56076,
        54470,  20419,  69282, 119313,  35374,  71154,   2016,  77529,
         1236, 152120,  72030,     22, 141974, 140714,  15612,  86310,
       142129,  43014, 128122,  83551,  23312, 121664,  68718,  21713,
       105586, 142853, 152625, 149084,  10184,  18386,   1703,  68721,
       138214, 135075,  69332,  83269, 112542, 148687,  54032,   8712,
       111906,  20738,  48479,  10429,  88450, 108391,  98316,  30916,
       119529,  85718, 118324,  12115,  67997, 141748,  96895, 106985,
       130961,  67336, 152569, 106922,  91954, 121032,  21866,  60731,
       141500, 111961,  28455, 135991, 112098,  74917,  18825,  86914,
        30812, 141725,  71254,  69118,  90393,  28884, 125230,  47445,
       153265, 132744,  32052, 111878, 127194, 146303,  86325, 110733,
        98982, 153879,  85650,   5614,  72726, 108138,  81233,  10168,
        34167, 130220, 142241,  99946, 125356, 119620,  39126,  93358,
        51603,  74084,  69308, 132369,  39143,  93280, 135930,  86695,
       109187, 112948,   7641,  96757,  37037, 145325,  90923,  41706,
        92146,  59064, 127091,  36470,  73664,  47222,  52659,  23128,
       137886, 115221,  13045, 132290,  47512, 150094,  90348,  26262,
        10263,  69464, 140993,  24361,  65324,  54362,  76920, 145411,
        73546,  15691, 133491]), array([110587, 128890,  19979,  24399, 129582, 128497,  92617,  24767,
        12009,  37114,  31396, 102713,  55773, 103315,  30803, 115284,
        15616,   6682,  82505, 106772,  99358, 142954,  71816, 111779,
           67,  51895, 141501,  52995, 123175,  47067,  38370,  39997,
        96868,  23983,  81765,  53552, 129161,  85207, 137097,  70479,
        42518, 141546, 116058, 149774,  58989, 122422,  25181,  58033,
       136912,  47378, 117275,  11467, 115929, 108154,  86048, 140978,
       100588, 116131, 142924, 136419,  84058, 132635,  89668,  66690,
        75748,  12388, 134371, 121250,  97272,  99697,   6781,  92502,
        72164,   9630, 134018,  58613,   2881,  58585, 100783,  51286,
        57062,  37926,  26571, 123227,  80104,  93859,  70155, 111994,
        62926,  53798, 145013,   7670,  37507,   8471, 144923,  52265,
        48311,  14892,  39457, 145439,  46609,   2523,  41335, 151953,
        68960,   8149,  35848,  18079, 115593,  22827, 112820, 102024,
        86908, 127286,  39794, 116319,  53001,  81316, 129242,  27064,
         8794,  84617, 104376, 143084, 128846, 133007,  58824,  77610,
        70461, 115947,  23024,  63043, 118119, 134143,  67864,  87407,
        47941, 116196, 132091, 125548, 118291, 106001,  59565,  38211,
        86475,  99983, 131521,  15566,  79041,  45717,  82119,  13946,
        41683, 114415,  75830,  64545, 134138,   5642,  65682,    932,
       122968,  22669, 146353, 149304,  52342,   2763, 151777,  91419,
       133165, 110691, 100568,  13091, 143992, 146541,  27735,  74901,
       144893,  84526, 103329, 100235, 117310,   4229,  98515,  88985,
        60292, 112055, 120060,  26855, 130489, 138901,  45663,  81658,
       130486,  21671, 104941,   3596,  43931,  11030,  51330,  36875,
        15267,    156,  36176, 111408,  39717, 128035,  57481,  73081,
        25690, 121219,  29569,  28525, 104025,  78365,    467, 115610,
        54391,  36789, 108792,  12133, 153543,  21690,  40756, 110378,
       128480, 123315,  83668,  35424, 133810,  46195,  82592,  37420,
        20065,   3402,  59056, 131779,   2057, 143232,  10672,  91485,
        76211, 139696, 131753,  19281,  97935,  66662,  93479, 107084,
       118674,  85286,  49261,  27474,  93450, 111345, 103122,  65218,
        29898, 130248,  40794, 109479, 114010,  96513, 146862, 108206,
         6588, 131187,  99800, 131616,  74619,    768, 138459,  80241,
        84819,   8624, 130717,  39244,  97280,   3108,   2975,  24178,
        36337,   9882,  21111, 141452, 148764,  65386, 102401, 115927,
        70746,  16425, 145740,  33646,  87164, 105348,  21694,  21284,
       129565,  26500, 151806,  67261, 115027, 130346, 136910,  55793,
        33252,   5126,  76855,  68199,  57049,   2401,  37073, 106563,
        20337,  64681, 137231,  42198,  57688,   1441,  97003,  34575,
        75268, 123817, 115319,  93015, 100399, 140738,  20179,  77804,
       150782,  85130, 102267,  80285,  65283, 132084,  68894, 143387,
       111838,  38202,  46998, 136678,  44509,  99185,   4535,  13283,
        96481,  10089,  39616, 129168, 121074,  16821,   8800, 134874,
       120595, 114892,   6567,  15538,  35795, 116909,  98618, 147669,
        45458,  10585,  91610, 123806,  50657, 129288,  93927, 104707,
        30036,  98742, 149279, 132287,  47422,   6901,  72778,   9310,
       102818, 107265, 152126,   8090, 138741,  92466, 123095,  50552,
       103646,  77798, 133903,  67042,  55430,  69035, 141890,   3572,
         3952,  50165,  24986,  20854,  36656,  46285,  62025,  22798,
       129524,  43519, 106921,  52961,  44120, 139864, 146318,  97709,
        57425,  35452,  40051, 118307,  15593,  69660,  61438,  30260,
         6226, 105391,   9087, 125862,  58855,  60335,  51307,  23536,
       111710, 132814,  71979,  13338, 104820, 127920,  92017,  39472,
        68389, 110585, 150692,    486,  49479,  84866,  36217, 139222,
        66818, 118226, 131077,   4398,  66396,  91703,  21964,  24947,
       111201,  32890,  36683, 106414,  39335,  81549,  36362,  48542,
        26866,   8519,   1691, 102506, 118988,  35479,  97862,  76545,
        34639,  84547,  58685,  15428, 100786,  89836,  99929,  31168,
       101736,    722,  52303,  97846, 113084,  32151,  69088,  41595,
       131891, 130946,  91584, 129135,  58417, 120611,  79152,  76234,
       114603, 108702,  79503, 100217,  96908,  68599, 130234, 129961,
         8196, 115700,  96538,  38982, 146574,  99467, 133526, 105107,
       132199,  86390,  81875,  79687,  19348, 125737,  58140, 107458,
       142099,  26071,  21755,   5656, 124927,  55254,   7163,  55549,
        55628, 126825,  45118,  67263,  50318,  54271, 103710,  57082,
        55183,  10419,     46,  37370,  13825, 100931, 131098, 112682,
        72470,  48228,  15455,  35269,   7324,   1676, 112329,   4783,
       106587, 144637, 143116]), array([  7832,  76755, 148239,   7009, 108887,  29536,  35964, 151762,
        99666,   4827, 124056,  25999, 130256,  97560,  54150, 129783,
       118186, 148203,  99214,  85974, 124283,   2394, 138745, 116877,
       123773,  54355,  82790,  58883,  43721,  52361,  40653,  64223,
       125461,  38530,  22278,  96983, 150355, 120294,  13245,  14080,
        48470,  35534,  47357,  39380, 147822, 110202,  31183, 101103,
        77230,  80432,  22949,  65358, 133014, 107401,  43035,  45675,
        82701,  14539, 150040, 114778,  76904,  81149, 127108,  76566,
        50888,  86098,  75739, 151621, 136923,  66642, 102997, 148157,
       145140,  60848,  43660,  91044, 137913, 116810, 147948, 152949,
        50246,  98184, 128612,  91313,  60013, 104630, 129386,  74136,
       145655,  21105,  44441,   5733,  44268, 127959, 127063, 141080,
       106363, 153150, 149480,   4937,  46039, 115909,  77102,  81295,
        90862,  48312,  38912, 146710, 102372,  70599, 110009, 103962,
       106653,  13675,  18526,  30750,  42404,    621, 118254,  22444,
       132382, 113034,   6459,  70787,  19675,  65327, 136973,   4190,
         9855,  97346, 141561,  47667, 109345,   1224,  12569, 143475,
       148587,  73048, 152680, 111471, 150633, 115338, 149417,  26199,
        49748, 114871,  48683,  32004,  71302,  15647, 145534,  16583,
       153634, 102052,  82181,   6152,  87501, 119955,  74837, 137282,
       142067,  17856, 131287, 144205, 138617,  45028, 118682,  30935,
        47345, 134807,  31065, 153911, 107480,  85158,  16223,  92473,
        64955,  26038, 123060, 124210, 126538,  21314, 107395, 138220,
        67486,  23058, 109895,  76005,  60425, 125583, 106603,  63525,
       153055, 119307, 103072, 139105,  40628,  30341,  46731,   5726,
       147597, 114162,  14581,  53340,  72719, 146932,  78941,   8463,
       115268,  77812, 112490, 145164, 116160, 109079, 142137,  89063,
        21364,  11456, 110140,  92337, 134473,  55082, 108554,  95901,
       148903,  88630,  92884,   1442, 110414, 153844, 114339, 111318,
        62259, 142276,  86094, 131164,  90085,  89773, 112148,  49259,
       125353,  26408, 108545,  94134,  39648,  18969, 106888,  40142,
        67469,  96740, 140922, 118584, 120795,  11652, 123844,  69128,
       143279,  46663,  38659, 125648,  53234,  80786, 136226,  67312,
       113906,  24846,  15207,  97178, 109204,  36401,  61972, 109071,
       127533, 147398, 127907, 109509,  99171, 131044,  32868, 104091,
         8628,  72093,  57979,  46076,  93009,  76592,  78347,  79107,
       111438,  29801,   2585, 136339,  44529, 152687, 129487, 136398,
        97901, 130954,  77275,   1721, 110032,  33158,  29424, 149810,
        73298,  41783,   9664,  35110, 124461, 121303,  25020,  34585,
        52485,  36028,  97847,  63441,  94783, 143788,  45800,  95505,
        23410, 104972,  39256,  15423,  41332,  64227,  72614,  10377,
        51993,   9163,  59789,  21087,  90020,  41046,  97120,  54884,
        60708,  65092,  20126,  87065, 103735, 147192,  73291,   4276,
       137870,   9057,  42612, 114017,  36829, 139694,    881, 135742,
        12897, 116396, 112982,  81361,   7790,  17622, 142390,  66467,
       146435, 130208, 114294, 106509, 131677,  61986,  88706, 102560,
        65331,  67682, 109070,  68602,  87282,  30669, 139596,  42387,
       147966, 118358,  72945,  36077,  20871,  22003, 102364,  99255,
       148372,  90955,  99847,  43738,   4042,  22568, 122835, 131364,
       145154, 134376,  84496,  34084,  84940, 127811, 137748,  60137,
        69307,  30622,  85055,  92699,  79235,  87220, 102471,  57938,
       110321,  75092,  34075, 140246, 152206, 138763, 117703,  97867,
        57927,  85583,    433,  43971,  73496, 116054, 108479,  95748,
        61675, 128472,  38512, 105617,    825,  95693,  29317,  45199,
       141625,  37770,  35033,  81096,  18401, 105648, 136501, 148486,
         3954,  77530, 111280, 127988,  45145, 150891, 112659, 124578,
        57286,   3790,  39677, 116472, 138154,  84659, 125155,  33039,
        45229,  74627,  23045,   2138, 140047,  91478, 106029,  11458,
       119367,   7760, 149886,  37182,  12496, 110242,  96587, 127703,
        83530,   3759,  48116, 135832, 106096,  22914, 124426,  64546,
        26838,     47,  14574,  84499, 100072, 126861,  61314,  22486,
        85834, 113687,  55545,  44078,  41113,  50494, 136200,  80773,
        81121, 127862, 122494, 111378,  93586,   1846,   6568,  92949,
         4206,  81735,  26664,  42508, 153216,  95651, 117853, 105805,
        67207, 118936, 139487,  11567, 125595,  19231,  57484, 110920,
        67086,   1611,  60855, 145259,  41664,  66915,  45526, 141096,
        15637,  42672, 101088,  15962, 141894, 129436,  32363,  63036,
       131851,  54796,  77562,  17244,  70536,  57769,   5842, 112086,
       105979, 140291, 117453, 134233, 127487,  94382,  31788, 100153,
          555,  88640,  34998,  98708,  73530, 112660, 138998,  46745,
       102187, 135624,  62005, 125638, 125111,  75076,  38732,  64169,
       112961,  45235,  38314, 132462,  83470, 133455,  81631, 113847]), array([100794,  68909, 101823,  84048, 100479,  58066, 134776,  13789,
       124300, 137846, 137730,  90249,  47837, 110253,  64650,  25299,
        79385,  66268, 138502,  85530,  60207,  14570, 101506, 151813,
       107377, 115061, 130733,  31809,  66306,  64950, 150920,   8304,
       153649,  18542, 129067,  19422, 123259,  33303, 149548, 111826,
        24089, 133788,  64878, 151716,  84624, 123435,  35401,  68494,
       108520,  29565, 100197,   8924, 112014,  77312, 101030,  23378,
        66802,   7031, 137977,   2650,  81419, 151197,  99820, 129578,
       106657, 120587, 114305, 112925, 137614, 133318,  34180, 149837,
         2673, 112043,  91290, 100180, 111335,  16008, 138503, 120454,
       100071,  67186,  44349, 112622,   8434,  25355, 146595,   6678,
       134932,   8668,  20551, 138955, 131421,  34552, 106370, 113561,
        38184,   1135, 116668, 130356, 136180,  48838,  58207, 126911,
        80388,  48029, 136503,  34978,  11848, 115529,  58656,  63327,
        81623,  47555,  95454,  42999,  37031,  32751,  18867,  98213,
       128637, 120275,    685, 145441, 126941, 130568,  32640,  39470,
       117998,  62492,  54838,  58913,  11728, 146163, 122505, 113934,
        69650,  39767,  94302,  95223, 107151,  39856,  37045,   9449,
        65230, 110431,  42429,  31837, 132159,  93126, 113020,   4822,
        82416,  83350, 151146,  79752,  41908,  89038,  25626,  55832,
       132305, 149314,  86064, 101741,  48367,  82198,   9314,  42875,
       139647,  78258,  53854,  11454, 123900,  33763, 138765, 142173,
       131836,  90870,  78256,  94376,  85069,  99083,  31862, 125684,
       123295,  57509,  52017, 121608,  53708,    844,  52729, 132559,
       100116,   5978,  38451, 148174,  68590,  33484,   2534,  16247,
        80801,  77463,  91332, 128582, 119556,  93998,  99190, 109500,
       111016,  14561, 108769, 150463,  60418,  45360,  44158, 108335,
       140122,   1743,  72899,  76380, 126698, 153081, 143132,   1682,
        19825, 144192, 120078, 135567,  58270, 149047,   1151,  78060,
        75507,  97619,  39372,   9084, 107289,  74677,  22804,  77426,
         7602,  20398,  51589,  42648,  26667,  32744,  55551, 137736,
        24406,  12145,  45248,  32355,  44919, 152886,  77659,  25946,
        23393,  74413, 132572, 149413,  49111,  47752, 120072,  30661,
        68342,  27471,  59250,  88247,  17911, 133072,  64528,  39009,
        67284,    627,  42051,  73988,  65371,  24783, 138834,  64271,
         9391,  60747, 114301,  62943, 113235, 103511,  91520,  25506,
       147908, 143317, 145205, 101166,  88404,  73707,  37554,  72926,
        54102,  27324, 124439,   2451,  92361,  78861,  23071,  58201,
         6786, 151137,   5060,  47170, 133026,  43534, 100238, 110236,
        71687,  32771,  80818, 146127,  41637,  63145, 115401, 120426,
        40008,  28211, 101218, 133382, 142325, 125691,  74287,  43867,
        35230,  78404,  39200, 145048,  33436, 106532,  69425, 134218,
       145505, 131204, 112588,  33004, 126315,  48010,  73480,  45093,
       104917,   3670,  55668,  43935, 124967,  53585,  21861, 145024,
       132725,  29600,  84034,  64797, 140456,  37973, 127193, 114097,
       137877,  43610, 123388,  21250, 113018, 113009,  28433,  30517,
        61195,  89720,    890,  63623,  42125,   3172,  61726,  73254,
       101940,  12782,   5635,  21902,  87702,  63517,  67545,  80548,
       121575,  23494, 125027,  19446,  72122,  91342, 106400,  50876,
       124186, 136221,   6434, 138323,  58174,  39916, 115783,  28659,
        64460, 126795, 100157, 102535,  15064,   5695, 103137,  85664,
        35119,  83082,  34174,  84569,  27819, 135482,   1370,  89343,
        19220,  64330,  68147,   2441, 140171, 125769, 113234,  70625,
        19608,  82016, 144860, 151498,   1079,  40851,  37293, 135546,
        62294,  30128,   7725,  18561,  67022, 152460, 118527, 137716,
        34279, 136772,  67695,  46483, 152731, 131621, 101513,  20118,
        85863,  78704, 145456,  76846,   5867, 133972,  26073,  67048,
       135764,   5144,  32262,  18268,  36179,  27493, 113439, 142374,
        77836, 152671,  14151, 144787, 122717, 135679,  49026, 104704,
        25738,  26238, 111038, 108621,   2761, 107987,  18436, 105718,
        75547,  16808,  47753, 124945,  11441,  58633, 152843,  56951,
          309,  14883,   8134, 125229,  32057, 120432, 114249, 138938,
       144445,  52057,  84210,  68910,  71164,   7631, 135159, 128045,
         7877, 115729,   4331,    540, 129965,  14115,  92819,  93144,
       125718,  45742,  46167, 133201, 117582, 113103,  61552,  13039,
       103844,  29118,  31268,  11735,  50771,   9579, 109232,  83746,
       148680,  44724, 126946,  81171,  52780,  24453,  77684,  94818,
       151473,  10596,  74267,   6414,  10049, 105357,  42292,  80965,
        54049, 136934,  78585,  91118,  87124, 152631, 142140,  83036,
         6907,  14093,  68237, 136852, 153804, 107343, 136356, 116572,
       132165,   6474, 124291, 148269,  42106,  59429,  80663, 127913,
        47795,  99299, 129745,  14070,  12056, 152264, 151670,  82803,
        20889,  75947,  93906, 101286,  87430,  23894, 141392,  98902,
       139731, 109380,  78667, 133214,  23324, 150842,  12238,  16372,
       122824, 153642,  25000,  47524, 102297,  44921, 120725,  20971,
       138601,  82621, 106514,  22697,  13043, 148011,    920,  80689,
        62167, 153621, 104442]), array([138053,  37646, 125228,    589, 148206,  15184,  31470,  13188,
       113302,  61402, 125866,  88818, 152512,   7545,  30520, 104185,
       107116,  39899, 117973,  62479,  93704,  62318,  34675,  40734,
       132790,  92277,  24278,  17134, 139998, 153429,  35252, 153068,
        23099, 144184,  69591, 142689, 138980,  12828, 112764, 148716,
        31315,  59899,   9390, 133689,  54705,  54506,  41786,  30738,
        91545, 107037, 137869,  90603,  61874,   3626, 147805, 137482,
          271,  97169, 111831,  31038,  42057, 148367, 136044,  83630,
        40997, 144311, 102528,  70198, 153534,  56008, 134013,  19606,
        16895, 110097,  30370,  12781,  33679,  54148,  61811,   6017,
        54962,  69085, 113967, 120627,  68643,  54258,  93221,  93496,
       107445, 151869, 109765, 134682,  20357, 153187,  74297,  36250,
       111833, 141220, 145119, 122778, 114566, 126975, 111968,  61086,
       124292,  40991,  65462, 119812,  92423,  61099, 125707, 139470,
       148427, 103693,  89769,  98757,  74783,  29133,  69691,  47236,
        45126, 153181, 118542, 123546, 138099, 115330,  72348,  11169,
       131387,  40758, 107878,   1859,  71049, 135112, 100406, 137001,
       123289, 133919,  61442, 130126,  16651, 153334, 101265, 134172,
        19046,  96274,  36011, 134151,  54025,  94523,  52770,  19668,
        70060, 125507,   9123,  99373,  42269,  15089, 126904,  92712,
        23891, 101576, 126653,  72625, 104373, 106265, 136591, 119544,
        85473,  55636,  18420,  98450,  56540,  82182,  97945, 120134,
        42025, 107664,  26876,  73724, 119533,  57989,  33616,  65172,
       116555, 151279,  80749,  59867, 148550,   3369,  73620,  95612,
        27838,  24070,  34455,  77830, 140591, 130259, 147283, 133063,
        29684,  22536,  65380, 120196,  38428, 134222,  39571,  14896,
       145331,  94831,  32869,  22900, 102930, 152696, 137521,  56275,
        67037,  37138,  19914, 147467, 113119,  48886, 139834,  70767,
        70301, 112589, 127519, 121735, 126101,  40438, 141865,  37041,
        56971, 123786, 139415, 127409,  73215, 118987,  13786,   9401,
        14304,  96788,  72548,  13307,  66210, 118911,   3673,  15230,
        85346,   6721,  53188,   3850,  49333, 138628, 145636,  43554,
        39734,  52400,  11346,   1713,  22390,  88112,  35340,  17726,
       153385,  56974, 133162,  15850,  68818, 104910,   6374,  90089,
        32397,  10176,  75965,  59496, 112890,  18622, 108382,  58112,
        63259,  28014,  19286, 111568, 104724,  51014, 108030, 113370,
        30131,   8114,  46834,  71542, 100211,     44, 102796,  26673,
        20859,  62021, 128379,  57371, 129757,  78320,  48819,  81865,
        24342,  64903,  64061, 150003, 100867,  13606,  14730,   9663,
       139010,  36677,  64616,  90287,  62669, 149325, 145593, 113217,
        29412, 128901,  58710, 151983,  84762, 125807,  84882, 135410,
        27103, 115893,  81406,  61232,  61764,  61293, 135278,  33875,
       136359, 128251,  61053, 135170,  89147,  44172, 121022,  84466,
        98500,  14241,   2730,  80409,  40400,  40593, 111354, 144669,
       125538,  72459,  74865, 138968, 150465,  88788,  58463, 152149,
        61526,  94413,  62874,  16018,  36289,   3587,   7470,    454,
       123307,  48732, 136601, 152915, 135512,  43480,  57078,  86615,
       129589,  28543,  50665,  73853,  64491,  24681,  92651, 143346,
        25301,  29685,  27476, 126548,  85559,  57423, 137941,   2578,
        98509,   2450, 135178,  44126,  80240, 101572, 123003,  43612,
       153760,  28156,   2099,   1752,  98440,  54080,  70134, 118368,
       133655, 101568, 141016, 113257,  22814,  17530,  82449,  18360,
        79161,  18930,  68415, 111644, 124044,  93140,  38111, 127765,
        42529,  68430,  15611,   7665, 126813,  67686, 113122,  84472,
        19820,  43193,  58331,  57388,  62248,  96010, 108507, 144685,
         4282,  56316, 104539,  26600,  94133,  88036, 135970,  16225,
       145709,  44935,    857, 119280, 129958, 137801,  72104,  57046,
       119270,  52014,  26229,   6497,  14119,  97903, 117811,  52053,
        85662,  85223, 118866, 101783, 140998, 138479,  62454,  63154,
        40769,  71765,  57998,   4787,  87777,  11689,  34047,  62766,
       149883, 118977, 148286,  13803,  90012,  38224, 106707, 139228,
        14375,  37066,  47235, 120491,  61700,  54955,  70157,  47923,
          604,   9929, 141439, 138519, 116676,  87559,  70615,  42774,
        96204,  70793,  60184,  58553,   3479,  41099, 122124,  45492,
        71651,  38728,  83554,  70413,  38531,  86444,   8019, 150114,
        75003,  90672, 131853,  59352,    249,  59010, 107924, 124051,
       133569, 150525,  86380,  20476,  22496, 132992,  20736,  44755,
       149400, 149434,  96749,  39389,  94252,  47776,   1885,  74009,
       140872, 103792,  46181,   6929,  82589,  19636,  46665, 146575,
        29273,  73584, 100893, 120319, 141547, 134885, 107667, 149646,
        12886,  16783,  42994,  98046,  25071, 142698,  97275,  34989,
        88303,  51708, 149934,  64784,  39866,   2979,   4625,  99844,
        25244,   2511, 109449,  98132,  29469, 121429, 135964, 113761,
        80735,  49416,  84703, 114268, 106457,  47974, 109207,  52409,
       139918, 119331,  57031, 113465,   8131, 140063, 150694, 124219,
         2967, 145686,  38938,  90142,  75130,  45278, 133359,  93148,
        53610,   4379,  35773,  31860,  77045, 144150,  63804, 132968,
        70904, 109935, 150888,  80427,  47965,  90838, 114094, 115691,
        25899,   2895,  12149,  87116,  62530, 110968,  86597, 125550,
        26615,  41125,  75518]), array([124341, 153026,   3674,  86640,  40233, 152182,  14767, 114138,
        92831,  30727,   3283,  13590, 110976, 118121,  86680,  90292,
        54646, 129947,  77607,   9380,  83387, 102522, 149470,  66660,
       137474,  79264,  24497,  62948,  28357, 135723,  43086,  33127,
       126395,  85570, 131987,  65084,  44507,  37026,  19978,  66462,
       100506, 124005,  62914,  38776, 123798,  50070,  34634,  94013,
       102011,   6086,  46653, 128675, 105493, 130659, 122436,  47900,
         6696, 126404,  30432,  95151,  19965,  12296,  13755,  35160,
        97046, 115251,  69840,  34512, 148655, 129452,  11294,  74465,
       141498,   7555, 137515, 116771, 151230, 132978,  52190, 132694,
        40298,  55120,  74858,  95721, 108331,  11195,  44425, 129906,
        88543, 149055,  72388, 123292, 123684,  58677,  10255,  16930,
        38748,  41918,  76729,  68273,  65802,  36045,  55020,  70073,
       141369,   7716,   9202,   6959,  83414,  89786,  44225,  61868,
        98392,  41947, 108483, 107174, 117023,  53413, 129153,  11570,
        80332, 110182, 109039,  38555, 146613, 104631,  45880,  11819,
       120784, 117035, 110417, 149077,  12567,  68446, 131488,  19304,
        77501,  90289,  30078,  99042,  75024,  45176,  72264, 127800,
       137723,   5350,  79298,  18842,  89378,  54811,  47605, 149038,
       141385,  16676,  50098,  26210,  38593,  16805,  88930, 150244,
       126503,  93535,  72075, 129551, 116210, 150089, 104871, 142998,
       124562,  83292,  86448, 133475,  52168,  78769, 131068,  28528,
        30885, 129710,   1460, 127000,  49256, 152333,   7486, 126335,
       110143,  65900,  17634, 112566, 119065,   9103,  65495,  32721,
          411,  70531,  58696,  12502,   6835,  96833,  74654,  55348,
       128712, 136980,  29543,   3585, 139159,  93869, 116644,  13351,
        67272, 140663, 141778,  34722,  63485,  26988,  24827,  44361,
        94478, 121712,  35574,  64686,  68521, 147997,  16384,  37369,
        57936, 122335,  95005,  74745, 109785,  47085, 111859,  19459,
       126739,   4550,  63157,  14875,  84491,  36530,  97265,  13408,
       118239,  34374, 106585, 100011, 111880, 145997, 148272,  43416,
        69433,  61149, 106375,  24637, 130154,  39600, 100937, 120564,
        13518,  24344,  90127, 144964,  98067,  38881,  29518,  28282,
       118959, 138005,  16052, 130005,  43495, 138438, 143653,  11344,
       153635, 116356, 134513,  40881,  44209,   4509,  20565,  58938,
        96398,  96093,  76273,  42381, 140234, 151902,  10743,  97524,
       151065,  57691,  31063,  52069,  94916,  23397,  59823, 148410,
        45568,  52505,  29716,  69281,  71411,  22818,  80197,  40923,
       103426, 130628, 123141,  70027,  76086,  55335,  88371, 105802,
       111284,  10362,  41730, 141008, 124933,  40541,  93569,  20907,
        60657, 111053,  63181, 151697,  17402,  37070, 130923,  40266,
       124429, 152392,  50533, 105618, 136523,  93914,  80441, 119950,
        46206,  74830, 122480, 140582, 112782,   4108, 143349,  86752,
        34498, 108680, 105709,  71710, 143670,  30480,  46423,  86905,
       101785, 130057,  53668, 135609, 145754, 108270, 150201, 109262,
       118877,  58195,  32670,  67489,  95519,  31505, 132021,  62396,
        19888,  10499, 146803,  36483,  69049,  77802,  90819,  46931,
         2871,  36720, 110267,  76142,  73730, 106441,  56258, 115116,
       136855,  32805,  90219,   6080,  54418, 102085,  63848, 136233,
        13080,  90751,  65559,  73229,  16212, 109943,  21978,  45123,
        61734, 109279,  23723,  29092,  15552,  54783,  79596,  60034,
       137223,  25853,  39042, 112212,  76231,  53186,  73255,  42914,
       103482,  79947, 147406,  37585,  82777,  97525,  43152,   9887,
       142804,  60899,  68543,  86522,  65049,  79989,  33540,  42683,
        71505, 144483,  81334, 118308,  73543,   8832, 137292, 142124,
       147922,  25890,   6481,  49368, 134209,   5100,  58001,  82600,
        61088,  26326,  32494,   1175,  68673,  69637,  40684,  44570,
        56153,  65646,  64992, 124174,  34077,  69293,  64732,  17481,
        44089, 132715,  94424, 116830,  75538,  42309,  22506,  65498,
       115337, 130092,   7885,  72359,  29649,   9607,  39759,  25550,
        11274,  18817,  75610,  29263,  54869,  11409, 141820, 147395,
        63283,  47163,  52540, 107599,  50519, 131801,  75874,  93882,
        96973,  84222, 139948,  79513, 118041,  99317, 115949,   9419,
        72696, 134647,  63176,  16999,  91811,  52443,  21084,  98114,
        83855,  82389,  49772,  64283,  98255, 137631, 116314,   4770,
       131976, 115531, 139960,  16528,  22477, 148637, 119781,  63536,
        29550,      5,  67998,  25514, 148676, 124858,  16776,  50471,
       150561, 123691,  83383, 105126, 116590, 145540,  99957, 139697,
       129579, 152851,  49874,  61490, 108710, 105605,  15698, 139877,
        13626,  81603,  40639, 145888,  18492,  79520, 151748, 124828,
        21879,  29791,  47065,  69742,  17737,  70169,  10223, 146062,
       102829,  47939,  52020,  23534,  45447,  52964, 100435,  19679,
        40313, 134103,   9336,  36578,  37651, 150440,   6823,  10878,
        34829,  27498,  17285,  51693, 117020,  88467, 139753, 126878,
        98699,  72537,  95847,  23890,  89202,  82003,   6218,  33641,
        21262,  16700, 105924, 139974,  94509,  47978, 141472, 110887,
         8477, 108192,  15495,  43911,    682,  82654,   9522, 151117,
       103736, 136288, 128190, 153347,  71492,  63337,  68882, 133219,
       150576,  14061,  87441,  57553,  59622, 111162,  52458,  56464,
        89655,  83160, 136170, 145529,  99792,  38643, 134943,  51835,
       127876, 109289, 152215,  78841, 118255,  35461, 149690, 132771,
         7793,   5554, 106759, 107143,  56954,  52803,  47656,  63824,
        24944, 126801,  56337, 146816,  63328,  79354,   3986, 135270,
        71742, 128309,  56390,  94937,  98918, 125151,  95389,  79643,
        31389,  68233,  26871, 126657,  75938,  37032,  55595, 111470,
       119334,  76923,  54421]), array([ 37299,  36102,  11378,  43203,   9463, 130024, 134417, 130796,
        98802, 122757,  50330,  18661,  67599,   7708,  82815,   2074,
       139741,  90221,  84379, 150261, 100126,  87903, 136154,  30369,
        61423,  16850,   9167, 145994, 120023,  62896, 130389, 118540,
        28121,  91992,  51986, 131433,   9809, 130400,  66926, 127644,
       129966,  11825, 146196,  91904,  73751,  12803, 131606,  48324,
        63890,  81689,  27718, 105702,  99834, 146245,  44377,    348,
        64630, 122395,  15286, 106770, 137283, 118871,  85589, 148357,
       119382,   9207, 150976, 128562,  79578,  19015, 140351, 119685,
        15011, 150617,  26650, 125556, 139148,   9367,   5351,   7215,
        50358, 120636, 152085, 134499,  25397,   5426,  97976, 151144,
        56124, 106685,  34929,  52340,  19582,  20007,  65969,   6971,
        64876, 152096, 132836,  91203,  85768,  32312,  39629, 139380,
        68277, 149829,    353,  27068, 146208, 137637, 136124,  44111,
       104624,  31048,  31358,  65387,  88772, 142236,   9645, 131376,
         7058, 132114,  86927,  92173,  31612,  69364,  94011, 104198,
        28371,  27711,  91510,  50976,  36277, 119841, 111953, 144676,
         4744,  46902,  31584,  35423,  24023, 102850, 107886,  32240,
        41625,  32236, 146155,  60213, 122845,  59779,  41752,  67198,
       106006,   8108,  87737,  96569,  25243,  64054, 100974,  28360,
        48299, 112010, 107131,  28226, 104009,  53631, 118864, 106953,
       126647, 143341, 152118,  65812,  77942,  92215, 137582,  83560,
        90335,  30197,  56587,  82845,  75684,  24359,  90391,  18763,
         8633, 134048,  12657,  21706,  15187,  43135,  20223,  86137,
       135702,  22114,  53695, 121261,  16408, 122129,  76033,  18774,
       140566,  32233,  47510,   6777, 109152,  12592,  30859, 109059,
        17910,  31494,  27727,  81282, 102841,  70649,  68138,  84028,
        78131,  20887,  43331,  58057,  76144,  81904, 129866,  48057,
        10997,  43190, 151205, 138258,  38723,  28123,  53773,  93695,
        92791,  14199,  82067, 105807,  84442, 123275,  94172, 131016,
       123614,  20629, 120331,  42758,  78385, 144827, 136587, 122425,
        31252, 120922,  97041, 113901, 142117, 120304, 131070,  15058,
        92962,   7150, 150518,  10161, 132812,  30862, 114267,  29803,
        16652, 149517,  92322,  42277,  27750, 122439, 139876,  22784,
       127814,  61756,  62936,  43036,  73256,  32317,  85471, 128273,
        40863,   4480,  24521,  59052, 152738,  82472,  77359,  79272,
        33223,  27351,  53155,  53764,  86959, 111230,  82704,  67078,
        30269,  66928, 149115,  73156,  30502, 113066,  48346,  49314,
        20793,  69560, 124144, 108119,  69789,  58651, 126307,  54369,
       120614, 114746, 122776, 110221,  15043, 144729,   5759, 134420,
        29961,  67435,  47621, 129101,  26265,  21430,  55287,  42073,
        42027,  83223,  40587, 108227,  16546,  83366, 108787,  56007,
       116238, 141163,  60625,  46217,  93564, 143466,  72765, 132954,
        44540,  41708,  73161,  81576,  91063,  48335,  76195,  89819,
         8541,  74401,  35154, 117639, 138567, 132494,  49611,  67217,
        62162,  48242, 153284,  45185, 141847,  49531,  56106, 111025,
        80489,  17034,  96829,  80479, 153412, 110870,   4835,  65190,
        72294,  66024, 143822,  58226, 150616, 140711,  68921,  81907,
       122166,  86990,  32858,  94991,  10245, 133009,  28771, 150895,
       119067, 138548, 148080, 145488,  30342, 119696, 141342, 150610,
        93313,  87761,  68308,  27805,   2669, 153881,  62875,    447,
       124841,  11780, 134113,   3246, 144612,  13380, 142651,  97880,
         8659,   1912, 146835,  47650, 109046, 147785, 149266,  28660,
       133581, 104951, 114608,  67729, 141631, 137123,  44623,  70997,
        61349,   8151,  90557,  78152,   2091,  73602,  94482, 136842,
       149724,  54173,  86186, 105420,  83275,  65792,  22887,  67481,
        59407,  43891,  64285,  89301, 132775,  29553,   1061, 112780,
        63319,  27578,   9406,   3154, 127999,  30694,  97784,  59737,
       136624,  19470,  35422, 119058,  69261,  32716,  11337, 126848,
        75605,  80566, 152241,  90453,  28981,  51302,  84478,  37326,
         3561, 124093, 131360,  48451, 132155,  93267,  28112, 131815,
        90704,  48290, 142128, 127282,  38236,    951, 122013, 147931,
       104793, 111834, 110454, 124622,  29392,  76979,  52807,  85753,
       136599,  99762,  21251,  66992,  56518,  20312,   6322, 127160,
        20371,  55891,  81492,  99672,  57604, 151003,  36786, 141967,
        99663,  64852,  57911,  59122, 122092,   6404,  75797,  57436,
        79019,  56179,   5874,  93593,  85555,  91877, 112708,  96808,
        12457,  48726,  97615,  34646, 122433,   3042,  35526, 117152,
        55247, 132665,   7286,  29410, 133931,  40133,  25580, 121350,
        92077,  64096, 123296,   1074, 139266,  36212, 108277,  56021,
        53627,  96953, 128573,  32564,  40278,  96457, 111072,  54117,
        34974,  21483,  20069,  32221, 138255,  66204, 108106,  12120,
         8135,  19772,  81425,  93740,  45545, 107221, 114996, 135136,
       150530,  35022,  58092,   4710,  12790,  85409, 149158,  31766,
         5629, 120084,  46383,  98866, 125051, 139393,   8621, 113540,
        85656,    904,  76732, 153651, 135457,  27102,  16428,   1955,
       109514, 135332, 148697,  78123,  93843,  22777,  10500, 106757,
       111713,  24414,  10300, 110006,   2808,  96107,  10331,   2067,
        48747,  15127, 122205, 117910,  74276, 129612,  50948,   3249,
       131564, 143009, 152065,  35029,  11666, 148544, 121902,  47311,
        35797,  76359,   5148, 143993,  46014,  34293, 150470,  54829,
       152708, 127118, 129118,  71413,  77416,  13655, 114022,   5869,
        43545, 140683,  65788,  74658,  99237,  45695, 131449,  11782,
        21722,  58861,  70227, 148796,  81677, 104875,  76481, 100382,
       112834, 132111,  31190, 134488, 139541,  86729,  81091,  68780,
       109084, 127002, 101861,  61617, 143254,  23017, 137166, 131731,
        26380,  88613,  83198, 150352,  15669,  88624, 147926,  83873,
       128489, 134354, 135618,  44416, 113407,  19681, 112102,  49765,
        11861,  31510, 121173, 112365,  55061,  76577,  79214,  67353,
        48067, 138892,    217,  50740, 131541,  35953, 103864, 100384,
        87687, 146338, 152321, 152936, 114126, 132664, 103684,   6818,
        51350,  41291, 143194, 121082,  25894, 147432, 142778,  34021,
        73709, 112142,  41423, 103471,  47614, 122052, 112639,  15599,
         4371,   5119,  74813, 152170,  54647,  31233, 113193, 146602,
        65997,  12586,   7880,  92904, 105311,  12415,  86507, 123389,
         7494,  12483,  11237,   9592,  62612,  40198,  45525, 149642,
        12846, 119493,  97383, 120698,  63653,  22745,  75093, 152861,
       105490,   3697, 140066,  66594,  28281,  45705,  95673,  69477,
        78040,  66091,  86869,  54285, 143493, 147548, 144537,  79516,
       101302,  20121]), array([ 57710,  33502, 137629, ...,  11412,  13215,  24596])]
shape of feat_train: (11544, 602)
Mean accuracy: [0.894728376766545, 0.0022727805182571306]
