Namespace(dataset='flickr', dropout=0.0, epochs=400, gpu_id=0, hidden=256, inductive=1, keep_ratio=1.0, lr=0.01, method='kcenter', mlp=0, nlayers=2, normalize_features=True, reduction_rate=0.01, save=True, seed=1, weight_decay=0.005)
size of adj_train: (44625, 44625)
#edges in adj_train: 218140
Test set results: loss= 1.5509 accuracy= 0.4711
idx_selected :  [array([10109, 20890, 29916, 43717,  6574, 23333, 12001, 39775, 31330,
       18828, 36617, 33043, 21029, 38850, 17133,  6815, 19153]), array([23596,  2982, 35160, 24663, 24749, 44441, 41057, 39885,  2115,
       29426, 35478, 33536,  6275, 41041, 40209, 34428, 38720, 13930,
        1494, 36357, 34320, 22609,  9679,  5036]), array([23647, 29542, 40441, 10400,   894, 39213,  6298, 38847,  2675,
       20990, 19268, 25586, 43015, 31037, 35065, 12809, 15997, 30665,
       35757, 42063, 12903, 27093, 39860, 11791,  2711, 26500]), array([34029, 19760, 42206, 27633, 19094, 34896, 39041,  2381, 41660,
       38314,  8736,  4906, 34820, 11995, 43509, 14444, 17388, 11508,
       20572, 31125, 35923, 16869, 17722,  4280, 41736, 40018, 28138,
       38616, 26252, 24983, 35162]), array([43567, 27957,  7753, 32924, 15289, 10993, 21715, 37675,  9764,
        6931, 43519, 33255, 37100,  7598, 29125, 36157, 21177,  8329,
        6975,  6783, 42044, 40001, 22748, 32889, 37932, 42024, 30175,
        1535,   297, 12513, 19800, 39519, 32171, 15675, 42152, 27470,
       10885,  8901,  4634, 18909, 11286,  8471,  6239]), array([10794, 36977, 11338, 31326,  3370, 41674, 13425,   116, 20495,
       11119, 21176, 32370,  3801, 18809, 22583, 28491, 19077,    18,
       25005,  2728, 26837, 39686, 12408, 19671, 42897, 16995, 32007,
       30006, 14033, 16244, 34155, 32505,  4129, 32229,  2856, 44042,
       30425, 17983,  6141, 22043, 20783, 42268, 43836, 26794, 12436,
       32614, 13689, 42688,  1302, 32441,  8108,  3030, 40417, 22598,
       39326, 28714, 10090, 26201, 40140, 22831, 16933, 35356,  5606,
       22347, 36316,  9725, 27365, 14206, 19454,  6483, 32850, 16358,
       26088,  5712, 28521, 20840, 21662, 22949, 41429, 19597, 33764,
       26104, 34103, 18735, 20131,  7893, 27005, 30099, 16139, 39066,
       25492, 24773,   889, 26920, 26862, 12557, 19039, 40244, 27587,
       21973, 18364, 39545,  7180, 31779, 33201, 41119, 26211,  5122,
       40115, 23549, 29321, 24593, 24942, 15153, 24469]), array([ 5948, 27918,  2069, 23279, 37339, 14195, 30219, 24448, 33988,
       16878, 12445, 42931, 17390,  7159, 13761, 10070, 33826, 43992,
       19579, 17370, 13447, 22619, 43830, 11541,  1083, 20518, 26149,
       41942, 36312, 40462, 15427,    57, 20022, 30970,  9876, 11679,
        8486, 16462,  1420, 35932,  8459, 16054, 40152,  6425, 31274,
       18743, 44623, 36663, 12118, 19492, 27938, 12148,  2820, 25982,
       36170, 20364, 14463,  5318, 15261, 39046, 17249,  9136, 43821,
        9054, 17668, 22717, 31963, 37773, 22176, 10570,  8652,   274,
       38206,  9041, 13600, 22670, 33725, 41658, 24176,  3856, 30987,
       34809, 34508, 18577, 34933, 19194, 27555, 10858, 17000,  3795,
       31133, 13649, 42426, 22280, 42930, 16285, 36496, 24078, 17473,
        6890, 30930, 16581, 21186, 25480, 38639, 11777, 30976, 20356,
       26326, 10639,  1939,  1836, 16964, 25111, 13853, 21267, 18018,
        4718, 44294,  2350, 42518,    14, 29747, 35998, 18086, 20692,
       12947,  2905, 31242,  7045, 25769, 29277, 31836, 15260, 28781,
       10923, 23826, 39573, 11289, 32547, 40165, 24299, 38735, 44110,
       28889, 35559, 11445, 44061, 22426, 43875, 25204, 38834, 22404,
        9085, 42605, 20084, 35681, 18953,  4048, 27457,  4731, 28978,
         256, 26515, 31430, 21321, 39491, 42314, 28583, 17847, 15658,
       15215, 18866, 37595, 38504, 34714, 22899, 19034, 41198,  3552,
       36782, 36072, 15141,  9623, 17070, 20259,  1363,  1054, 17345,
       43623])]
shape of feat_train: (446, 500)
Mean accuracy: [0.43476896876260474, 0.00402953736261175]
