Namespace(dataset='reddit', dropout=0, epochs=400, gpu_id=0, hidden=256, inductive=1, keep_ratio=1.0, lr=0.01, method='kcenter', mlp=0, nlayers=2, normalize_features=True, reduction_rate=0.01, save=True, seed=1000, weight_decay=0.0)
size of adj_train: (153932, 153932)
#edges in adj_train: 10753238.0
Test set results: loss= 0.4835 accuracy= 0.9394
idx_selected :  [array([13694, 38678]), array([ 97335,  98628, 139578,   1771,  90474,  41998,   6500]), array([ 67316,  53645,  35594, 153735,  32777,  96474,  97922,  83885,
        56670,  28828]), array([ 94720, 135926,  30146,  39156, 101592, 111630,  37840,   1518,
       146664,  75911,   7983]), array([113413,  29314,   9803,  85208, 131327,  76237,  81323, 124868,
        78867,  54706,  91296]), array([ 82638, 106042, 141692, 151710,  46674,  38791, 147397, 106946,
       136650,  83191,  44066]), array([150745,  95506, 123587, 151991,  87132, 142049,  51534,  20066,
        87816,  53927,  68787,  57950, 135288, 135352]), array([110367, 135307,  16096,   2275, 129285,  54850,  54349, 123652,
       153018,  38447,  56519,  21824,  63642,   5753]), array([118520, 136607,  43890,  54845,  89580, 124152, 131071,  43602,
        60849, 153409, 143137,  71200,  97693,   1892,  27342]), array([110337, 132598, 119424,  41678,  37725, 141701, 112637,  20283,
       123268, 150619, 116123, 103673,  68782,  37838,  65983,  52608]), array([ 56748, 136178, 132428, 121960, 147559,  82632,  79580,  66344,
        86338,  78825,  86147,  21385,  60851,  71180, 124420, 153645,
        45732, 149151]), array([118869,  29707,  72660,  76880,  35469,  52958,  27328, 151459,
        40262,   7822, 135950, 126289,  73694,  53054,  76250,  58764,
        29335,  75343]), array([ 72677,  60884,  32878,  96145,  32300,  58498,  89695,  82455,
       106884,   3881,  28287,  49201, 109812, 107676, 151254, 136023,
       131078,  89472,   5210, 150358]), array([135952, 145004, 118377, 117492, 121446,  29993,  37170,  53046,
       114788,  60573,  50347,  10978,  54307,  87006,  55432, 112625,
        56786, 129610, 105474, 146497,  21358]), array([  8560,  81379,  27706,  19730,  12509,  79411, 101400,  20285,
        37882,  72363,  62499, 123433,  52722, 134215,  86372,  64925,
        56077, 112381, 121153, 141522,  39954, 146720]), array([ 49569,  90933,  75217,  41259,  59563, 134743,   5242,  91916,
       149663, 151376,  32402, 140799, 106853, 150743, 153048,  10919,
       142326, 141441,  49821,  99760, 141679, 123584]), array([ 92122, 150586,  14068, 127598,  10069, 139961,  53171, 101488,
        48776, 131945, 150497, 133395, 138805, 129458,  77201,  47428,
       129465,  24957, 104822,   6047,  50949,  95456, 144389]), array([114075, 132008,  64906,   4612,  49577,  93298, 144590,  87159,
         4619, 136572, 125048,  14206,  92600,  48017,  81017, 138212,
        90763, 106711,  63938,    600,  76182,  68529,  80637]), array([112097, 101879,   3005,   2932, 122251, 139910,  86368,  63085,
       106905,  99483,  69359,  33088,  26722,  26464,  49621, 129097,
        62178, 120251,  51945,  45174,   7138, 116969,  62798,  66757,
        23931, 135033,  21893, 121434]), array([  1246,  19904, 120272,   3429,  61508,   9337,  66895,  98290,
       117090,  40397, 129140, 132832,  98964,  77524, 132829,  68403,
        27501, 145051,  26293, 107040, 138545,  59157, 134412, 131703,
        67514,  75685,  91583,  89971]), array([103635, 140788,  23206, 129051, 121685,  18728,  86452, 142992,
       106957, 127516, 121218, 114810, 149951,   9539,  86284,  73479,
       122240, 143509, 127993,  14392, 137340, 149256,  75814,  67458,
        64676,  57483, 116248, 139364]), array([137920, 123480, 129413,  76981, 145463, 121977,  98753, 126319,
        26172, 153466,  81984, 143842,  36818, 145520,  89856, 130195,
        67828, 120109,  13278, 118790, 131112,  26453,  73289,  82195,
       123073, 104363,  50170, 121867]), array([145640, 122200, 114448,  92663,   5919,  95266, 115513,  80810,
        45891, 101304,  19821,   5871, 122294, 142299,  25871,  57329,
       150008,  77423,  37996, 122876,  10277,  86394,  80392, 132735,
       108275,  53490,  50795,   6010]), array([119609,  62738,   8058, 149005,   7632,  29692,  54484, 109223,
       151292, 126976,  75659, 126979,  58034,  69439, 106584,  84737,
        17202, 134560,  32144,   4705,  55473,  72511, 119425, 146314,
        32019, 149029,  40301,  74650]), array([114061,  24160,  35851,   3321,  76515,  57599, 139145, 109910,
        50953,  69694, 109624,  59452, 113207, 133054, 142448, 140509,
       122469,  13032,  76492,  13077,  98409,  41153,  16137,  52905,
       139226,   3963,  72493, 141078,  27145,    957,  54475]), array([141971,  18747, 153513,  53371, 133647,  91676, 115224,  58228,
       121008, 129749, 152398, 127833,  37873,  68395,  43800,  59472,
        34401,  74059,   5008,  65262, 152703,  48101,  40953, 137419,
       114688, 126995, 145234, 126672,  54262, 144793,  68343,  72667]), array([ 62477,  69310, 135805,  78210, 124491,  33052,  14363,  52379,
        90379, 105453,  58275, 140401,  50867,  45792,  40962,   3006,
        39536, 142362,  30642,  34229, 143039, 118455,  68831, 130196,
       144779, 102295, 124143,  38058,  75886,  36689,  57908, 108178]), array([110507,  28089, 106397,  38537,  36005,  73470, 113444,  87241,
       116808,  21494, 108259,   9729,  12994,  70892,  33908, 133841,
        80173, 144315,  98207,  91177,  78476,  85580,  51355, 147118,
        96207, 144748,  30934, 133687,  51560,  74513, 137357,  14175,
       132464]), array([139760,  68076,  98668,  66269,  24188, 149212, 112435, 131758,
        67218, 152093, 120953, 130312,  53205,  90675, 133781,  14172,
        39831,  67257,  63303, 149671, 134972, 138062,  44775,  76804,
        22563,  37020, 102021, 118037,  27582, 127202, 109422,  51405,
        43855]), array([ 79088,  40912,   8077,  82031,  66404, 152957,  14662,  89669,
        45216,  67047,  74284, 102791,  84331,  13611, 128332,  75632,
        98178,   4965,    424,  55881,  57972,  33940,  43484,  28610,
         2400,  41398,  87198,  70276,  83375,  58787,  49672,  28976,
        40605]), array([ 13161,  98306,  94495,  33517,  15846,  49339,  26123, 117670,
       151133,  67109,  80013,  75446, 109612,  69295,  67531,  59921,
       108605,  99013, 118567,  26799,   7144,  80684, 145531, 114605,
        22188,  31218,  63907,  68085,  26305,  56760,  86046,  33727,
        59402,  53286, 139827, 112975,  77149, 100671]), array([  9166,  53191,  64592,  11356,  48217,  85565,  29228,  89845,
        40004, 153164, 130330,  58326,  57503, 102048,  28469,   6049,
        23106,   7045, 109570,  52624,  29250,  11445,  79918, 143761,
        13095,  17273,   2505, 117614,  35803, 120447,   2287, 117824,
        51645,    218,  31274,  78805,  93281, 141453,  39210, 146914]), array([  2105,  10228, 127306, 151598, 120330, 113222,  48719,  67645,
       150211,  54076, 121002, 153847,  44873, 133222,  18963, 129038,
        18426,  89292, 129225, 129305,   8448, 126588, 146161,  27607,
        11901,  82056,  43159,  57369, 138268, 145337, 141191,  71211,
       152401, 121495,  85727,  40543,  86238,  92612,  58667,  24981,
        80400, 151610, 145892, 125967,  33480, 105052,  80133,  58570,
        22954,  30737,  60755, 137194, 147516, 117953]), array([141571,  84680,  19877, 153217,  56803,  99508, 129795, 136215,
        62344,  93766,  34170, 117038,  28837,  70592,  33263,  64129,
        52331, 140460,  64261,  81495,  91913,   8649,  76096, 139277,
         5370,  96190,  43852,  36769,  91453, 153121,  54259,  87103,
        75574,  73739,  58250,  99569,  59466,  38768, 103340, 145771,
        43553,   6326, 104333, 107434,  43834,  84745,  78680, 128200,
       118764, 153058,  24377,  26415, 132609, 139748,  78822,  78906,
       138713,  16940, 120556,  20324,  43145,  62430,  36783,   3383,
         2844,  65245,  94563,  44382,  91970, 109367]), array([110587, 128890,  19979,  24399, 129582,  30803,  25181,  31396,
        37114, 128497,  24767,  15616, 142954,  81765,  99358, 103315,
       102713,  55773,  71816, 111779, 123175,  51895,  92617, 122422,
       141501,  82505, 137097,  84058,   6682, 149774,  12388,  47067,
        96868, 129161, 116058, 115284, 141546,  58033,  42518,  39997,
       134371,  70479,  58989,     67,  38370,  85207, 132635,  86048,
       136912, 115929,  12009,  80104,  52995, 121250,  89668, 136419,
       142924,  53552, 117275, 106772, 140978,  66690,   2881,  41335,
        47378,  11467, 100588, 123227, 100783,  99697, 108154,  26571]), array([148370,  76755, 148239,   7009, 129783,  29536,  35964, 151762,
         4827, 101103, 130256,  54150, 118186, 125461,  85974, 148203,
        25999, 124056,  97560,   2394, 108887,  99214,  38530, 124283,
        64223,  22278, 127959,  81149, 120294,  39380,  40653,  52361,
        82790, 123773,  43721,  54355, 116877, 150355,  14539, 114778,
        58883,  96983,  14080, 147822,  76904,  77230,  22949,  80432,
       110202,  43035, 150040, 151621,  13245,  45675,  65358, 137797,
        47357,  48470,  99666,  82701,  66642, 127108,  76566, 133014,
        75739,  35534,  31183,  50888,  17185, 128612, 104630, 137913,
        60013, 131287, 138745, 116810]), array([100794,  68909,  19422, 137846, 124300,  58066, 134776, 110253,
        60207,  84048,  13789,   2650, 100479,  25299,  90249, 137730,
       138502, 101506,  85530,  24089,  47837, 101823,  64650, 129067,
       111826, 149548,  14570, 130733, 150920, 151813, 108520,  66268,
       133788,  31809, 115061,  64950, 153649,  66306, 123435,   8304,
        79385, 101030,   7031,   8924, 120587,  63327, 123259, 151197,
       114305,  81623, 100071,  58207, 137614,  35401, 112622,  98213,
        66802,  62492, 107377, 137977,  81419,  77312, 120275, 112014,
         8434,  23378,  99820, 138503, 100197,  79752,   8668, 100180,
        18542,  16008,  29565, 134932,  84624,  68494, 138955,  89038,
        78256]), array([ 87186,  37646,  13188,  93704,  35252, 125228,    589,  91545,
       139998, 148206,   7545, 113302,  61402,  83630, 117973, 104185,
       107116,  24278,  54506,  61086, 147805,  15184, 152512,  30520,
        40734,   3626,  12828,  41786,  31470,  39899, 142689, 132790,
        62479, 125866,  88818, 153429,  62318, 153068,    271,  23099,
       133689, 134013,  16895,  31315, 144311,  69591,  70198, 148716,
        54705, 137869,  54962,  30738,  19606, 138980, 112764, 137482,
       148367,  90603,  92277, 111968, 136044,  31038, 144184, 141169,
        93221,  33679,  61874,  61811, 107037, 111831, 102528,  54148,
        59899,  65462, 107445,  90142,  40997,  97169, 123307, 113967,
        17134, 110097, 141220,   9390]), array([ 55629, 153026,  54646,  40233,  86640, 129947,  14767,  13590,
         3283,  30727, 114138,   3674,  77607,  83387,  46653, 118121,
        37026,   9380, 110976, 149470,  62948, 102522, 152182,  19978,
        92831,  86680, 130659,  28357,  66660, 150089, 131987,   6086,
        38776,  90292,  43086, 126395, 123798,  24497, 124005, 128675,
       137474,  85570,  44507,  95721,  66462,  50070, 105493, 102011,
       100506, 122436,   6696,  95151,  11294,  65084,  33127,  26210,
        62914, 126404,  94013,  35160, 115251,  13755, 116771, 110417,
       117023, 141498,  34512,  16805,  47900,  58196,  57936,  69840,
        52190,  19965,  34722,  74465, 129452,  11195,  98392,  36045,
       123292,  30432,  70073, 149038,  41918,  53413,  97046, 108331,
        63179, 131488,  10255]), array([ 37299,  36102, 134417,  43203,  48324,  66331,   9463, 122757,
        91904,  18661,  87903,  50330,   9167,  82815,  67599, 139741,
        20371,   8108,   2074,  90221,  30369,  61423, 145994,  84379,
         4767,  16850,  28121, 130024,  62896,  27578, 136124, 134499,
       127644, 130389, 130400,  98802,  96829,  87737, 131376, 105807,
        79578, 130796,  22114,  91203, 129966, 107287,  27718,  66926,
        61617, 146196, 121124,   9809, 122395,  40403,  99834,   7215,
        61452,   7880, 139373,  60213, 150976,  78090,  81689,  12803,
       119841, 151144,  11780,  69990, 152096,   9207, 131606,   2091,
        49462,    127,  56124,  31612,   9367, 152228, 118864,  63890,
       105702, 149513, 117206, 106770,   6971,  21430,  20007,  52348,
       138548,  27711,  91510,  44111,    348,   4744, 135370, 146208,
        31358, 109046,  65812,  96569, 141163, 149829, 125998,  32236,
       112010]), array([ 47535,  31713,   7211,  33502,  79087,  30678,  15933, 153125,
       138042, 110536,  36932,  20632,  45370,  84473,  66679, 137629,
        42151,   6338, 127958, 108532,  32165, 125217, 128001,  21160,
       119315, 106865,  85540,  39049, 140990, 147112,  66880,  37668,
        26579,  20578,  88971,  63851, 115520,  66788, 127049,  47653,
         8299,  99638,  41112,  95084,  91016,  59465, 144897,  26954,
       101254, 116283,  92748, 151350,  51032,  14779, 140212, 131519,
       127793,  81248,   1554, 111011,  36406,  49116,  50924, 129616,
        54335, 126489, 144785,  81669,  71090, 117622,  17040, 111418,
        25790, 149852,  26103, 124161, 105186,  91541, 151501,  86566,
       124221,  63408,  97214,  82593,  87760, 108600,  11944,  75375,
        12275,  73919, 127294, 121257,  71655,  33274,  15775,  88354,
        63916,   1231,  55542, 102229,  14765, 128826,  72613, 147715,
        63404,  52293, 119034,  63333, 127755,  32294, 135761,  85524,
       117773, 148859,  28240, 137449,  27484, 137749,  87474, 104845,
        18583,  86119,  59948,  89100,  97420,  76294, 151935, 102624,
        54695,  20036, 147522, 119423, 126115,  71383,  71478,  13470,
       124109,  41899, 137413, 127038, 140813,  50025, 135821, 118134,
        70449,  48504, 132404,  35335,  16857, 131305,  94570, 101817,
        22043, 138768, 122198,  13150, 100537, 109409,  33070,  67812,
        42102, 106505, 148253,   1176,  75501,  58064, 139483,  59137,
        99122,   4691,  97002,  79170,  74261,  20175,  55858,  32191,
        49880,  10017, 129106,   4185,  49777,  17200,   4925,  53797,
        39233,  89608, 137057,  35322])]
shape of feat_train: (1539, 602)
Mean accuracy: [0.7763996819315431, 0.006324595283340493]
