Namespace(dataset='flickr', dropout=0.0, epochs=400, gpu_id=0, hidden=256, inductive=1, keep_ratio=1.0, lr=0.01, method='kcenter', mlp=0, nlayers=2, normalize_features=True, reduction_rate=0.03, save=True, seed=85, weight_decay=0.005)
size of adj_train: (44625, 44625)
#edges in adj_train: 218140
Test set results: loss= 1.5489 accuracy= 0.4692
idx_selected :  [array([20803, 20890,  8546, 29916, 43717, 23333, 14164, 12001, 10925,
       21821, 31330, 36617,  2474, 17133, 38850, 12221, 19153, 39775,
       27977, 35316, 15406, 13112,  1920, 16599, 40408, 21204, 18828,
       27708, 36509,  5930,  7685, 36051, 25852, 10533, 27765, 31347,
       38637, 33043, 21116, 21037, 24459,  6730, 21022, 21342,  6574,
        2888,   862, 16560,  9749, 24511, 41988, 15581]), array([23596,  2982, 35160, 24663, 29426, 13930, 44441, 39885, 29848,
       24749,  6023, 13910, 33536, 41041,  6275, 35365, 40209, 38720,
       14596, 41057, 22161,  1494, 10782,   190, 28911,  9679,   784,
        2911, 38175,   683, 36510, 20293, 35502, 25704, 33784, 36635,
       16248,    40, 43098, 16705, 40815, 22844, 12506,  2904, 23472,
       32840, 26589, 32387, 35614, 15374, 10594, 25873, 11160, 30039,
       29518, 33355,  2431, 37989, 34428,   762,  5826, 27426, 16665,
        9834,  2115, 22222, 11537, 42553, 27078, 21316, 15895, 10259]), array([10631, 29542, 40441,  2675, 10400,  6298, 38847, 39213,   894,
       12809, 20990, 40973,  3375, 31037, 27061, 30665, 42063,  5254,
       19268, 35065, 15997, 35757, 39860, 32204,  6795, 28436, 20374,
       28671, 24711,  5096, 24463, 34934, 27093, 25440, 11939, 20565,
        1130, 15441,  9315,  6294, 24349, 17126,  1558, 25052, 35920,
       31115,  3612, 25586, 39396,  9040, 29819, 17814, 24181, 11879,
       17411, 35946, 23685, 25043, 18519, 24894, 37905,  2071, 26500,
       26492, 41526,  3960, 29842, 36579,   204, 41871,  4011, 30102,
       10473, 37904, 20155, 15019, 41588, 31279]), array([34029, 19760, 42206, 27633, 19094, 34896, 39041, 41660, 20572,
        4386, 13791, 11995, 14444, 14871, 26252, 13064, 38602,  8395,
       31125, 17722, 22059,  2381, 33588, 35162, 38616, 12882, 11508,
        4906,  1137, 37883, 20230, 34820, 32414, 17054,   825, 24983,
       37394, 12248, 21568, 42912, 39811, 18605,  3120,  2463, 11540,
        9459,  3929, 24923,  2385, 28399,  4280, 13747, 38109, 28138,
       14002, 26683,  2923, 42676, 33657, 26900, 12322, 23805, 33279,
       31936, 39839, 40832, 25367,  8445, 12937, 35827, 15575,  1224,
        4665, 43371, 16790, 39964,  5051,  9643, 15911, 21705, 35484,
       24268, 18876, 44352, 29064,  6853, 18326, 22188, 33969, 16869,
       42030,  6318, 12868, 21290]), array([43567, 27957, 43519, 15289, 32924, 40001, 37675, 21715, 39519,
       33255, 29329, 24640, 42044, 36157,  6783, 37100, 27357, 17529,
        7753, 11104,  8017, 40898, 42152,    62, 37932,  6931, 29125,
       38570, 19008,  7072, 42617, 22748, 32889, 32171, 28418,  4641,
       29072,  4969, 19518, 16387, 11089, 32076, 29143, 15488, 28701,
        4634, 19734,  2958, 14825,  6239, 10993,  8471, 22486, 20846,
       34496, 22684,  9764, 38077, 34064, 15599, 42024, 31649, 21939,
       31509, 19723, 16398, 14713,  3657,  7678, 17989,  4750, 19317,
        3366, 16737, 12513, 21193,  5983,  6872,  5797, 41756, 40514,
       35926, 36983, 22001, 32863,  7052,  2114,  6975, 30175, 39789,
       13945, 10953, 40037, 41483,   708, 23988,  7739, 18909, 13590,
       29431, 38134, 30708, 21916,  8901, 27066, 35680, 37733, 10568,
       30008, 18406,  3608, 29717, 14827,  3150, 21177, 15273,  9646,
       30310, 39177,  7591, 14695, 14739, 34986, 28985, 44203,  9920,
       19800,  7974, 32991]), array([18025, 17983, 11338, 31326,  3370, 41119, 16139, 24469,   116,
       13425, 21176, 19671, 22583, 12557, 11308, 40140,  7893, 16995,
       39686, 11119, 19077, 27005,  4129,  2728, 19039, 32370,    18,
       33566, 32614, 35707,  8108, 18809, 32007, 14360, 20783,  3757,
       20495, 25005, 32229,  1302, 33201, 41725, 32505, 36488, 36316,
       26794, 36977, 40115,  2677, 16580, 41193,   168, 42688, 29599,
        2704, 37121, 12400,  3801, 23202, 16213, 36068, 16933,  6906,
       13946,   889, 30006,  2856, 29894, 28521, 22043, 30269, 20978,
       10245,  5712, 25618, 44067, 31203, 41674,  5984, 10090, 14033,
       40877, 21919,  1029, 40417, 30809, 16048, 32154, 13689, 11348,
       32850,  4940, 31779,   330, 20840, 39326, 34874,  4519, 42897,
        4130,  3997,  8112, 13591, 34473, 26088, 13971, 13871, 14206,
       31175, 40776, 32988, 43278, 16281,  8687, 32145, 32576,  6087,
       26211, 10643, 42280, 32791, 15498,   329, 40129, 42268, 37090,
       16244, 10151, 27365, 20552, 26646, 29118, 20130, 19255, 39517,
       26460, 25948, 10375, 28636, 26920, 18735, 26019, 32845, 35356,
       22598, 26907, 39066, 15153, 25481, 16358, 30425,  3895, 14638,
       32531, 40244, 16200, 18944,  7453, 34155, 40686, 12179, 17132,
       26221, 43394, 42682,  5606,  3077, 36125, 39545,  5776, 29991,
       28491, 26201, 43879,  1264,  7505, 44514, 36001, 42704, 31413,
       20116, 12299,  1232,  6483, 20899, 20580, 38410, 32135,  7343,
       42937, 36803, 22831, 42302, 32775, 12060, 21143, 24245,  8288,
       28353,  6089, 36374, 20131, 14975, 11397, 15753, 19073, 15725,
       41581, 28714, 11730, 31554, 11066, 33681, 40648, 20904, 44618,
       14769,  6441, 37979, 17797, 26167, 19597, 10332, 14340, 43659,
       21585,  2767, 17078, 36820, 18734, 34357, 28728, 33946, 37270,
       13799, 31098, 14099, 12408, 40059, 40135, 17289, 15384,  1895,
       25409, 18765,   104,  8703, 22949, 13486, 34661,  7284, 17294,
        3213, 26862, 19730, 13392, 38836,   367, 18364, 13832, 10556,
        2705,  5584, 16114,  6805, 27587, 40630, 34498, 30761, 35718,
       35303, 34845,  8044, 31830,  1407, 33466, 13659, 24475, 15602,
       14437, 11047, 15120, 36486,  1448, 30827,  9204, 17056, 25182,
       25941,  5709, 15824, 19407, 34868,  2351, 19454, 21670, 20075,
       38969,  1768, 31769, 35429, 32441, 20791, 38449, 27367, 41618,
        1761,  3030, 18888, 28191,  1808, 44276, 43156,  6545,  9122,
       40713, 42732, 30144, 36917, 35843, 28280, 34990, 22250, 17481,
       37991, 29775,  9725, 28070,  6817, 13679, 28076, 40285, 16264,
       36152, 32071,  4706,   346, 32971, 26145, 28314,  5366, 41956,
       33007, 28638, 22137]), array([19139, 23279,  2069, 27918, 37339, 11607, 17249, 30219, 38206,
       19492, 17390, 33988, 25982,  1083, 19579,  2905, 13761, 16878,
        7159, 21663, 36312, 16285, 41942, 27108, 33826, 20518, 42931,
        8486, 18866,  4019, 26149, 14463, 28286,  4718, 22670, 44623,
       31267, 14195, 11541, 35998, 31274,  2820, 27457, 20022, 18018,
       16581, 24448, 15260, 22619, 17000, 12148, 33630, 22280, 17370,
       12445, 13681, 43821, 34933, 32417, 37537, 42930, 32028, 27555,
       18086, 39046, 40152, 13649, 17157, 20364,  7045, 37773, 41658,
        9136, 24418,  5318, 38941, 27938, 43783, 17059, 15284, 10570,
       30727, 43830, 27756, 42426,  3715, 27616, 25111, 19194,  6890,
       10070, 24078, 16396,   479, 10858, 24299, 35218, 37595, 25480,
       16054,  2350, 18743, 12725, 40462, 11289, 31133, 22717, 22176,
       17729, 42314,  6495, 30888, 29747,  8269,  7528, 27923, 23826,
       24693, 10639, 11821, 21321,  5722, 41063, 13313, 12955, 41341,
        1930,   256, 32547,  1420, 25769, 30930, 36513, 16964,  9876,
        1974, 29033, 32633, 36782, 31352,  9041, 30970, 22426, 20531,
       43623, 22735, 34508,  6339, 24335, 31836, 15658, 19968, 29486,
        2535, 14300,    19,  4955,  2046, 21890, 39704, 20356,  9284,
       28889, 32859, 18894, 13600, 23909, 32582, 11777, 30987, 35932,
       15215, 21530, 30570, 22128,  4731, 44110, 43166, 14395, 37827,
       43468,  6981, 37966,  3856, 17668, 37185, 17345,  9623,  7788,
       34401,    25, 23393,   274, 40363, 34133, 44078, 25917, 11679,
       31242, 22899, 10555,  5729, 37253,    57, 18596, 14465, 31993,
        4964, 24176, 36496, 15427, 15242, 28978,  1054, 22277, 28866,
       27166, 22260, 35677,  8822,   668, 38120,  4141, 37174,  9085,
       12118, 21064,  8805, 40582,  1262, 36758,  1836,  5794,   470,
       27895,  1702, 33849, 31285, 15769, 14780, 32788, 42821, 19162,
       44294,  5693, 35559, 24695, 38424,  6425, 22552, 19065, 31497,
       15141, 16572, 25267, 30892, 27927,  3141, 16192, 18319, 31541,
       40754, 21429,  7644, 17550, 26528, 29430, 43123, 29085, 23464,
       26515, 16850, 21336,  8303,  3343,  7109,  8459, 25694, 33384,
       16542, 25500, 40876, 21373,  8433,   666, 36663, 17847, 20710,
       39491,  7137, 34809, 22657, 43758, 13581, 17473, 38504, 27087,
       28010, 33247, 43595, 14701, 36705, 31275,  6752,  9933, 31755,
       24641, 42681, 35681, 16456, 31247, 44092,  9455, 28583, 41914,
        3579, 31696, 26797, 12338, 38552, 39718,  8144, 43432, 34205,
       19336, 38426, 30128, 38735, 21386,  5635,  5116, 15261, 17732,
       23829, 30635, 22594,  4595, 23890, 18687, 21344, 20084, 21989,
       25939, 13857,  1486, 30471,  9483, 15341,  3422, 10284,  2110,
       12183,  7856, 29902, 20638, 42915, 31258, 39616,  6802, 16465,
       41033, 42678, 30542, 32330,  8279, 35860, 20504, 16777, 20266,
       21554, 24022,   865, 10321,   661, 18578, 16566, 15056, 39884,
        1061,  9683, 10935, 34254, 20270, 33259, 32453, 18089, 17955,
       32452,  9893, 36495, 26653,  3205, 37163, 39748,   585, 21604,
       34714, 20050, 14414, 36948, 29277, 34261, 15737,  5507, 43325,
       14912, 40972,  8678, 14224, 30074, 12588,  3780, 43016,  3173,
       20006, 44589, 35479, 39601, 36116, 35682, 16462,  9057,  4754,
       16487, 10313, 43565, 41540, 10516, 42419, 18953,  3946,  3361,
       37446, 16418,  5754, 29966, 30976, 13157,  9815, 35188,   999,
       15568, 26954,  4375,  6071,  5952, 33714, 14998,   526, 33223,
       27764, 19621, 39360, 36250, 33094,  9964, 28298, 24324, 10959,
        4431, 33935, 31485, 39573, 18066, 10420, 17610, 20216, 27846,
        1592, 17621, 20878, 10730, 31241,  3987, 40064, 41019, 35531,
       42961,  7121, 35993, 12006, 32053, 42572, 24540, 39997, 19288,
       25563,  5011, 26326, 11200, 38586, 18577,  2520,  3153,  8215,
       32415, 35549, 42597, 41735, 15309, 24986, 11382, 20372, 36815,
        9967, 39693, 29827, 17863, 29332, 40346, 36413, 18806, 39568,
       29660, 25297, 27880, 20310, 22875, 27671, 31099, 13855, 11913,
       18851, 32043, 36764, 29724, 13921,  8453, 33061, 30429,  9770,
       34002, 12397, 28925, 39034, 43992, 15157, 22172, 29871,   574,
       32060, 19550,  6731, 22567,  4048, 26998, 26602, 38267, 12659,
        1693, 43262, 15186, 43342, 16656, 25204, 22255, 15544, 26305,
       32425, 12947, 35067, 33179, 29720,  2267,  2444, 19327,  1939,
       25890])]
shape of feat_train: (1338, 500)
Mean accuracy: [0.44596871778783675, 0.002104625793455389]
