Namespace(dataset='reddit', dropout=0, epochs=400, gpu_id=0, hidden=256, inductive=1, keep_ratio=1.0, lr=0.01, method='kcenter', mlp=0, nlayers=2, normalize_features=True, reduction_rate=0.075, save=True, seed=1000, weight_decay=0.0)
size of adj_train: (153932, 153932)
#edges in adj_train: 10753238.0
Test set results: loss= 0.4835 accuracy= 0.9394
idx_selected :  [array([ 13694,  38678, 145784, 104467,  34327,  60150,  24686,  11509,
       120868, 147197, 102772, 119724,  51090,  33691, 152975, 140125,
       121009]), array([ 97335,  98628, 139578,   1771,  90474,  41998,   6500,  20581,
        60351, 136925, 102418,  96427,  63266,  33619, 107468,  75254,
       138970,  25715,  83179,  74673,  31814, 118997,  38041,  10503,
        14176,  80718,  74003,  96370,  20631,  42610,  88287,  87426,
         7381,  55748, 147412, 124358,  96244,    167, 102723,  14043,
       121005,  10856, 143678,  49010,  98775, 152479,  37739, 145202,
         3519,  76112, 107255, 108075, 152523, 113587]), array([ 67316,  53645,  35594, 153735,  32777,  96474,  97922,  83885,
        56670,  28828,  70688,  18789,  51726, 140396,   3375, 123421,
        85017,  46092,  17278,  61227,  13154,  88984,  60316,  89259,
        22094,  56350, 130159, 147901, 116548,  71575, 131056, 109555,
       153240, 121636, 144465,   7057,   7090,   3900,   2662,  43349,
        40903,  13008, 126958,  47735,  16691,  35898,   3237, 114723,
        23998,  67377, 126705,  28824,  36563,  97430, 117960,  90829,
       148220,  28965,  63116,  46407, 126417,  95083,   6238,  57008,
        91245,  65573, 112155, 138684, 102830, 113716, 133649, 148986,
         2093,  54681,  71952,  37231,  84822,  29544,  38503, 135850]), array([ 94720, 135926,  30146,  39156, 101592, 111630,  37840,   1518,
       146664,  75911,   7983,  21889,  35125,  52241,  21955,  87225,
        34121,  64414, 123929,  92463, 114220,  31245,  12068, 133554,
       128653, 140031, 105340,  70644,  47675,  83405,  52710,  40261,
        28575,  63936, 105466,  49939,  80567, 116510,  75949,  34844,
        60146, 102721,  63059, 110833, 119267,   6620, 105273,  46245,
        48928, 112656, 114319, 122883,  98731,  54357,  69894,  86600,
        91056,  55508,  90345,  27857,  93060, 106662, 108356,  59916,
        85958,  22167,  97031, 118766,  57539, 116835,  42703,  49240,
        84862,  58020,   4014,  86783, 153546,  52594,  53763,  91273,
        96945,  51275]), array([113413,  29314,   9803,  85208, 131327,  76237,  81323, 124868,
        78867,  54706,  91296,  63022,  25600, 145688,  16755, 109400,
       136651, 132533, 142462,  94646,  29861, 100508,  44833, 103055,
        27398, 113672, 115479, 107679, 144559,  56704,  18585,  83143,
        29110,  33419,  24298, 152042,   3991,  19273, 117469, 143463,
        74964,  74077,  38095,  42627,  78748,  97202,   3177,  28911,
        25303,  11706,   6146,  26738, 111314, 124123,  38421,  62637,
        52906, 112755,  68905,  28503,  22881,    520,  89219, 142226,
        36493,  85396,  31144, 122055,  22888,  87303, 108024,  75101,
        11271,  34677,  75931,  44065,  76689, 102306,    379,  92438,
        51988, 117637,  71665,  94082]), array([ 82638, 106042, 141692, 151710,  46674,  38791, 147397, 106946,
       136650,  83191,  44066,  43071, 134865, 123879,  29387, 148507,
       129566, 151651, 114066, 124801, 153827, 102773,   9010, 135012,
       115405,  78695,   1478, 127443,  45281, 106990, 113741,  20839,
        74373, 113563,  91639,  23029, 108770, 129491,  76082,   5953,
         2115,  69160, 110712,  29615,   5825,  10388,  73896, 120915,
       138880,  28072, 128322,  31904,  40806, 146205,  25324,   8680,
        85797,  44551, 134487, 110670,  96486,  45948,  53761,  75878,
        10785,  80279,  97039,  69197, 136509,  36182,  83479,  27541,
        19954,  19106, 104430,  87415, 123022,  50209,  65708, 144470,
        37154,  35109, 150416, 104586,  56098,  68329]), array([150745,  95506, 123587, 151991,  87132, 142049,  51534,  20066,
        87816,  53927,  68787,  57950, 135288, 135352,  44774,  60928,
       110815,  85448, 149920, 112675,  46968,  88137,  96237, 148001,
        71928, 110096,  47913,  72261,  36815, 128623,  37995,  92821,
        48431, 122948,  61166,   4255,  76292,  68127,  63545,  66153,
        12702,  41180,  78865, 103960,  82261, 128971,   3610,  97650,
       141133,   8201,  93343,   7946,  95614, 137255, 127140, 106165,
       123729,  24877,  87929,  73009, 106418, 152218, 115589, 101971,
        18373,  23055,   8163,  90717,   4724, 129196,  81990, 141157,
       137586, 127129,  27955,  66358,  98855,  51244, 115066,  83871,
        49316,  51397,  18000,  92209, 114745,  12051, 107340,  17177,
        65942,  14315, 146432,  75045,  34687, 119098, 119538, 146900,
       111756, 126149,  90635,  97688,  78509, 150128, 107288, 132356,
        10058,  10848,  73233, 145244,  93826]), array([110367, 135307,  16096,   2275, 129285,  54850,  54349, 123652,
       153018,  38447,  56519,  21824,  63642,   5753,  31954,  24776,
       142869,  41296,  99756,  95947,  28329, 130202,  17583, 152894,
       148284,  29443,  97207, 151013,   8120, 120175,  96633, 127237,
        15051,  35128,  75622,  62877,  61309, 113526, 108292,  81579,
       133933,  30144,  39893,  61380, 133249, 121826,  54097,  26946,
        40083, 137349, 123386,  78802,  11395,  91887,  17035, 115500,
        21904,  36269, 138944,  47671,  76742, 141802,  52472, 143797,
        35249, 146268,  34534, 152020, 139195, 127181,  27839,  25794,
       105050, 101191, 117214,  89209,  86347, 139052,  11426,  89246,
       105012,  28517,  93509,   1920, 107054,  33967,  74191,  37413,
       149629, 139465,  84081, 126831,  24219,  42676,  84895,  79510,
         1378,  16541,  40536, 101616,  66509,  85609,  91359,  48342,
       121662,  73072,  48223,  68743, 124681,  24577,  77538]), array([118520, 136607,  43890,  54845,  89580, 124152, 131071,  43602,
        60849, 153409, 143137,  71200,  97693,   1892,  27342, 134980,
       117592,  60943,  49329,  79863,  60827, 113086,  46336,  39255,
       133562,  45684,  50900, 133426,  32829,  29102,  85563, 139094,
        72214,  52174,  11077, 132033,  28535,  71613,  45578,  68097,
        97786,  37282,  17775,   7794, 153912,  85568, 107995,  42783,
        88829,  49558,  59848, 133591,  88682,  44688, 106450, 109953,
        75609, 111361,  67134,  72396, 115789, 115939,  11399,  31387,
        59808,  89114,   5613,  31131,  62032,  64425,   7471,  66899,
        28978, 121430, 109245,  63625,  42837, 125611, 129942,  67143,
       111862,  83261,  65402,  90953, 130935, 105369,  64265,  45379,
         5503,  62184,  73957,  22794, 106213,  87555, 126873, 113663,
        10577, 125935, 131511,   4754, 108550,  88782,  23141,   7894,
        74023,  36462,  35370,  85912, 149282,  74239,  17899,  34135,
       101650,   9279,  61082,  77554, 119670, 126476]), array([110337, 132598, 119424,  41678,  37725, 141701, 112637,  20283,
       123268, 150619, 116123, 103673,  68782,  37838,  65983,  52608,
       117442,  95697,  87399,  95794, 149772, 115933, 103172,   2137,
        52357,  59106, 139610, 101779, 119928,  53381,  69977, 128753,
       112881,  96226, 118991, 129111,  64488,  68344,  99745, 113387,
        65939, 111565,  30749,  64699,  15769, 152004,  16771, 144436,
        53013,  15847,  89759, 138277,  24312,   7404,   3254,  63607,
        54611, 123762,  14851, 146826,  24227,   4032, 129066,   7823,
        59014, 127230,   6464,  94460,   5433,  53253,  28943,  26365,
        73384,    772,  41402,  63757,  73614, 132437,  48220,  95623,
       129857, 105660,  50233,  31392, 152866,  37437, 116324,  88634,
       146034, 128476, 118334, 118572,  11430,  43046,  39672,  37081,
        71369,  87380,  66145, 117419,  67544, 100078,  44481,   1117,
        12590,   1671,  85978, 108446,  20535,  32146,   1772,  91415,
       134083,   5742, 103349,  39917,  66216,   9356, 138406,  57495,
       109284,  81772, 146539]), array([ 56748, 136178, 132428, 121960, 147559,  82632,  79580,  66344,
        86338,  78825,  86147,  21385,  60851,  71180, 124420, 153645,
        45732, 149151,  40933,  88874,  69705, 116132,    397, 140453,
       114919,  33542, 150289,  37288,  34607, 111127, 112215, 109031,
       139635,  11418,   3214, 142849, 135713,  70448,  15211, 101114,
       118842, 116636,  31006,  62587,  53828,  35519,  95102,  39981,
       136152,   2521,  65120,  13002, 139351, 128537,  72458, 142745,
       115712, 111582, 146745,   9935,  88615,  94524,  78694, 144142,
        26544, 142731,  13493,  82053,  52049,  55282,  64329, 148780,
         6884,  77386, 104257,  12905,  54697,  10162,  75555,  85811,
       140841,  42522,  75182,  63350,  29212, 102990, 117155, 139151,
       139294, 143182, 111951, 106174,   8873,  79907,  19766,  37812,
         6755,  26069, 149928,  30942, 137505,   9374,  17903, 122476,
       131493, 105569,  42741, 114738, 138855, 150076,  25610,  83821,
       139535, 120830,  38025, 148473,  51455,   9187,  74796,  93256,
       102790, 112067,  42930,  15350, 147159, 131600,  42928, 150451,
        41168,   6019, 133184, 114201, 102466,   3768, 118338, 125522,
       129695,  16197,  45689, 110992,  72409, 142232]), array([118869,  29707,  72660,  76880,  35469,  52958,  27328, 151459,
        40262,   7822, 135950, 126289,  73694,  53054,  76250,  58764,
        29335,  75343,  68336,   7651, 142081, 104947,  54995,  45774,
        28681,  44763, 141926,  95371, 142025, 107826, 143518,  25928,
        49385,  41452, 134020, 109667,  83977,  24765, 113648,  39379,
        12279,  51291,  64749,  97092,  14272, 146550,  69709,  36574,
          910, 107252,  27271,  49544, 121037,  98237,  92346, 135344,
         2541, 151066, 143112,   9807,  29368,  67496,  79842, 117936,
         6558,  90314,  41021, 145160, 110387, 115076,  69862,  64658,
       108615,  71597, 117710, 118636, 122901,  14613,  10938, 107328,
        72320,  51909,  51930, 114055, 126202, 105551,  55705, 153730,
        26325, 111658, 143726, 152074, 112420, 109824, 152868, 146335,
        39250, 112023,  66650, 118401,  34842,  92046, 129786, 138789,
        26240,  42253,  33864, 112809, 111443,  94166, 122924, 141166,
       107270,  55541,  75757, 123366,  47410, 100546,  59283,  38162,
        20901,  11973, 102417,  61654,  99809,  67665,  67190, 141609,
        13925,  87017, 141479,  74087,  36474,  94708, 133796, 130755,
       116501, 107671,  95219,  11564, 121080,  25499]), array([ 72677,  60884,  32878,  96145,  32300,  58498,  89695,  82455,
       106884,   3881,  28287,  49201, 109812, 107676, 151254, 136023,
       131078,  89472,   5210, 150358,  12045, 114451, 114711,  16151,
       105206, 149523,   1007,  79533,  90728,  80455, 113732,  91900,
       130904,  82034, 131391, 132296, 152603,  98800,  79134, 125813,
       110052,  20242,  80227, 108287,  24515,  75236, 108033,  87576,
        65688, 126337,   7025, 143478,  17195, 109020,  81798,  72438,
        62592,  68180, 134582, 135521,  46274,  81408, 150328,  65854,
       111970, 144253,  55038, 122705,  67144,  39577, 118160, 150562,
       131671,  95092,  60581, 133900,  98851,  71798, 133357,  59649,
       113961,   5553, 104602,  39321,  29391, 151261,  32377, 105902,
        49255,  64415,  66084, 146133, 131748,  58256, 117140,  15492,
        62397, 136353, 113496,  91224, 121682,  60262, 136146,  76177,
       140205,  25956,  47808,  44329,  53757,  78324, 113458,  41424,
        60434, 106638, 129108,  45179,  94401, 112706,  41722,  87477,
        86986, 133053,  68502,  48630,  86653,  84900,  89226,   2377,
        56502, 136420,  80799, 150916,  66124,  46162,  44979,  64865,
        18616,  34350,  37683, 137972, 116447, 110396,  32411,  78228,
       141271, 112357,  61449,  67937, 118168,  22045]), array([135952, 145004, 118377, 117492, 121446,  29993,  37170,  53046,
       114788,  60573,  50347,  10978,  54307,  87006,  55432, 112625,
        56786, 129610, 105474, 146497,  21358, 104751, 149889,   7782,
       113085,  16333, 142174, 148394,  15001, 109497, 130943,  60140,
        68288,  65883, 101697, 118362,  67056, 130729,   2260,  69630,
       129748,  89628, 137118, 127838,  65325, 129048,  45815,  56042,
       115004,  96659,   1873,  52373, 119783,  46533,  52571,  17514,
        82986,  24385,  83632,  48159,  15973,  92211,  79229,  19291,
         7236,  64420,  93689,  85363, 133368, 135036, 136753,  33101,
        78572, 152414, 140703,  61133,  92543,  17348,  62321, 148091,
       127349,  67579,  56747,  11002,  60536, 152995, 130255, 147872,
        95393,  22911,  38063,  88982, 118269,  46922,  43805,  77702,
        67298, 116377, 134197,  86941, 149330, 138081, 101041,  60264,
        38821, 148610,  18973, 140715,  71089, 117099,  65772,  52924,
       137391, 128191,  84050,  48437, 128080,  62289, 143292,  50747,
       128710,  24898,  43636, 141299,   9860,  54672, 120203,  97776,
        10565,  30024,   4097,  34957,  26998, 144171,  22226, 124920,
        44039,  20057,  70346, 151682, 131363,  42964,  71402, 100857,
        19051,  30788,  18790,  48525, 112168,  37850,  66804,  12073,
         8136, 118251, 133045,  83557,  57155, 102510, 104646,  67281]), array([  8560,  81379,  27706,  19730,  12509,  79411, 101400,  20285,
        37882,  72363,  62499, 123433,  52722, 134215,  86372,  64925,
        56077, 112381, 121153, 141522,  39954, 146720, 100411,  51803,
       100301, 144484, 146191,  32875,  44475,  87016,  30185,  70049,
        34509,  89117,  71064, 126456,  14356,  69224,  11734,  26783,
       118580,  28639, 118590,   4438,  53571,  54413,  85089,   8757,
        58645,  41214,  49774, 100079, 121963, 132652,  98506,  37325,
        14681, 145742, 108625,  72043,  26462,  18833,  58099, 146248,
        70975,  82962, 100469,  12892,  85419, 145918, 146013,  68179,
        19725,  18289, 133471,  56683,  76295,  17410,  58976,  83910,
        93559,  71913,  22822,  51228,  11114,  87979, 140763,  27853,
        56064,  85051, 134070,  33002, 146484,   6123,  74486,   8221,
       153471, 149820,  31087, 125666, 101408,  85576, 101005, 128036,
        14958, 133989, 149043, 113204, 106035,  63601,  37089,  34819,
         2328, 142915,  49658, 133737,  42662,   9080,  36644, 141902,
        96724,  97361,  30524,  79493,  90388,  78181, 149510,  48551,
       135899,  67915,  83153, 152972,  16558,  45749,  91408,  75221,
        61157, 108214, 111904,  28053, 136890, 130657, 137662,  90665,
         1896,  95570,  25719,  68761,   8176, 138433, 122793,  78470,
        85412,  44626,  50540, 137542, 147104, 112273,   8049, 146162,
       103986,  27115,   7756,  88517, 136187,  56730,  48733]), array([ 49569,  90933,  75217,  41259,  59563, 134743,   5242,  91916,
       149663, 151376,  32402, 140799, 106853, 150743, 153048,  10919,
       142326, 141441,  49821,  99760, 141679, 123584,  38575,   5806,
         3399,  89566,  37591,  44512,  52746, 121375, 137435,  71888,
       125834,   4439,  56885,  93478,  11560,  23426,  23596,  29940,
       145059,    503,  24640,  99471, 110324, 101303,  10124,   4378,
       147166, 104358,   7818,  48605,  60547,  56766,  24218, 102262,
        72453, 109308,  50059,   1048, 147014,  85369,  62161, 151743,
       125537,  81639, 117669, 143913,  81008, 129448, 140844,  38287,
        78718,  97322,  58873,  56615,  31093,  13565, 144691, 120236,
       129897, 125766,   4392,  39936, 137055,  15299,  33774,   7434,
       120934,  31380,  60466,  21726,  66045,  26250,   8396,  63769,
        74127,  20902,  28886,  74447,  17733,  47416,  64474, 142560,
        35596,  25716, 145664,   1416,  75009,  32205,  13250,  80321,
        42654,  99616,  84255,  37277,  84704,  28294,  67250,  33340,
        74569,   3317,  23456, 102623,  45160, 145598,   5017, 125575,
        11442,  82867,  78103,  73137,  29360, 123250,  48154,  31173,
        52823,  66772,  50282,  10773,  74416,  44581,  99158,  68837,
       149798,  41545,  66950,  51169,  72236,  22380,  31830,  73349,
        29042,  52028, 114649,  46637, 147904,  25434, 126266,  74209,
        43452, 142726,  38781,  26452,  37223,  42386,  96944, 147573,
       135254, 118346]), array([ 92122, 150586,  14068, 127598,  10069, 139961,  53171, 101488,
        48776, 131945, 150497, 133395, 138805, 129458,  77201,  47428,
       129465,  24957, 104822,   6047,  50949,  95456, 144389, 128909,
        95147,  44717, 113038, 122106,  73580,  92561,   1875,  85957,
        96439,  21069, 115269,  31250, 133679,  12060, 147466,  46976,
         1839, 148209,  93939, 119244,   9273, 107218, 135031, 134162,
       149002,  87995,  13169,  37338, 141279,  83076, 134019,  23144,
       148236,  31492,  94076,  97334, 107793,  88332,  13210,  81332,
       143124, 118735,  15766,  54051,  64744,  86868,  13588, 141152,
        82113,  46972,  72703,  33467,  31683,   4819,  19337,  38848,
       146823,   2839,  67637,  68438,  13326, 103428,  21544, 105783,
        37703,  80096,  59591,  87410, 132270,    277, 151730,  76278,
        22899,  93223,   6821, 125135,  92605,   1937, 143691,  17128,
       125233,  55035,  81191, 136204,  46150, 104463, 146120,  26893,
        74608,  26247,  72560,  85614, 118183, 118500,  48558,  21797,
         2736,  32116,  89244,   1519,  68078,  44166,  39326, 130500,
        22276,  44411, 139841,   9735,   8466,  35931, 102352, 100646,
       121209,  16880,  45246,  34604,  67444,  91694,  66593,  17898,
        11642,  32176,  66042,  11506, 102049,   7233,  94990, 105385,
       149249,  77057,   6542,  10637, 109072,  59414,  91488,  61237,
        96637,  93748,  14063, 137400,  37389,  54594,  19384,  39061,
        77215, 152887,  19858,  20099, 143196, 121165,  20931, 143368,
       149069]), array([114075, 132008,  64906,   4612,  49577,  93298, 144590,  87159,
         4619, 136572, 125048,  14206,  92600,  48017,  81017, 138212,
        90763, 106711,  63938,    600,  76182,  68529,  80637, 101364,
        25497,  89503, 127241,  71390,  89509,  94313,  12714,  60461,
       134467,  27791, 106456,  96614, 100562, 116397, 113897,  54731,
       106695,  45322,  75531, 117050,  28781,  95433,  83184,  80734,
        18654, 122397,  12063,  61600, 130149,  33469,  74086, 134028,
        82040,   1828, 121693, 125842,  46465,  17071,   6670,  63993,
        46840, 110139,  73208,  27124,   6176, 143269, 116826, 117829,
       114780, 146673,  61934,  93474,  49538,  56918,  72024, 140893,
       110918, 148664,  59524,  17223,  10775,  69095,  63888,  37927,
        24239,  24997,  73386, 102474,  65520,  10833,  24889,  68768,
        51837, 117147,  47367, 107569, 124285, 143058, 118388,  30770,
        30388,  90931,  45818,  46988,  58833, 120540, 101632,  54007,
        43787,  45072, 119055, 115100,  96200,  65384,  93971,  17043,
        80436, 109723,  42913,  66749,  20397,  45449,  59448,   7319,
        23900,  53899,  61188,  50207, 103888,  78521, 145081,  11460,
       141110, 121800,  94005,  52100,  39023, 138398,  58345, 126980,
        90846, 140314,  50018,  38147,  93290,  48126,  95426,  83128,
       103752,  17384,  89006, 122448,  98065, 140732,  30429,  41145,
       140975,  21847, 111259,  61392,  60181,   3628,  58395, 101937,
       110029, 151232,  29782,  74225,   9942, 124218,  97189, 128551,
        87385,  25641, 110994]), array([112097, 101879,   3005,   2932, 122251, 139910,  86368,  63085,
       106905,  99483,  69359,  33088,  26722,  26464,  49621, 129097,
        62178, 120251,  51945,  45174,   7138, 116969,  62798,  66757,
        23931, 135033,  21893, 121434,  59347, 127085, 116091,  27030,
        33265,  51010,  42498,  17672,  30721, 113601, 132863,  91081,
       141210,  39563,  21345,  38361,  10543,  17770, 121431, 138602,
        28288, 134842,  97769,  20258, 143815,  46233, 111267,  78422,
       140554, 132212,   1874, 134011, 131794,  45166,  56703, 148701,
       113962,  59653, 112196,  84109,  28042,  89255,  68607,   3764,
       147203,  12015, 149474,   1552,  79612,  53361,  83321,  13640,
         6962, 142016,  40359, 100128,  50275,  96211,  89424,  70832,
       152466,  25045,  14987,  27265,  17280,  53201,  38620, 136964,
        27129, 112194,  71770, 151049,  23805,  43191, 149499, 126267,
       109243, 128883,  81947, 101270,  19369, 147188,  66276, 101642,
        63034, 146442,  42105,  16841,  82248,  32682,  75903,  28834,
        62867,  43168,  57874,  28006,  48769, 140526, 116574,  37189,
       111907,  90509,   2865, 110005,  42388, 123734, 111083, 123891,
        92453,  53472, 138060,  55206, 123639, 129765, 147340, 111984,
        12302,  84465,  91974,  98206, 137779,  57189, 116897,  61915,
        30261,  39520, 116094,  55442,  27536,  12796,  38522,  27144,
       117362,   6066, 100493, 131827,  89351,  73060,  85366, 104657,
        68958, 109464,  89704,   1559,  28378, 113624,  97209, 115876,
        27148, 133005,  76667, 127145,  41267,   7013, 135053, 147866,
        77224,  53749,  85596,  21663,  18290,  71871,  96333, 137843,
        72426,  23867,   6275, 136608,  87295, 145447,  81938,  14688,
        40265, 124354,  81544,  60635,  91236,  36745,  76634, 142495,
        60508, 120551]), array([  1246,  19904, 120272,   3429,  61508,   9337,  66895,  98290,
       117090,  40397, 129140, 132832,  98964,  77524, 132829,  68403,
        27501, 145051,  26293, 107040, 138545,  59157, 134412, 131703,
        67514,  75685,  91583,  89971,  83055, 134277,  34247, 138173,
        49213, 119627,  90703,  22156,  41357,  23204,  96135,  53771,
       126694, 138375, 112140,  86069,  30426, 108252,  47891, 118825,
        92697,  23985,  41756,   8841, 142527,  25230,  15889,  30245,
        59882,  31076, 135772,  77438, 135305,  39565,  61604, 108164,
       149270,  96919, 139319,  53701,  25763,  67141,  93445, 140384,
         7262,  45871, 146516,  73937,  32095,  81429,  90747,  89661,
        84420,  32088, 139490,  88024, 103440, 139081,  86939,   1911,
       150631, 144796, 145381,    832, 141088, 112929, 117719, 100580,
        44697, 118956,  33964,  29632, 128366,  86160, 135148,  29619,
       104986,  88964,  11339,  23689,  92296,  40104,  46802, 127967,
       146992, 117845,  14336,  78122,  55385,  24304, 136732, 142768,
        59313,  38856,   9075,  79887,  59280, 106067, 124696, 107127,
       140585, 152997,  42439,  54412,  45497,  35642,  81005,  48277,
        69466,  72721,   1328, 101739,  35412,  70535, 133930, 145427,
       138480,  72496, 103771,   7507,  71055,  63360,   8428,   5529,
        18732,  61119,  55575, 135708,  44597,  81080,  79512,  48755,
       126457,  30918,  90900,  31269,   3781,  14967,  24597,  49276,
        20268,  15013,  39967,   9335, 130857,  37846,  55262, 134500,
       133030,  43444, 130076,  19243,  61120,  14429,  33601,  96163,
        91844,  17018,  85736,  53088, 111782, 135403, 128992,  35395,
       152755,  14636,  59969,  73126, 120031, 145089,  60010,  97733,
       133711, 113588, 116734,  42809, 101588,  61494,  14342, 138324,
        23477,  43239]), array([103635, 140788,  23206, 129051, 121685,  18728,  86452, 142992,
       106957, 127516, 121218, 114810, 149951,   9539,  86284,  73479,
       122240, 143509, 127993,  14392, 137340, 149256,  75814,  67458,
        64676,  57483, 116248, 139364,  48237, 136179,  81832, 116436,
       142642, 106718,  19748,  89504,  94573,  20471,  29162,  17967,
         5940, 109709,  79093,  24782,  48087,  99479,   2517, 125783,
        96639,  10874,  29129, 125053,   5913,  11172, 147139,  55217,
         6571,  32766,  13806, 115826,  64230,  19732, 120073, 111275,
       136919, 128586, 147168,  31557,  82523,  27206,   5389, 103799,
       146928, 102060,  90927,   3735,  77005, 113882,  67951, 133668,
        42632,  60306, 120834,  87765, 132902,  74659, 111322,  85318,
        42480,  69856,  42464,  18495, 131682,  46113,  75636,  12062,
       125267,   6743,  95733,   2239,  77065, 130750, 114951,  53261,
       150813,  55779,  27909,  38283, 131608,  27926,  83701,  30398,
        57921, 105636,  91036, 146584, 120688, 124625, 141171,  18096,
        84179,  91972,  16297, 101643,  85771, 145929,  81092, 111795,
       113887, 101484, 139472,  64326,  61846,  11561,  93825, 137138,
        73440,  30635,  44117,  79588,  45951,  70729,  71846,  75190,
        62721,  94865,  90861,  36953,  87950,  87569,  19592,  59013,
       131065,  43011,  93354,  15092, 147010, 107503,  52232,  90729,
        12155,  69998,   1775, 146676,  17960, 138924,   8671,  34602,
        56865, 136113, 147336, 131416, 102222,  76676,  26115,  25529,
        29223, 131018, 149709, 125917,  18209, 121168,  45757,  74944,
        67299,  26717,  70256, 144119,  66796, 100216,  69193,  64824,
        79111, 114326,  49286,  28587,  61477,  82254,  37664,  39568,
       137174, 139797,  35679, 125008, 138313,  38209,   7201,  94164,
        88535, 132355, 118008,  24882]), array([137920, 123480, 129413,  76981, 145463, 121977,  98753, 126319,
        26172, 153466,  81984, 143842,  36818, 145520,  89856, 130195,
        67828, 120109,  13278, 118790, 131112,  26453,  73289,  82195,
       123073, 104363,  50170, 121867,  32222,  63490, 146495,  29298,
        85156,  19629,  98293,  70584,  82156,  81176,  20452, 101868,
       114187,  90206, 111153, 129236,  53905,  73624,  11203,  57666,
        28833, 128338,  11282,  90368, 125270, 125024,  52038,  62354,
        11778, 109338,  45893, 152628,  41803,  13715,  43621,  62253,
       130397,  70909, 137295, 152239,  96011,   3431,  85620,  18741,
        11758, 103916,  46394,  31049,  36813, 110034, 107867,  22930,
        57651, 108880,  85182, 144898,  22462,  87608, 146317,  45212,
         4420,  14852,  41700,  79737,   4727,  12609,  67608, 122979,
        42017,  69162,  85079,  50722, 133346,  78254, 124312, 143241,
       122137, 140647,  39580,  32224,  99257,  97888, 109670, 145449,
       100880, 141048, 145385, 135630,  31658, 104944, 121912, 140341,
       147880, 152302, 145031,  90378,  15974, 116788,  47992,  78216,
        39523,  58776, 127996,  22232,  59855,  23870,   5757,  77766,
        62187,  12812, 152250,   8540,  81867,   5152,  51492, 115652,
       134111,  40591,  45865,  91448,   1866, 131483,  61643, 105934,
        22335,  41720,  24423, 133428, 123341,  52836,   4792, 135773,
       151268, 136150,  91473,  79792,   9651,  68954,  76019,  16736,
       146281, 132778,   1650, 130138,    853,   6799,  18504,  33111,
        96547,  33620, 112921,   2992,  17078, 107494, 150655, 121187,
       127508, 123768, 136508, 131596, 104371, 111466,  99810,  59934,
        46366,  13262, 100456,  71367,  92527,  59268,   9878, 149008,
         2985, 104051,  13217,  84505,  29585,  81130,   9596,  73224,
        58840, 125131,  67871, 131255,  76099]), array([145640, 122200, 114448,  92663,   5919,  95266, 115513,  80810,
        45891, 101304,  19821,   5871, 122294, 142299,  25871,  57329,
       150008,  77423,  37996, 122876,  10277,  86394,  80392, 132735,
       108275,  53490,  50795,   6010,  94107,  80845, 103241,  44565,
       124160,  18047,  12362,  49254,  75793,   7749, 122660,  90079,
       131294,  95369,  36823, 101920,  37163,  51935,  92262,  65151,
       143172,  87733,  83133,  47960,  87326,  36315,  95134, 127132,
        84749, 103476, 125180, 140771,  37755, 140719,  98162, 151959,
       131764,  45080, 118071,  85018,  48513, 131228,  63946,  41244,
        57806,   9677,  33268,  30460, 124268, 100997,  17241, 142620,
       121828, 131084,  77170,  61230,   4697,  19163,  23924,  12655,
        69006,  13635, 102574,  73106, 142832,  95658,  45169,  50481,
        93228,  65710,  65041,  31920,  89386,  75364,  38476,  80580,
        65224,  98402, 116417,  90179,  13455,  64166,  30412,  17157,
        79677,  93330,  23586,  84141, 138155,  11475,  79133, 105545,
        34968,  76362, 135169,  13040,  37442,  86447, 116829,  63658,
       153057,  19310,  95609,  51882,  41943,  93077, 122748,  21339,
         7177, 148781,  15989,  64023,  43761,  41129, 115467, 148293,
       140139, 110931,  91438, 143861,  54283, 108056,  49849,   7359,
        43845,  30591,  14087,  90823, 111161,  86389, 110193,  29927,
        83905, 107106,  17545, 147934,  37375,  20628,  82679, 123697,
        47265, 114215,  22560, 134208, 103325,  40803,  48145,  21705,
        87443,  15735, 118472,  91442, 130609,  50184,  51752,  86802,
       122585,  76149,  73248,  86850,  95792, 144189, 137838,  42146,
          716,  62708, 137398,  31909, 131012,  32743,  41448, 149079,
       131218, 136725, 124349, 127480,  94098,  57485, 123914,  89768,
       126245,  79482,   5312,  67945,  79046,  78288]), array([119609,  62738,   8058, 149005,   7632,  29692,  54484, 109223,
       151292, 126976,  75659, 126979,  58034,  69439, 106584,  84737,
        17202, 134560,  32144,   4705,  55473,  72511, 119425, 146314,
        32019, 149029,  40301,  74650,  56471, 100026, 146675, 149186,
        73960, 150272,  78310,   1513, 138238,  44270,   7485, 113437,
        86697, 109938,  48250, 120828,  81452,  54447,  76342,  99506,
       120080,  71839, 134971,  96423,  68578,  94875,  44844,  80919,
        66614,   9520,  26826,  49791,  45725,  66787,  40108,  11994,
        81086,  60648,  84219, 114667, 114143, 145961,  84406,  34796,
       134181,  30648, 119536,  23607,  75807,  87803,  63056, 131075,
        60559, 129628,  79782,  23641,  82976,  24059,  79800,  97368,
       104580,  42521,  31899,  16946, 153219, 127205, 139372,  90981,
        71222, 111912, 102368,  68770,  45092, 113973,  81437,  15262,
        44595,  23957, 101891, 118318,  60858, 110078,   7268, 132202,
        28856,  16881, 142984, 115821, 146572,   3891, 133821,  69334,
        15093,  99120, 148363,  74415,  81808,  75591,  18895,  84307,
       106148, 144107,  15271, 136781,  64543,  77385, 126662,  22629,
         6142,  80550, 140807,  62608,  79788, 137085, 147742,  37457,
       132206, 128765,  37773,  53530,  87353,  13768, 118244,  37224,
       140804,  93296,  52878,  42215, 135936, 132509, 101340,   6680,
       147787,  23227,  79747,  23663,  34721, 146128,   4465,  47571,
       130414,  92808,  97701, 120407,  39215,  91279, 126141, 113556,
        36215,   6263,  28730, 144614,  41814, 144589, 138808, 112551,
       109407, 126934,  76937,  32779,  86648,  63088,  54174,    708,
         7297,  88766,  67025,  88131,  59545, 116024,  24598, 115912,
       115122, 125129,  95256,  91896,  69361, 134510,  37201,  11660,
        42919,  24558, 108179, 123157,  98525,  85321, 153510,  16614]), array([114061,  24160,  35851,   3321,  76515,  57599, 139145, 109910,
        50953,  69694, 109624,  59452, 113207, 133054, 142448, 140509,
       122469,  13032,  76492,  13077,  98409,  41153,  16137,  52905,
       139226,   3963,  72493, 141078,  27145,    957,  54475, 121466,
        44057,  27396, 112239,  72838,  84861, 144401,  18641,  63099,
        83368,  45782,   5673,  88595,  90816, 140930, 147636, 115850,
       115792,   6356,  53975,  91444,  47287,   4786, 113386,  64050,
       101916, 125001,  41497,  84140,  10723,   8313,  98218,  14234,
       115361, 113912, 135057,  89545, 147006, 126231,  57511,  40721,
        73758,  50629, 139707, 122348,  83727, 117436, 152459,  10087,
        34980,  51490,  50692, 125502,  41095,  87949, 113214,  50385,
        40601,  82423,  55377, 138213,  30714,  27127, 130591,  33976,
        17006,  88679,  36731, 149292, 149512,  74686, 131746,  42856,
       151984,  59950,  58396, 110518,  53962,  15761,  87470,   2164,
        98641,  70092,  41191,   3725, 135242, 140761, 113778,  35677,
        80253,  63256,  47358,  83544,  29409, 147683,  17594,  61181,
       109625,  45845,  49500, 128789,  26812, 139391, 126108,  45130,
        57022, 148943, 109227,  98243, 146831,   6859,  99281,  32275,
       130560,  10802,  59928, 122203, 149185,   2007,  91155,  54284,
       112590,  83049,  81328, 124373,  19722, 104690, 134794,  11743,
       141275,  42551, 151276, 109158,   9797, 120131,  64727,   9720,
        48204, 132375,  45883,  59323,  54534,  51084,  44925, 135922,
        38387, 126113, 124973,  45599,  35550,  84137,  77031,  74883,
       102437, 102619, 102692, 141420,  45143, 107366,  60058,  11804,
        74186, 147780,  58187, 126363,   1599,  66447, 137547, 122991,
       119115,  11468,  41945, 131972, 123106,  59130,  78281, 108909,
        87143,  64981,  90836, 106594,  68747, 101054, 102462,  82984,
        48510,  98418, 132854,  97502, 122334,  81186, 101036, 102665,
        16667,  54895,  87553,  58804,  57713,  30319,  43517,  88326,
        18223, 109379,  35778]), array([141971,  18747, 153513,  53371, 133647,  91676, 115224,  58228,
       121008, 129749, 152398, 127833,  37873,  68395,  43800,  59472,
        34401,  74059,   5008,  65262, 152703,  48101,  40953, 137419,
       114688, 126995, 145234, 126672,  54262, 144793,  68343,  72667,
       118975,  34213,  24244,  34590, 136335, 143683, 122690,  59088,
        66457, 132427, 144226,  69206,  83312,  64862,  29172,   6283,
       114682, 147772,  48837,  24518, 107713,   9297, 151890,  91156,
       146089, 115073,  39711,  41400, 130938,  53376,  38033,   8727,
       121389,  33361,   2268, 133697,  37816, 117156,  16869,  33051,
        87639,  88377,  32186,  28913,  10484, 122085,   8840,  45563,
        75160,  43204,  11321,  34896,  83226,  33977,  68029, 145979,
       119611,  87315,  26472,  81812, 118088,  60900,  85356,  82683,
        41640,  13480,  57252, 104004, 119894,  55400,  13234,  92354,
       103957,  59708,  18384,   4749,  68698, 105401, 122557, 153820,
        16874,  31517, 112761,  31825,  98277,   6087,  12047,  37775,
        34593, 111100,  22613, 106278, 128246, 152873, 101108,  24683,
        56458,  71051,  50817,  45696,   2465,  47602, 146355,  73185,
       110131,  43090, 117432,  94621, 123322,  45206, 129712,  91287,
       146340, 111077,  99202,  65931,   8006,   4405,  14609,  40195,
        97421,  24180,   5578, 135516,  43570,  20759, 118056,  56614,
        68683,  28933, 129188,  30985,  71791,  50956,   8684,  10394,
        78972,   5698,  69183, 141488,  57605,  50079,  56231, 153101,
        96089, 139601,  19476,  75355, 110184,  47304,  77321,  96415,
       108184,  30051,  61899,  11413,  13997,  78221,   5286, 121663,
       136956, 144930,  33649, 106361,  25625, 100952,  47841, 139930,
        33891, 115906,  55449,  82901,  72867,  99084,  60041, 106297,
         4636, 120347,   3340,  46553, 114057, 143953,  17894,  27823,
       102934, 148566,  90231,  36682, 109661,  79225, 115343, 120287,
        19717,  86012,  68036, 124728, 119091, 150776,  46708, 108778,
         3159, 118361,  31368,   5271, 135128,  77817,  55975,  73328,
        27867, 144457]), array([ 62477,  69310, 135805,  78210, 124491,  33052,  14363,  52379,
        90379, 105453,  58275, 140401,  50867,  45792,  40962,   3006,
        39536, 142362,  30642,  34229, 143039, 118455,  68831, 130196,
       144779, 102295, 124143,  38058,  75886,  36689,  57908, 108178,
           74, 120678,  21235,  55274,  33172, 116996,  21034,  93180,
       116755,  20724,  49214,  76622, 103905,  71332, 145400, 140468,
       110868, 127173, 134262, 106764, 119713, 151159, 117971, 141703,
       123749,  35947, 151297, 123103, 118677,  82180,  78462, 103879,
        22230,  63128,  44793, 122526, 144575,  89755, 136546,  97180,
        33383,  20811, 153639,  62058,  18637, 123214, 106525, 112938,
        35518,  44783,   9685,  76404, 150108, 137217,  70280, 127711,
        58752,  72771, 137170, 137932,  18612, 119105,  44091,  36158,
       131880,  65352, 117823,  91247, 115265,  95771, 141221,  38750,
        93571, 115036, 147978, 152452,  56349, 135073,  95698, 132990,
        15391,  26281, 146567,  46619,  91469, 129470,  46904, 152123,
       151033,  73180,  56221, 123310, 144551,  38638,  72353, 145040,
       128744, 127890,  22328,  19811,  12043,   5197, 101858, 124531,
        58277, 115216,  93220, 149361,  62574,  93700,  40131, 101869,
       146884,  16383,  23042, 117603,  48467,  32904,  76482, 122530,
       133685,  66508, 133236,  83649, 146747, 139320, 106322,  48034,
        53394,   5303,  77393,   5475, 150195,  21854,  88059,  98459,
       103502, 100716,  64734,   6998, 101960,  83852,  17408,  36481,
        38484,  45438, 139129,  62254,   1511,  20341, 144647, 109425,
       137350, 125703, 126391, 101434,  51700,  53839, 131909,  65379,
       117032, 114023,  12472, 147736, 120282,  28514, 117397,  89869,
          616, 101313,  58857, 109123,  43432,  19557, 115992,  34130,
        27575, 137638,  35207,  36993, 121068,    128,  23731, 102975,
        45575,  50938,  11004,  67799,  65749, 118855,  68332,  16182,
       128177,  75272,  25444,  34964,  65923,  55408,  98737,  24661,
       123188,  55605,  82337, 136470, 139570,  14190,  19460,  35071,
         6021,  53378,  36477, 119896,  23982]), array([110507,  28089, 106397,  38537,  36005,  73470, 113444,  87241,
       116808,  21494, 108259,   9729,  12994,  70892,  33908, 133841,
        80173, 144315,  98207,  91177,  78476,  85580,  51355, 147118,
        96207, 144748,  30934, 133687,  51560,  74513, 137357,  14175,
       132464,  52633, 133126, 147111,  33262, 141034,  75985,  40426,
        32981, 116497,  50648,  84857, 142665, 147273,  79855,  87391,
        21710,  83303, 139335, 104487,   7864,  11929, 116422,  71522,
        88355, 128526, 132481, 128135,  44161,  16848,  47550,  32526,
        16352,  44143,  26114, 128564, 116036, 126430,  53961,  27883,
        52011,  57689,  13374,  68437,  20821,  16027, 152364, 111047,
       141140,  29753, 128875,  76076,  15076, 113466, 145583,  22943,
        59113,  62975, 108454,  78623,  20145, 120380, 131977,   9328,
        49058,  87363,  86283,  37332,  47607, 124087,  54408,  62778,
        45045,  44309, 143213,  16853,  81132,   8147,  74452, 140984,
       125868,   4239, 106237,  82610,  50714, 136396,  64853,  21728,
        17834,  81246, 140569, 149316,  13791,  66807,  88163,  29132,
       106771,   1097,  80542,  71387, 129760, 118929, 118330, 126661,
       149114, 152342,  74537,  66355, 121793,  27059,  35499,  70179,
        69269,  46433,  84242,   9343, 100228,  70282, 123904, 143773,
       118260,  68653,  53563,  30650,  45687, 125624, 127440,   4087,
       122409,  57525, 100711,  53918, 126336,  94515,  62435, 110689,
        83025,  43882,  88728,  71859, 105277, 128207, 118310,  16346,
        38141,   2594,  82353,  86287,  45570,  17144,   9774, 102899,
        40275, 103020,  48105,  32259, 143958,  67776,  62903, 127291,
       133876,  99717,  12257,  94825,  25952,  48445,  48130,  52623,
       125552,  83460,  30431,  36491,  78615, 136047,  93360,  22592,
       137639, 112375, 113767,  49981,  31363,  51879,   8984,  21092,
        66645, 147629,  87191,  82128, 129820,    610,  24125,  87174,
        75663,  69312,   1428, 134429,  71672, 143606,   6394, 130045,
        67964,  42135,  55187,  97495,  70685,  21887,  51526,  72576,
       117947,  63359, 144869,   2572,  58412, 138090,  86854,  80858,
        87769, 104840]), array([139760,  68076,  98668,  66269,  24188, 149212, 112435, 131758,
        67218, 152093, 120953, 130312,  53205,  90675, 133781,  14172,
        39831,  67257,  63303, 149671, 134972, 138062,  44775,  76804,
        22563,  37020, 102021, 118037,  27582, 127202, 109422,  51405,
        43855, 129506, 124512,  66707, 107761, 137211, 136927,  95086,
        38145,  45201,  24007,  35819,  62633,  80037,  88516, 136337,
        55106,   8410,  24127,  34345,  66805, 132541,  60704,  54866,
        21635,  74259, 110816, 118366,  96421,  18937, 137853,  78756,
        35556,   2509,  79561,  50508, 106761,    727, 117568, 136760,
         7405,  15740,  36973, 133417,  69942,  46683, 118078, 136148,
        16219, 131824,  64808, 126895,  22255, 150263, 116702,  65647,
        27413,  56178,  70578,  79942,  14082,  26045,  53629, 136461,
       146740,  56912,  25098, 121646,  20912,  23772,  30216, 142801,
        14551,  60543,  24927, 134981,  82932, 149773, 131935,    265,
        40176,  82332,  37351, 126067,  72045,  50053,  15390,  88622,
        21555, 140344,  44752,  79056,  23119,  57358,  96253,  13402,
       126224, 149315,  40390, 130082, 143755, 117316,  16728,  27402,
        15249,  97802, 118348, 110761, 115396,  46760, 108066,  34124,
        67271,  87488,  20022,  55467,  70725,  35546,  39909, 114956,
       142402,  68314,  95499,  63066,  18464, 114180, 141619, 145570,
        60733,  62328, 134240,  30359,  37870,  80167, 109016,  11679,
        13854,  14136, 145050, 147628,  51984, 147177,  65821,   1480,
       120496,   3319, 142521,  49589, 111474, 110332,  78307,  99220,
       143121,  33780,  94078,  25232,  65598, 116296, 137463,  34742,
        50769,  85854, 141885,  73073,  27049,  94615,  55086,  26465,
       142197,  53007,  12517,  92009,  25510,  23733,  10974,  59411,
       135684,  39597, 109049, 108207,  46492, 101806,  96087, 136744,
       110357, 122458, 104756, 110784,  97237,  63129, 121081, 111955,
        34613,  38018,  84796,  46691,  13038,  17937,  82541,  18054,
       109766,  33048,  42029,  54822,  61648,  84000,  73525,  45895,
       122808,  86834,  53880, 147511, 107237, 142123,  94680, 141481,
        10881,  45558,  83193,  23153,  68010]), array([ 79088,  40912,   8077,  82031,  66404, 152957,  14662,  89669,
        45216,  67047,  74284, 102791,  84331,  13611, 128332,  75632,
        98178,   4965,    424,  55881,  57972,  33940,  43484,  28610,
         2400,  41398,  87198,  70276,  83375,  58787,  49672,  28976,
        40605, 131497, 135577,  78864,  50751, 130097, 104872,  73132,
         4750,   4017,   9784,  98120,  44826,  27446,  34492, 105323,
         1535,  66323,  41538, 100935, 110100,  14695, 109821, 114232,
        87267,  88277, 121243, 123808, 106295,   3663,   1281, 113161,
       134082,   2676,  72581,  55103, 121058, 141957,  53941, 101979,
        85433, 109775, 125759,  33591,  33507,  37671,   7189,  21123,
       120747, 129489,  34427, 116845, 124875,  82129,  19834, 103698,
        11347, 110161,  37939, 113703,  57762,  59836, 112835, 106993,
        79504,  23790,  88492,  59047,  78367,  60411, 144495,  35877,
        98166, 121386, 117769, 112657,  51073,  83564,  80030,  41264,
        56400, 102843,  49806,  54191,  35547,   7308,  50856,  63091,
        56627,  14030,  87354,  91270, 144629,  69001,  53599, 143924,
       135576,  14549,  64582,  59860,  95210,  14246,  22935, 142291,
        45939, 132701,  47255, 141519,  97521,  13256,  43635, 104742,
        88221,  58041,  10169,  15532,  52860, 136997,  71274, 130794,
        60788, 120993, 119583,  64924, 106967, 110258,  53325,  89561,
       106078,  45260,  57827, 120297, 140802, 111301,  92039, 111593,
        70682,  19113, 107272, 151332, 114962,  66830, 140390,   9360,
        81988, 137048,  45928,  83994, 108509, 129166, 121725, 130740,
         5136,  66391, 124024,  64010,   5599,  63304, 135100, 115535,
         3253,   8996, 120093,  62868,  40712, 135102, 108669, 146597,
        76059,  20978,  32471,  11616,   1357,  36835, 130714,  49566,
       140921,  84985,  29366,  75433,  48801,  48824, 144344, 109257,
       131438,  84514,  43393,  16111,   7450,  42621,  70440,  53483,
       129508,  59342,  16542,  13625,   2689, 108328,  65724,  75376,
       128507, 136258,  62543,  51609,  59769, 108692, 133706, 122850,
       141640,  87962, 145196, 152842,  54797, 134944,  39102, 122062,
       104645, 117724,   6298, 139937,   7128]), array([ 13161,  98306,  94495,  33517,  15846,  49339,  26123, 117670,
       151133,  67109,  80013,  75446, 109612,  69295,  67531,  59921,
       108605,  99013, 118567,  26799,   7144,  80684, 145531, 114605,
        22188,  31218,  63907,  68085,  26305,  56760,  86046,  33727,
        59402,  53286, 139827, 112975,  77149, 100671,  61246,  53143,
        15459, 137507,  73223, 111303,  35542,  11569, 109431,  97594,
       145963,  88023,  21957,  45983,  32810, 142544,  13663,  17366,
         3862,  61858,  96934,  55231, 104517,   3352,  11873,  43718,
       141575,  70820,  46678, 114678, 103886,  63072,  65085, 145732,
        15909,   4563,  61827,  64947,   9879, 134052,     80,  92773,
        43572, 126986,   5598,  48235,  30251, 141087,  59865,  36987,
       134912, 145879,  85968, 125631, 138794,  13291,  67259,  29439,
        51694,   3287, 135859,  27795,  75453,  63905, 101262,  99856,
        61129,  79593,  27899,  26666,  88312,  79860,  59705,  22950,
        51724,  59595,  32003, 110588, 117941,  75049,  86108,  68305,
         2021, 106704, 146956, 112383,  27567,  12544,  75558,  28568,
         2026, 122464,  88198, 112963, 104293,  54725,  88102,  39715,
       127460, 127673,  86254,  57359,  93389,  28542,  40161,  51489,
        72930,  64570, 130175,   8062, 121887,  96275,  97648,  10463,
        68537, 120974,  51922, 105046,  55765, 118656, 144730,  28180,
        76272, 148400, 149027, 144740,  52149,  29196, 128721,   5424,
        23420,  24837,  35662,  79262,  99682, 125823,  95352,   8455,
        47296,  83424,  49140,  29564,  42905,  88807, 140868,  29028,
        66069,  38456,  72785, 118773,   6490, 142582, 111298,   7773,
       100712,  95582,  53132,   9274, 150957, 117297,  48167, 115903,
        89176, 135954, 124753,  16598,  50074,  96665,  23142,  68593,
        26428, 110231,  68767,   7976, 148417,  98760, 134782,  78395,
       114155,  56041,  69225, 147700, 113537,  87115,  47613,  85107,
       112162,  54543, 115863,  46073,  80695, 103453,    625,  30403,
        75141,  25533,  32470,  12210,  35771,  37059,  43685, 112810,
           54,   6716,  26314,  28474, 120081, 152196,  17075, 129860,
       137075,  22674,  91636,  18850, 148000,  48841, 138552,  88524,
       135312, 120782, 122994,  76446, 149592,  40147, 115436,  44035,
       151822,  30290,  47540, 134027, 113240,  95558,   2195,  39141,
       127406, 106285, 105222, 153479, 113620,  78161, 102289,  34411,
        26324,   9152, 145973,  15452, 108542,  45947,  96289,  22826,
        24316]), array([  9166,  53191,  64592,  11356,  48217,  85565,  29228,  89845,
        40004, 153164, 130330,  58326,  57503, 102048,  28469,   6049,
        23106,   7045, 109570,  52624,  29250,  11445,  79918, 143761,
        13095,  17273,   2505, 117614,  35803, 120447,   2287, 117824,
        51645,    218,  31274,  78805,  93281, 141453,  39210, 146914,
        29745, 146124,  74340, 125906, 151425, 107200,  70696, 153397,
        64875,  85801,  49822, 115324, 143952, 100604, 128941,  18940,
        70726, 102888,  82939,  49598,  40327, 124115, 102844,  93004,
        60793,  77270,  66471,  60204, 142736, 149904, 149633,  98107,
        61810, 142575, 110947, 100779,  93201, 117715,    216,  34131,
       122783,  14354,  87518, 114438,  48725, 129825,  80445,  64908,
       107610, 149986, 118838,  17944,  19045,  82510, 147537, 124261,
        15934,  42940,   1321, 116694,  35227,  55487,   3654, 150176,
        75690, 119197, 130709,  99192,  87991,  62110, 123437, 109744,
        30764, 149198,  80058, 107217,  57137,  74682, 105880,  50655,
        12611,  34027, 106425,  47165,   5990,  32361, 144357,  54717,
        21920,  48562,   4916,  39451, 123818, 113441, 127655,  52043,
        74369,  73145,  90826,  79092, 124224,  41746,   1762, 112851,
        68493,  65815,  46376,  64372,  98948, 139965,  85624, 152408,
        41723,  11196, 122042,  91790,  85970,  69373, 114470, 126956,
        24197, 139023,  99518, 113359, 150812, 146609,  89754, 141406,
         5766, 135901,   3208, 140364,  92120,  15527, 100206,  13867,
       110951, 149280,   1773, 138510,  15752,  77565,  69296,  14250,
        36969,   1409, 141708, 139102,  22187,  18191, 137584, 142218,
        11674, 114487,  27720, 108095,  87590,  84026,  31744,  10879,
       128857,  34531,  98942,  70509,  64752,  30604,  52234, 126312,
        53420,   5395,  92088,  18861,  89371,  83329, 121720,  69137,
       131664,  78043,  60726,  48375, 106744,   5020, 149238, 102851,
       149805,  50104,  60416,  67829, 117018,  19082,  42527, 149214,
        27903,  54736, 148523,  32111,  79359,  84860,  24920,  68108,
        85544, 137643, 104449,  36268, 114948,  39671,  35191,  68868,
       153167, 145237,  78547,  52108,  10792,  41176,  91956,  45167,
        24141, 140652, 101929,   7733, 113291,  68938,  11381,  29814,
        73456, 151314, 140366,  50570, 124165,  54295,  76225, 120113,
        53400,  76021, 147947, 110224, 131736,  48399,  82811, 103064,
        47556,  13537, 118456,  90467,  56724, 127919,  85373,  91357,
        12957, 145112,  53644,   1487,  33479,   9633, 110618,   6525,
       101297, 100364,   2619,   8847,  69583, 142263,    522,  61743,
         7046, 111930]), array([  2105,  10228, 127306, 151598, 120330, 113222,  48719,  67645,
       150211,  54076, 121002, 153847,  44873, 133222,  18963, 129038,
        18426,  89292, 129225, 129305,   8448, 126588, 146161,  27607,
        11901,  82056,  43159,  57369, 138268, 145337, 141191,  71211,
       152401, 121495,  85727,  40543,  86238,  92612,  58667,  24981,
        80400, 151610, 145892, 125967,  33480, 105052,  80133,  58570,
        22954,  30737,  60755, 137194, 147516, 117953,   5925,  27353,
       143495,  87063,  60403, 140944,  33471,   5016,  16078,  21356,
        77604,   6700,  46752, 147085, 133734,  87028,  21242,    341,
       145371, 128578,  37415,  48259,  59428, 110669, 149916, 153261,
        23725, 134847,  10892, 111537,  37166,  58549,  31929,  18353,
          163,  55444, 146717, 145115,  66240, 124892, 153134,  57156,
        43638,   3425,  52132,  38991,  12218,  93842,  22987, 108148,
        94456,   2998,  13004,  32227, 128179, 136033,  22491, 105725,
        24211, 133905,   6613,  68202, 109340, 141606, 104689, 108478,
       136155,  19809, 132429,  17730,   9408, 121718,  23297, 150983,
       142278, 101093, 134132, 152766,  57407,   9239, 129572, 111754,
        30949,  84730,  51425,  20445,  16517,  21359,  54771, 110807,
       151928,  23237,  46237, 139160,  44629, 122109,  39168, 119365,
       114034,  48848, 134614, 127747, 127977, 120852,  57914,  40743,
       148476,  94317,  89449,  93749, 110470,  38030,  92264,  92877,
        90505, 118993,  73330,  24623, 133899,  28665,  49002,  77793,
       108914, 129697,  67007,  40718, 142751, 138553,  20964,  71967,
       111040, 132216,  77799,  58176, 135526,  32817, 127762,  36044,
       137338,  61320,  72621,  10240,  95786,  71900, 141745, 103505,
       110613,  59655, 145231,  99022,  53576,  10000,  20141,  39478,
        81441,  78942,  93658, 119960,   2852, 152276,  72797, 148347,
        87864, 131189,  10147,  13013,  42679,  35563,  32015,  13152,
        92124,  45354, 135599,  52352,  68477, 112833, 127044,  84064,
       134089,  66580,  40573, 121255,  39780, 119300, 150061, 108958,
       145777,  93260,   3689,  18118,  60265,  26090,  18885, 133736,
        34379, 119447, 123933, 103661,  41941,  62385, 125429, 109112,
        41403, 142410,  10111,  65080,  96840,   8592, 124050,   5636,
       141494, 149559, 103845,    382, 120001,  94408,  85967,   8080,
       100722, 118597,  51557, 145744,  26179,  33750,  36796,  31393,
        10825, 134374, 132020,  59834, 137904,  48942,  27982,   5211,
        62135,   3805, 106458,  37804,  88415,  16683,  83916,  78257,
         9621,  64823, 153694,  45765,  62573,  31963,   2092,  11432,
        68045, 111035, 104812,  58832,  71731,  94691, 132175,  66107,
        12856, 134580, 145360,  96336,  28249,  10860, 108941,  44953,
       119070, 105639, 120861,  55914, 107710,  49640,  80121,  84979,
        44545, 120405,  79519,  74851,  49745,  17089,  88765,  87456,
        98351,  39375,  12180, 148923, 100956,  52604,  32020,  50923,
       129803,  83875, 110015, 149757,  24280,  32189,  74771,  28300,
       104551, 115883, 142497,  11584, 129662,  59918,  13708, 148751,
        76587,  52457, 146189,  77930, 100278,   7067,  10506,   3930,
        68229, 124758,  21725,  47786,  92559,  49115, 153273,  80854,
        92447,  99920,  21306,  93316,  67752,  33237,  18448,  51706,
         8087,  48660,  29492,  17069,  63385,  84540, 149970,  24035,
        50778,  34190,   7648,  31684, 128170, 109347, 102121,  82314,
         3097, 105467, 149023,  34928, 117977,   7995]), array([141571,  84680,  19877, 153217,  56803,  99508, 129795, 136215,
        62344,  93766,  34170, 117038,  28837,  70592,  33263,  64129,
        52331, 140460,  64261,  81495,  91913,   8649,  76096, 139277,
         5370,  96190,  43852,  36769,  91453, 153121,  54259,  87103,
        75574,  73739,  58250,  99569,  59466,  38768, 103340, 145771,
        43553,   6326, 104333, 107434,  43834,  84745,  78680, 128200,
       118764, 153058,  24377,  26415, 132609, 139748,  78822,  78906,
       138713,  16940, 120556,  20324,  43145,  62430,  36783,   3383,
         2844,  65245,  94563,  44382,  91970, 109367,  37463, 114592,
        68170, 104904,  74108, 132873,  43896, 102283, 121522,  73717,
        25651,  67811,  45745, 124071,  69127, 144266,  91806,  90326,
        50863,  55543,  67884,  75423,  44594,  33162,  68506,  76883,
        54402,  77510,  14690, 125031,   8364, 127798, 147795,  17513,
        21897,  30869,  23815,  37165, 147792,  21765,  42012, 127974,
        87939, 103489, 148946,  36431,    869,  75673,  91017,   1076,
        13951, 106922,  82277,  30821,  26545, 146558,  21681,  49975,
       112396, 143810, 101666,  87026, 147656,  52659, 149281,  89858,
        14529, 142994, 121664,   6105,  89459, 101276, 130401, 107355,
        84824,  78779,  77529, 113851, 132467,  16170,  84397,  57344,
       108298, 105477,  69825,  87749, 110353, 121744,  95810,  71941,
       102702, 144520, 126984,  33438, 129791, 119543,  29847, 140612,
       135927,  58967, 139667, 110461,   9614,  78938,  15253,  80783,
       102394,  96455,  81578,  44300,  94414, 123636, 119375, 150789,
        83147,  33823,  59926,  11164,  75517,  72842,   6179,  48675,
        53582,  46384, 149644,  76323, 117599,  47836, 141921,  23129,
        35310,  18386,  81799,  90966, 126585, 109105, 148687, 127821,
       130961,  23585, 108172,  62576,  48199,  72814, 119519,  55648,
       132369, 138363,  92269,  17668,  16514,  40074,  18513,   2016,
       144631, 138306, 102556, 128798,  56461, 136035,  22005, 136372,
        40798, 146371,  54245,   9025,  60924, 120753, 135000,  88157,
       123367,  21383, 121032,  14310, 135346,  73152, 146512,  45355,
       120833, 132744,   7107,  25505,  65040, 108313,  84776,  59415,
       147547, 120932,  58091,  12065,  19147, 127194, 104464,  77447,
        70671,  93280,  88350,  23471,   8265,  41794,  31467,  83614,
         1950, 140021,  80080, 136761,   3089, 105108, 107544, 126338,
        63633,  29855,  44343, 113160,  38507,   1952, 127263, 135825,
        23312,  79199, 103167,  23864,  74188,  39339, 123764,  36454,
        34397, 135075,   2857, 150829,  12868, 127339,  29545,  47253,
        39439, 138884, 101188, 118324,  49443,  78588,  15200,  69282,
       131423,  25249, 141974,  17659,  39442,  34460,   7641,   9144,
        74262,  85469,  80766, 108366, 112149,  66845,  70524,   3688,
       134298,  49399,  84854,  75356,  35374,  28849,  26194,  24505,
         1236, 145638,   1574,  48569,  44519,   6100,  22202,  10193,
       135494, 151054,  12775,  56132,  99019,   9567, 128122, 152120,
        66643,  74392,  86310,  79445,   1181,  10122,  24135,  87247,
        86325,  42497,   5614, 116459, 140714,  66377, 101406,  82226,
        26503, 147160,   2306, 130688,  74099,  66822,  44081, 130220,
        84073, 135699,  42240,   8712,  59800,  68721,  37888,  76343,
        87083, 108990,  13910, 110506,  99251,  50145, 142368, 147790,
        96308, 119313, 127421,  49620, 125356,  64940,  89969,  65978,
       126997,  63412,  70135, 124726, 142466,  67082, 109898,  77556,
        68985,  73664,  54470,  92216,    124,  73468,  81055,  66814,
         8232,  77626, 100135, 142211,  16473,  28455,  41148,  38937,
        36727,  22842,  98982,  86201,  19039,  96652, 120398, 131037,
       121302,  23128,  60828,  18831,  67719,  20738, 125230, 125305,
        33191,  96831, 146372,  51899,  47816,  34881, 135985,  21996,
        71154,  41884, 136198,  28884, 114617, 134896, 102098, 119620,
       104451,  74917,  39556,  57134, 142549, 135363,  26262,  67997,
        39126, 116710, 123719,  55401, 131691,  65410, 122823,  78736,
       111661, 111552, 133491,  64742,  47222,  55678, 152625, 119062,
        88053, 123269,  40652,  92146,  47773,  34167, 118752,  34778,
        54454,  42505, 122128,  93350, 145131,  81378,  32453,  75643,
       116194,  40762, 131526, 135991, 109931, 135533,  93733, 135784,
       122692,  27856, 124930,  10184,  90923,  79179, 104472, 141748,
        18587, 134767,  83953,  72726, 133832,  48748,  47937, 142979,
       120798,   6026,  10934,   8908,  24361,  16433, 118365,  39143,
        64866,  90393,  50399]), array([110587, 128890,  19979,  24399, 129582,  30803,  25181,  31396,
        37114, 128497,  24767,  15616, 142954,  81765,  99358, 103315,
       102713,  55773,  71816, 111779, 123175,  51895,  92617, 122422,
       141501,  82505, 137097,  84058,   6682, 149774,  12388,  47067,
        96868, 129161, 116058, 115284, 141546,  58033,  42518,  39997,
       134371,  70479,  58989,     67,  38370,  85207, 132635,  86048,
       136912, 115929,  12009,  80104,  52995, 121250,  89668, 136419,
       142924,  53552, 117275, 106772, 140978,  66690,   2881,  41335,
        47378,  11467, 100588, 123227, 100783,  99697, 108154,  26571,
        75748, 133810,   7670, 115947,  58613,  57062,  51286,  53798,
       116131,   6781,   9630,  64574,  48311,  92502,  84526,   8794,
        37926,  93859, 145013, 129242,   2523,   8471,  52799,  67864,
        97272,  86908,  70155,  39457, 115593,  23983, 145439,  52265,
        64545, 143084, 111994,  35848,  46609, 132091, 106001, 102024,
        39794,  27064, 104941,  53001,  22827,  68960,  13091,  59565,
        77610,  37507,  99983, 151953, 134143,  14892, 118291,  18079,
       138741,  13613,  52342,    932,  72164, 128846,  86475,  73081,
        26775,  13946,   4229,  15566, 143232, 134138, 133165,  12133,
       103329, 116196, 133007,  91419, 131891, 130486, 110378,  41683,
        65682,  41800, 103646,  81316,  82119,  38211, 114415,   5656,
       112820,  37420,  39244,  29710,  74619,  67261, 112055, 136029,
        87407, 131521, 120060, 102401,   1441, 146541,  78365, 100568,
       127286, 110691,  84617, 122968,  47941, 138901,  91610, 130489,
        11030,  39717, 149304, 111408,  81658,  11050,  22669, 128035,
        79041,  60292, 146353,  70461,   5642, 151777,  93927, 105107,
        11021, 108792,  33646,  78071, 107084,  85286,  74901,  10672,
        84819,   2763,  36362, 153543,  29569,  15267, 100235,  76855,
       115319,  26855, 117310,  24986, 118674,  59671,  28525,  21690,
       144923, 142334, 127560,  46195,  21671,  88985, 126799,  54391,
       112146, 134018,  98515, 141452, 146917,  63286, 138526, 147481,
       105348,  36789,  75830,   2057,  36337,  49261,  19281,  37073,
        58824, 130248,  39117,  76211, 138459, 121219,  81875,  74361,
        27735, 146318, 123806,  25690,  21111,  21284,  21729,  35795,
        18778,   5126,  13283,  99185, 130717,  26071, 123315,  65283,
        96513,  89836, 115027,  94270,  40794, 131616,  11192,   3402,
        34575, 147130, 141890,  99030,  76234, 111345, 123095, 130346,
        24178, 146862, 148060,  19348,  15538, 115610, 143532,  87164,
        54271, 132084, 128480, 151806, 131779,   1674,  16271,  99800,
        39335,  30036, 100217,   6567,  50131,  20337, 100399, 132287,
        70746,  38532,   3572,   2975,  97280, 152126,   2401, 139696,
       123817,  67042,  30260,  59056,  93450,  31168,  82592, 149958,
       131753, 140738,  41595, 106563,  39472,  96481, 103122, 116909,
         8456,  68199,  69660, 139864,  38422,  68251,  32890, 146904,
       100786, 116319, 107490,  97003, 147669,  20179, 129168,  36217,
         8787,  42198, 144318,  50165, 143387, 105619,  13573,    156,
         1691,  90762,  55793,  56129,  45816, 132814,  29898,  26510,
        45717,  98742, 129565,  57481,  44262, 113010, 118226,  27474,
        83500,  36656, 122459,   3952,  54977, 121074,   8090,  43835,
         8624, 119064,  15593, 134874, 103653, 145891,    768,  47422,
       121064, 137231,    678,  92017,  64904, 133903,  37370,  46285,
        65218, 153147,  20590, 142099,  79050,  92451, 149279,  72345,
         4446, 138003,  84988,  94204,  33252,  50552,   8800,   9310,
          437, 140729,   4398, 146574, 110827,  32128,  94804, 124046,
        70741,  55430,  64681,  99467, 111868,  36176,   3101,  43519,
       113084,  72778, 108702, 121193, 151229,  57425, 136596,  81198,
       106921,  45512,  46998, 139711,   3039, 120595, 105954, 115927,
        58855,  79503, 136910,  10713, 124621,  52961,  92466,  48542,
        67841,  22798,  73563, 129961,  62596,  96908, 107458,  38982,
        98226,  14122, 148606,   8196, 104435,  76520, 150692, 144893,
       151079, 150782, 115700,  63335,  96339,  86390,  46261,  34669,
       150224,  26866,  55193, 102267, 140055,  58417,  77804,  56573,
        63043, 128413, 136678,  62913,  51307,  20854,   7510,  93929,
        78920,  48228,  61908, 133526,  76545, 129645,  83637,  42616,
         4783, 120885, 131268,  65312, 135104, 129288,  71979,  35452,
       119004,  97846, 126605,  80770,    486,  59424,  52819, 114603,
        39616,  57049,  38318, 146632,   7192,  79668, 127123,  53385,
       100404,   3596,   6624, 151765, 141664,   6588,   9087,  41976,
       104897,  40051,  24449,  59695,  14515,  49225,  86567,  67097,
         6901,  55628, 145306]), array([148370,  76755, 148239,   7009, 129783,  29536,  35964, 151762,
         4827, 101103, 130256,  54150, 118186, 125461,  85974, 148203,
        25999, 124056,  97560,   2394, 108887,  99214,  38530, 124283,
        64223,  22278, 127959,  81149, 120294,  39380,  40653,  52361,
        82790, 123773,  43721,  54355, 116877, 150355,  14539, 114778,
        58883,  96983,  14080, 147822,  76904,  77230,  22949,  80432,
       110202,  43035, 150040, 151621,  13245,  45675,  65358, 137797,
        47357,  48470,  99666,  82701,  66642, 127108,  76566, 133014,
        75739,  35534,  31183,  50888,  17185, 128612, 104630, 137913,
        60013, 131287, 138745, 116810, 129386, 145140,  28653,   5733,
       102997,  38912, 153150, 147948,    621,   9855,  91044,  47345,
       152949, 103962,  50246,  43660,  70599,  60848, 145655,  15647,
        46039,  77102,  42404, 146710, 141080,  90862,  18526,  70787,
        44268,  86098,  81295,  30750, 127063, 102372,  60425,  94583,
       109093,  44441,  87501,  82181, 145111, 138617,  74136, 132382,
         4190, 152680,  92473, 113034, 150633, 114871, 106653,  64955,
        22444,  61895,  71302,  30935,  40628,  26199, 118254,  30341,
        14581, 148587,  77812,   6459, 149480, 114162,  21105,  90699,
        74837, 109345,   1224, 153911, 118682, 107480,  73048,  97346,
        96526,  49748,  65327,  26038, 102837,  17856, 106363,  21314,
        89063,  25275,  81338, 110009, 134807, 139105, 109509,  16583,
       115338, 116982, 127683,  53340,   5726, 123844, 144205, 138220,
         4937, 136973,  92884,  76005,  47667, 126936, 125583, 145534,
        67312,  23058,  13675,   6974, 146932,   8463, 103072,  10465,
       106640, 149417, 107395, 127504,  54884, 132078,  67486,  94134,
        24474,  91313, 106603,  53591,  32801,  93009, 110140, 142067,
        85055,   6152, 123060, 127907,  76592, 116160,  36028,  29801,
       100805,  67207,   8628, 111318, 131164,  95182,  40142,  78941,
       148903, 106888, 113906,  90145, 125648,  72719, 109895, 115268,
          881,  13586,  85158,  20692,  53234,  40463, 139596, 147597,
        30669,  77171,  74942,  52485,  15207, 102364,  12569,  41046,
       112982,  96740,  60855, 145164,  55082, 124049,  18969,  78517,
        80773,  46731, 138763,  80004,  73600,  99171, 126538, 110920,
       132930,  15423,  60708,  95748,  72093,  93188, 145259,  39462,
        73291, 111438, 124461,  65846, 104972, 114339,  88640,  12897,
        53052,   2585, 106509,  88330, 114411,  98887,  88630,  32868,
        72614, 118584, 121303, 139328,   4276,   7936,  21344, 141096,
        75092,  68602,  84496,  16223, 122835,  37027, 127811,  57979,
        66013,  86094, 147248,  49259,   1721,  48326,  38973,  35110,
       110242,  65331, 126095,  85877, 152400,  48683, 136200,   9163,
       136398,   7790,  78347, 149810, 108545,  17244,  96121,  45800,
        27137,  72920, 133389, 150659,  62259, 141057, 140291,  67469,
       129125,  97284, 110032,  11456, 114017,  36401, 129176,  46663,
        67682,  21364,  62005,  34570,  77762,  63525,   7337,  18105,
        59789, 104091,  64546,  20871,  25020, 141625, 131370, 123568,
        73888,  98759, 140246,  81063,  88706,  96587,  24254, 127533,
       102471,  51833, 107893,  99255,  86789,  69128,  60956,  77275,
        30622, 125111,  45526, 152687, 143054,  31143,  81096, 130208,
        61972,  97178,  82051, 137748,  45199,  64227,   1442,  95505,
       127988, 127703, 122494,  17622, 134030, 146435, 110072,  83585,
       148738,  61986, 108196,  13739, 138180,  42508, 110414,  29022,
       131364, 134154,  79235, 124578,  99877,  33228, 106774, 109204,
        29806, 135624, 149886,  92251, 143788,   2138, 110321, 120795,
        92699, 140006, 131677,  24846, 131044,  78650,  60137, 108554,
        92548,  55545,  97292, 146711,  99189,  98184,  95387, 105648,
       112961, 153055,  11115, 147966, 136923, 114294, 119955, 106029,
       129487,  57938,  31896,  81735, 127862, 134931, 130374,  69066,
        17136,  20126, 130954,  41482, 128472,  37182, 143734,  15421,
        51099, 120560,  66524,  77562,  35033, 151406,  57286,  95326,
       125155,  26838,  29424, 109071, 150219,  87282,  97750,   3759,
        62193, 111471,  77530,  74043,  64169, 122915,   9451, 147192,
        22486,  39931,  51145,  38873, 136226,  48742,    433,  66183,
        60864, 126860, 109079,   5563,  72385, 125638,  66467, 105134,
        53053, 125353,  84659, 114988,  57927,  39347, 106020,  23045,
        83024,  98426,  39583,    171, 112086, 124513,  45138,  51993,
        69307,  41347, 109319,  27302,  17842,  89705,   4170, 117853,
        45074, 129436,  97847,  95693,  87065,  54796,  59614,  63784,
        78820,  50800, 153084,  15637,  33532,  34075, 151040,   3790,
        19231, 145154, 119367, 111799,  32590,   4206,  27028,    825,
       133517,  95901, 115680,  60839,  74145,  82020, 153216, 117686,
         5530,  25368, 138998,  33815, 152943,  82542,  91589, 140498,
        34977, 100072, 143154,  70493,  91478, 121127,  43738, 113687]), array([100794,  68909,  19422, 137846, 124300,  58066, 134776, 110253,
        60207,  84048,  13789,   2650, 100479,  25299,  90249, 137730,
       138502, 101506,  85530,  24089,  47837, 101823,  64650, 129067,
       111826, 149548,  14570, 130733, 150920, 151813, 108520,  66268,
       133788,  31809, 115061,  64950, 153649,  66306, 123435,   8304,
        79385, 101030,   7031,   8924, 120587,  63327, 123259, 151197,
       114305,  81623, 100071,  58207, 137614,  35401, 112622,  98213,
        66802,  62492, 107377, 137977,  81419,  77312, 120275, 112014,
         8434,  23378,  99820, 138503, 100197,  79752,   8668, 100180,
        18542,  16008,  29565, 134932,  84624,  68494, 138955,  89038,
        78256,  64878, 112043,  33303, 132159, 130356,  48029,  25355,
       133318, 120454,  54838, 101741, 136503, 112925,  67186,  91290,
       131421,  48838,  34552,  83350, 111335, 113561,   2673,  34180,
       149837,   4822,  47555, 115529,  20551, 146595,  58656, 126911,
        34978,  44349,  58913, 151716,  94302,  31862, 145441, 129578,
        39470,  48367,  37045,  55832,  95223,  11454, 126941,  18867,
        32751, 110431,   1135,  57509, 136180,  80388,  32640,  93126,
       106370,  95454,  11728, 146163,  11848,  77463,  37031, 106514,
       139647, 151146,  41908, 122505, 113934, 106657,  31837, 107151,
       115440,  39856, 130568,   6678,    844,  90870, 113020,  42999,
       116668,  38184, 131836,  86064,  85069,  65230,   9449, 123295,
       138765,  82198,  82416, 128637,  25626,  99083,  53854,  42429,
          685, 149314,  91332,  42875,  77574, 132305, 107289,   2534,
        52017, 137877, 153081,  99190,  80801,  78258, 125684,  20398,
         9314, 140667, 103137,  33484,  69650, 128582,   1151, 144192,
       111016,  45360,  51589, 100116,  52729,  97619, 150463, 122824,
       108335,  68590, 135567,  44158, 123900, 143132,  32355,  33763,
       152886,  14561,  67209, 104838, 132559,  25946,  44931,  78060,
         7602,  88247,  94376, 121608,  60418, 119556,   9084,  29600,
         1743, 126698, 113235,  43610, 124248,  24406, 149047, 133382,
       104424,  16247,  32744,  12145,  30661,  72926, 133026,  42648,
         1682,  58270, 148174,  76380,  64528,  39372, 118552, 120078,
        35230,  74287,  19825,  53744,  27471,  61726,  59250,  30083,
        17911,  21861,  63145,  42051,  77659,  65371,  26667,  58201,
        81961,   9391,  54102,  47752, 101166, 131204, 100238,  83746,
       124439, 115401, 126795,  21902, 133072,  24783,  13821, 114301,
        67284,  88404,   6786, 108769,  64797,  30517,  73707,  77426,
        67545,  80548,  23393,  28211,   2451, 103511, 127193,  73254,
        37554,  72899, 118129,   1370, 149413, 109500, 146127, 142140,
       114097,  92361,  47170,  50974,  23494,  44919,   5060,  30992,
       120426, 113018,  27493, 152460,  78404,  45248,  67695,  73988,
        62943,  13039,  80689,  71687,  11735, 137736,  33004,  87196,
        37293,  32771,  64330,  57560, 125691, 124967,  63517, 133972,
         8134,  69425,  55551, 151498, 138938, 118527,  78861,  27324,
       151670,  78585,  23071, 124186, 107987, 101218, 147908,  28764,
        45742, 121575, 120072,  25506,  91520,  85664,    890, 115783,
       125769,  30128,  26238, 151137, 135482,  80965,  82621,  40008,
          540,  91342, 128045,  64271,  46798, 132572, 144860,   5978,
       102535,  73480,  99567,  43534,  61195, 101513,  28433, 124945,
        22697,  32587, 113439,  74413,  42125,  49026, 145505,  20118,
       106532,  64956, 142173, 113009, 139731,   3670,  54310,  79219,
        52780,  69787,  33436,  58633,  41637,  70625,  58174,   2761,
        50876,  10596,   4331,  36179, 142325,  86564,  80818,  72122,
        68147, 135679,  18561,  35119, 136221,    627, 144787,  39009,
        71164, 104704,  48010,  82016,   3172,  80930, 126315,  74002,
        47539, 111038,  81819,  23474,  87430,  32262,  89491,  12782,
        13010,  68910,  29118,  32899,  89273,  93906,  83036,  39916,
        54153,  53585, 138601,  28659,  92736, 133214, 136772,  16808,
        22804, 123388,  89720, 110236, 141497,  19220,  46167, 145024,
       132047,  14883,   7877,    920, 131398,  62294, 111643,   7631,
       100157,  58208,  49111,  83082,   7534,    309,  91118,  91106,
       138323,  92530, 144445,  38451,  42292,  81398,  14151, 101286,
        22118,  11441,  18436,  25220,  67022, 132165,  93998, 135380,
       105357, 134218,  92819,  74267, 115729, 139887,  69402, 141249,
       131409,  84569, 142374,  77888,  24453,  52200, 136852, 100831,
       123193,  31268,  95468,  59429,  77684,  35430, 152264,  84210,
        50271,  86035,  80093,  51046,  85863,  82803,  55550,  10049,
        36770,  19608,  37130,  22638, 122717,  77324,  44724,  61552,
        18268,  40767, 104231, 135159,  87124, 109246,  47380,  32976,
       103594,  35511,   5867,  99299,  50183,  81171,  21829, 122130,
        89478,  73411,  88565, 148680,  67048,  85195,  52057,  82682,
        86353,  30140, 148269,  76846, 116572,   1079, 145048, 148213,
       112588,  68237,  55076,  12788,  47753,  88062,  92383, 113234,
        24230, 153621, 126054,  47010,  53724, 117768,  73054,  40851,
        91633, 128525,  39200, 127658,  84034,   7725,  75947,  79342,
        45498,  12056,  53694,  80444,  74005, 102010,  51756,  34390,
        74966,  50993,  98902]), array([ 87186,  37646,  13188,  93704,  35252, 125228,    589,  91545,
       139998, 148206,   7545, 113302,  61402,  83630, 117973, 104185,
       107116,  24278,  54506,  61086, 147805,  15184, 152512,  30520,
        40734,   3626,  12828,  41786,  31470,  39899, 142689, 132790,
        62479, 125866,  88818, 153429,  62318, 153068,    271,  23099,
       133689, 134013,  16895,  31315, 144311,  69591,  70198, 148716,
        54705, 137869,  54962,  30738,  19606, 138980, 112764, 137482,
       148367,  90603,  92277, 111968, 136044,  31038, 144184, 141169,
        93221,  33679,  61874,  61811, 107037, 111831, 102528,  54148,
        59899,  65462, 107445,  90142,  40997,  97169, 123307, 113967,
        17134, 110097, 141220,   9390,  40991,  12781, 153534,  30370,
       119812,  54258,  34675, 124292,  56008,  36250, 153187, 148550,
          511,  74297, 109765, 106916, 119544,  42025, 134682, 122778,
        72348, 101436, 125707,  18930, 138968,  61099,  93496, 151869,
        68643, 107878,  80749,  42269,   8780, 126975,  89769, 148427,
       119270, 120627,  26876, 118542,  59867,  20357,  40758, 128806,
        40400,  74783, 116555,  29133, 131156,   1999,  36011, 134151,
        89147,  13786,  45126, 111568,  14552, 126653,  47236,  19046,
        19668,  55636,  80240, 133919, 152696, 145331, 130259, 153334,
        65172,   6017,  72548,  33875, 137001,  52770, 135112,   1859,
        34455,  88788,  46834, 131387,  73724, 112589,   9123,  57989,
        15089,  98835, 120196, 123563, 139415,  14896, 103693,  10176,
       119533,  64491,  61442, 101265,  71049,  57967,  62061, 145984,
        42057, 104373,  95612,  48886,   5451, 153181,  94523,  96274,
        67037,    281, 120134,  54025, 141439,  37041, 147467,  57371,
       106265,  25301,  32869,  24070, 133063, 127519,  74480,  70301,
        52400, 126101, 135410,  31860, 108030, 153760,  27556,  27103,
        38956,  19914,  39571, 139470,   8114,  13307, 121735,  97945,
       140591,  43554, 130126,  67267,  53188,  14304, 101783,  16018,
       101576,   6497,  39734,  82182, 123546, 104915,   3079,  84762,
       104724,  36677,  22900,  72459,  62874,  22020,  70767,   3673,
        56974, 138628,  17726,  66210, 153385,  40593,  61053,  72625,
       136359,  37138, 123786,   3369,  64061,   4379,   8861,  19286,
       104910, 148286, 151279, 134222, 143346, 152915,  71651,  43193,
       133569,  44356,  74865,  25517,  49333, 102796, 119280,  98509,
       107664,  20859,  22390,  23489,  40438,  15606, 140063,   6374,
        75965,  99547, 129589,  11346,  61232,  68415,  51708,  61293,
        57046, 112890, 118368,  48702,  62248,  17530, 123003, 123991,
        63259,  42994,  22718, 153626, 133031,  71542,  62669,  73853,
        46762,  29412,  67686,     44,  32397, 147283, 104519,  18622,
       124195, 145593,  57447, 125538,   1713,  94831, 149325,  84882,
        85346,   3479,  85223, 135170,  47965,  57388,  42674, 118289,
        70413, 111463, 136130,  71251, 101568,  99373,  73215, 102930,
        87117, 124051, 139184, 118866, 124219, 145277,  87116, 115573,
       151409,  92651,  30131,  95101,  13606,  54217, 109396,   1885,
       137941,   3671, 115691,  94193,  66315,  47923,   2511, 142698,
         2099,  87559,  21198,  16056,  58331,   2730,  79541,  61526,
       144087,  56316,   2450,  29685,  27062, 125994,  21609,  14241,
        39812,  61665,  58770,   9663, 144669, 109960, 133359,  85559,
       111833,  12886,  36150, 117491, 145119, 100867, 135512, 120319,
       116676,  18493,  62766,  16296, 108507, 121022,   8131,  98500,
        28696,  44172,  44935, 110968,  97995,  57078,  15230,  20736,
        61764,  39389,  23891, 139834,  46480, 118977,  39205,  65380,
       131853,  39866,  57711, 104539, 113300, 106590,  45492,  22663,
        35274,  55045, 102832, 136746,  16376, 128379,  72910, 127409,
        43480, 104165, 100218, 118987, 116276, 106747, 101572, 145686,
         1752,  68514, 138479,  84472,  51014,  29334,  45506,  29826,
        93140, 153448,  13680,  43612,  78261, 141016,  68430,    857,
       100586,  23435,  82449,  90672,  15870,  54080, 141255,  19636,
       121429, 132782,  35776, 150003, 138519,  57031,  92423,  86253,
        22496, 137868,   7532, 129958,  14744,  58112,  44323,  30124,
        94874, 114253,  55412,  99548,  13466,  87777,   7152,  44126,
       111354,   4282,   8614, 123971,  71765,  47974,  27476,  97903,
        37087,  93872, 150888,  70793,  70134,  13803,  72104,  57423,
        50665, 107595,  59352, 123788,  95546,   3850,  52477,  95765,
       139260,  97479,  85662,  10859,    249,  29469, 106457,  52941,
        71632, 118514,  68709, 118911, 114268,   2607,  48819,  44755,
        58463,  67669,   8019,  38224, 112891, 144467,  99476,  65988,
       101051,  63154, 107667,  24342, 134885, 133655, 145709, 147234,
        26673,  68818, 101532,  88036,  82589,  63665,  44063, 100273,
        52933,  46181, 128907, 139403,  35773, 126365, 111644,   2774,
        41660, 123289, 122124,     84,  76605, 150074, 124044,  99250,
        56069, 129548,  75518,  43506,  94513, 114087,  59494,  54828,
        92865,  24456, 150072, 125484, 112567, 135534, 134520, 148509,
       149883, 149262,  58553, 124794,  81406,  37066,  44353, 115330,
       119791,  18187,  12019,  99316,  47901, 113403,  83554,  20636,
        30874, 135970, 118216,  78317, 126548, 103590,  69065,  82799,
       139010,  18420,  87785,  66951,  89125, 106488,  70060, 104594,
         5057,  68008, 135278, 105454,  28662, 138385, 114566,  51781,
        12011, 112768,  91319]), array([ 55629, 153026,  54646,  40233,  86640, 129947,  14767,  13590,
         3283,  30727, 114138,   3674,  77607,  83387,  46653, 118121,
        37026,   9380, 110976, 149470,  62948, 102522, 152182,  19978,
        92831,  86680, 130659,  28357,  66660, 150089, 131987,   6086,
        38776,  90292,  43086, 126395, 123798,  24497, 124005, 128675,
       137474,  85570,  44507,  95721,  66462,  50070, 105493, 102011,
       100506, 122436,   6696,  95151,  11294,  65084,  33127,  26210,
        62914, 126404,  94013,  35160, 115251,  13755, 116771, 110417,
       117023, 141498,  34512,  16805,  47900,  58196,  57936,  69840,
        52190,  19965,  34722,  74465, 129452,  11195,  98392,  36045,
       123292,  30432,  70073, 149038,  41918,  53413,  97046, 108331,
        63179, 131488,  10255, 132694,  68273,  50098,  44425,  76729,
        49256,  55120,  72388, 129153,  77501,  99042,   6835, 104631,
         9394,  61868,  38748,  76231,  44225,  16676,  18842, 146613,
        55020, 123684,  79264,  41947,  83292, 136980,  38555, 141369,
       129551,  11819, 143990, 152392,  16930, 108483,  65802,  96833,
        74858,  80332, 133475,   7486, 129710,  13408,  99765,  43152,
       100011,  89378, 149112, 127800,  89786,   7716, 152333, 117035,
       110182, 150244,  38593, 119065, 110721, 142998,  30885, 107174,
        75938,  68446,  36720,  19304,  58696, 149077,  93535,  40298,
        11570, 126335, 109943, 126503,  43416,  60424, 137723,  42309,
        41730,   5350, 148410, 132978, 124562,  72075,  64686,  88930,
       141385,  24344,  17634, 109039, 116651,  75615,  52505, 147997,
        52168,  32721, 148655, 104871, 105802, 116356, 112566,  34634,
        46206, 149055, 118239,  19459,  11383,  21869,  86448,  98114,
        45880,  45176, 113873, 139159,  44361, 116644, 111880, 106585,
        18492,   6959, 121712,  29543,  78769,  65559, 122480, 131068,
        12567,  30081, 139112, 147922,  24827, 110267,  16052,  38881,
       147406, 140663, 118673, 122335,  55348,   5536,    411,  94916,
       138551,  68521,  71710, 109785, 128712, 144964,  47065,  47605,
        17402, 119334,  34498, 136523, 139877,  26988,  10362,  22832,
        63181, 101598, 137223,  28282,  70547,  50840,  32200, 113464,
        79354, 130429,   4108,  88371,  88543,  30613,  63485,  24637,
        65049,  35574, 131801,  13351,  54869, 140582, 108270,  39600,
        75610, 120651,  54811,  93869,  34374,  30480, 148272,  14875,
       108680,  76273, 141008, 136288,  38397,  55335, 105709,  20565,
        29716, 105618,  40881,  25514, 130092, 139756,  58195,  79513,
        22818,  21944, 115949,  86752,  87336,  11344,  29518, 101911,
       124429,  93730,  13518,  71505,  94325, 127000,  40923, 118959,
       145529,  52069, 111317,  36530, 149156,  59823,  65900,  99642,
        47939,  74745,    173,  21978,  79273, 143349,  22657,  62396,
        44209,  70531,  10499,  53668,  46423,  42381, 135723,  68380,
        42511,  76086, 103426,  97524, 146803, 134647,  12286,  37070,
        50471,  69281, 130628, 147290, 114325, 115531, 140497,  31151,
       111859, 151697,  12502,  82777,  16999,  91811,  51414, 134838,
       143670,  29092,  77802,  16212,  51835,  15552, 137527,  69049,
        64992, 133136, 141033,  63157, 140234, 115818,  87441,  33641,
        54783,    682,   9202,   3123,  18817,  30451, 124858,  36483,
       101785,  65423,  67272,  23791, 126657, 120784,  97265, 136170,
       134513, 109410, 142124, 150201, 131538, 135609,  42914,  65857,
        23858, 151230,  64732,  47163,  61088, 151902,  84901, 115337,
        75874, 142512,  90751, 111315,   6234, 141055,  23622,  16700,
        22643,  83333,  94762, 147395, 144483, 106375,  15698, 144756,
       138438,   3507,  43495,  17481,  32670,  12296,  12190,  73229,
       133219,  33540,  49772,  63848,  83855, 116830,  56142,  50533,
       129245, 132021,   8832,  86522, 151065,  50519, 111284,  76142,
        97525,  79596,  31972, 149578,  80197,  64418,  46304,  23534,
       120564,  31505,  40266, 120647, 137292,  33193,  54100,  37585,
        79249,   5480,   4550,  99338,  93882,  74342,  80935, 112430,
        94509, 122515,  37361, 141820, 130154,  13080,  81334,  29550,
        17363,   9336,  98255,  45123,  57199,  67998,  50663,  74558,
        99957, 151748,  15557,  50020,  72696,  46114,  99780, 102355,
        96973,  21084, 117794, 143653,  71492, 116314,  26326,  60899,
       137617, 109279, 151990,   6080,  65646,  55732,  57380,  85668,
         6481,  75024,   8477,  39759,  94424,  84942,  41002,  34055,
       138427, 137981,  54290, 134356,  37922,  68882, 113492,  58990,
       116664, 136233,  43443,  26979,  39042,  40541,  11274, 108710,
       109289,  18261, 118948,  74827, 102627,  40188,  34829,  38643,
       119991, 118414, 122222, 111470,  78290, 123225, 126878,  11409,
       150561,  42354, 137561,  60034,  94440,   5554, 102516, 132771,
        35759,  36845,  72264,  16528, 102829,  63328, 120854,  52803,
        31317,  98699,  56464,  27498,  95847,  85878,  45568,  51799,
        19577, 137631,  86905, 124174,  31325,  60017,  57553,  64339,
        89291,  96398, 118041,  69433,  82730,  54421, 139960, 138563,
        65612,  56988,  65336,  98067,  12373,  48059, 102347,  63337,
       117962, 103482, 141972, 117680,      5,   9866,  44500,  21116,
         1154,  85127,  14139, 126739,  98825,  23723, 109262,  69430,
        37651,  56954,  68352, 100435, 113175,  35400,  74654,  62456,
        19888, 103736, 112212,  47085,  49292,  53186,  30101, 114128,
        76440,  29791,  47376,  16727,  90127, 127735,  63176, 108192,
        48554, 141516,  50280,  44670, 110978, 151270,  90289, 119781,
       146042, 107143, 129832,  40684,  80441,  99317, 130005, 151789,
       107599,  72537,  62133,   9018,   5790, 149535,  47978,  78901,
        65729, 148676,  46454,  52467,  90594, 106759, 126445,  10878,
        55595,  49780, 100881,  75563, 105942, 124828, 103607,  22506,
        20907, 116210,  46931]), array([ 37299,  36102, 134417,  43203,  48324,  66331,   9463, 122757,
        91904,  18661,  87903,  50330,   9167,  82815,  67599, 139741,
        20371,   8108,   2074,  90221,  30369,  61423, 145994,  84379,
         4767,  16850,  28121, 130024,  62896,  27578, 136124, 134499,
       127644, 130389, 130400,  98802,  96829,  87737, 131376, 105807,
        79578, 130796,  22114,  91203, 129966, 107287,  27718,  66926,
        61617, 146196, 121124,   9809, 122395,  40403,  99834,   7215,
        61452,   7880, 139373,  60213, 150976,  78090,  81689,  12803,
       119841, 151144,  11780,  69990, 152096,   9207, 131606,   2091,
        49462,    127,  56124,  31612,   9367, 152228, 118864,  63890,
       105702, 149513, 117206, 106770,   6971,  21430,  20007,  52348,
       138548,  27711,  91510,  44111,    348,   4744, 135370, 146208,
        31358, 109046,  65812,  96569, 141163, 149829, 125998,  32236,
       112010, 120023,  34929, 119382,  97041,  95673, 146245,  73161,
        32312,  64876,  53695,  19582,  99762, 128396, 137582,  65387,
        16408,  82025, 114620,  65969, 139148,  84859, 104198, 132114,
       139380,  28371,  29803,  50009, 149158, 132836, 137283,  30197,
        59122,  50976,  58092,  78013,  19015,  30859,  73256,  41423,
       115305, 132155,  77942, 147931, 137637,   5190,  67729,   9645,
        68277,  75514, 139266, 149517, 150530,  88613,  30701, 113223,
        12657, 102841,  67276,  48067,  36018, 150617,  31048,  28360,
       122129,  35294,  62936,  52340, 106953,  82067,  88772,  78944,
        40863,  51986, 100974,   4480,  41625, 132835, 119685, 104761,
        83366, 100126, 136698,  41935,  49611, 133931, 131541, 149383,
        76577,  27750,  69174, 135095,  27351,  85720, 142778,  68138,
        84028, 126647,  85589,  38999,  79066,  18774, 145943,  11825,
        16546,  90335, 148920,  45185,  46014,  70649,  59407,  18166,
        12916, 119310,  43036,  14598,  29984,  66024,   7187, 120331,
       114267,  42758,  35423,  94980, 116967,  48299,  66091,  59737,
       121261,  81981, 123614,  69789,  31494, 142117,  48726, 146137,
       105439,  42027,   8659, 150494, 107886,  89241, 106685, 153294,
       123275,  74401, 140566, 148357,  53155, 106164,  91992,  40311,
       133009,  72384, 152118,  89819,   7058,  87523,  75040,  49314,
        23903,  53773,  16750, 107636, 129298,  27727,  57436,    944,
        94011,  97029, 120304,   9580,  12120, 150895, 104009,  31584,
       106964, 144729,  37326,    630,  11782, 131815, 109059,  72765,
       125598, 136542, 118132, 135030, 140937,  67078, 134048,  46217,
        42277,  32564, 145992,  48346, 140357,   8621,  21374,  19266,
         3125, 131360, 140683,  38245,   6262,  17992,  36023,  43135,
        32233,  10945,  47621,  67217, 104875, 152826, 134113,   1312,
        43111,  27682,  15058,  16208,  78230, 141631,  61687,  86990,
         5874, 110221, 141847,  68048,  23530, 146287, 119696, 129118,
        31252, 127118,  20629,  88390, 108787,  92962, 129101,  92173,
        33898,  91063, 131247,  19287,  55287,   7342, 152284,  16481,
        17910,  22784, 135332,  48335, 131456,  81904,  82472, 146573,
        48451,  44377, 108227,  53682,  32716,  76435, 132812,   6832,
        41291,  25075,  43331, 147312,   6322,  81852,  10997,  13751,
         5759, 152455,  52807,  67573, 121082, 108119,  46340,  35422,
        21483, 124293,  81425,  40973, 143338,  81216,  64096,  25243,
        42071,  10117, 120922,  66992,  20887,  29961,  37030,  99323,
        30694,  67353,  53215,  26480,  84442, 127905, 127412,  68308,
       115208, 153284, 129866,  50358,  31766,  27068, 127013,  36489,
        91486,  90391,  27805, 132954, 104951,  27102,  93843,  71044,
        88204,  62875,  59492,   5426, 132383,  36786,  87921, 152708,
        56179,  53764,  97383,   1970, 137513,  95639, 124144,   5663,
        69364,  32376, 124779, 148796,  51302, 134420,  42073,    447,
        83873,  83094,  81492,  45695, 145405, 106757, 110808, 122126,
       113407,  66480,  42912, 104148, 123859,  29556, 114196,  24521,
       131027, 127282,  65190, 137426, 151466,  94304, 125682,  68921,
        18763,  61281, 104045,  69560,   1074, 132665, 104793,  18155,
        43891, 111953,  61523,  70401, 150521,   5119, 114608,   3042,
       122439,  90860, 115332,  30502,  72764,  61349,   1831, 105420,
        23017, 128489,   6777,  33264,    904,  48962,  41205,  80381,
       148544,    353,  30242, 113196,  90704, 147863,   8967,   3561,
        66204,  38541, 126848, 150884,  32735,    431,  27668,  15669,
       122425,  67651, 132640, 150799,  32858,  98998,  72106,  15967,
        36475,  76732, 119677, 130773, 124593, 107120, 150685, 117438,
       120636, 150852,  52644, 101302,  25578, 140271, 143194, 125491,
        48377, 143723,  16428, 109152, 104533, 102252, 128273,  29177,
       117639, 132775,  96808,  64477,  30760,  63431, 148714,  78560,
        43508, 141342,  18638,  19383,  96958, 127334, 126307,  12415,
        81305,  31543,  21251,  96657,  73924, 141567,  98531, 120024,
       103057, 122166,  47311, 108165,  19772, 121350,   4803,  48057,
        38895,  12483, 113193, 115048, 139541, 150470,  57739, 106340,
        80479,  10331, 128597,  32209, 111852, 132111, 142048, 131564,
        85770, 108277, 141043, 120614,   9259, 138258,  64576, 124447,
        70234,  57547,  36802, 134674,  28838, 118540,  74813,  23672,
       147329,  32874,    702,  66889, 144676,  85656, 143493, 107953,
       115402,  85409,  96660,  26533,  43433, 102762,  97880, 136068,
        10500, 137695, 152170,  60090,  86585, 118871,  87687, 110546,
        81576,  44146,  50582,  88530, 124432, 141564,   5780,  56518,
       130525,  19470,  29120,  29378,  22777,  45705,  94328,  91815,
        35029,   3148,  54916,  75093, 131527, 117470, 146602,  84478,
         1381,   4835,  68232, 108733,  13668, 114136,  63319, 126541,
        35154, 111374,  60625,  94991,  10245,  76144, 138567, 129394,
        84572, 132664, 129612, 151797,  86289, 126992,  39756,  84457,
       121196,  44732, 105749,  25852, 145494, 117979, 140907,  24414,
        30064, 117118,   9222,  27322,  56101,  71021,  77082,  67198,
         3697, 102119,  78532, 141160,  73709,  53631,  90557,  91235,
        26320, 123805, 140829,  49451, 121902,  93313,  22745,  45761,
        13380, 145466, 141768,  42394,  71499,  93564,  99164,  69442,
        27072,  31051,  25786, 137585,   3246, 116609,  51225,  19135,
       125589, 149979, 120084,  40122,  77416, 137975,  35797,   4325,
        34595,  90453, 146155, 136587, 150352,  92087, 134377,  27710,
        83198, 137087,  74402,  64852, 132913,  91877,  20223,  20312,
       142051,  41697, 119493, 133835, 129653, 114996, 111823,   4244,
       112142,  83223, 143254, 110364,  15080, 146985, 136261, 122921,
        40353,  41304,  11237,  47478,  58455,  67435,  75605,  12592,
        15011, 104581, 137452, 126402,  14914, 151267,  28284,  53323,
        87895,  77577]), array([ 47535,  31713,   7211, ..., 128961,  98928,  78796])]
shape of feat_train: (11544, 602)
Mean accuracy: [0.8891386850760835, 0.0024305720028761652]
