Namespace(dataset='reddit', dropout=0, epochs=400, gpu_id=0, hidden=256, inductive=1, keep_ratio=1.0, lr=0.01, method='kcenter', mlp=0, nlayers=2, normalize_features=True, reduction_rate=0.01, save=True, seed=85, weight_decay=0.0)
size of adj_train: (153932, 153932)
#edges in adj_train: 10753238.0
Test set results: loss= 0.4403 accuracy= 0.9413
idx_selected :  [array([13694, 38678]), array([ 97335,  98628, 136925,  90474,   1771, 139578,  20581]), array([ 67316,  28828,  53645,  35594, 153735,  32777,  83885,  96474,
        56670,  97922]), array([ 36456, 135926,  39156,   1518, 101592,  12068,  37840,  87225,
        52241, 130859,  21889]), array([123541,  29314,   9803, 131622,  85208,  38269,  97202,  63022,
       124868,  33419, 136186]), array([ 82638, 106042, 141692, 136650,   9010,  38791, 114066, 151710,
        83191,  75157, 148507]), array([150745,  95506,  20066, 151991, 123587,  53927, 142049,  87816,
        68787,  57950,  87132, 135352,  96237,  51534]), array([ 92259, 135307,  63642, 123652,  17583,   2275,  54349,   5753,
        21824,  56519,  38447,  31954,  28329, 142869]), array([ 78624,  60849,  43890,  89580, 117592, 136607, 153409, 131071,
         1892,  43602, 124152, 143137,  54845,  49329,  60943]), array([110337, 132598, 119424,  41678, 123268, 112637, 141701, 103673,
       150619, 116123,  37725,  49017,  37838,  20283,  59106,   7823]), array([ 77495, 136178, 153645,  66344,  82632,  79580,  69705, 121960,
        78825,  86338, 132428,  88874, 146745, 111127,  45732,  70448,
        86147,  71180]), array([118869,  52958,  72660,  76880,  29707,  79842,  27328,  35469,
       126289, 143518,   7651,  40262, 109667,  73694,  47240,  41021,
        28681, 104947]), array([ 98249,  60884,  96145,  58498,  65834,  32300,   3881, 141271,
       106884,  67937,  98311,  28287,   5210,  97105, 114711,  12045,
        91237,  43038,  89648,  46274]), array([115565, 145004,  29993,  10978, 121446,  38063, 118377,  15973,
       114788,  50347,  60573, 113085, 112625,  57155,  55432,  65883,
        53046,  68288,  87006,  54307, 109497]), array([132162,  81379,  27706,  62499,  19730, 101400,  37882,  72363,
        79411,  86372,  39954,  12509, 112381, 123433,  87016, 122793,
        52722,  44475, 100411,  20285, 126456, 134215]), array([ 25595,  90933,  75217,  59563, 134743,   5242,  32402,  91916,
       149663, 140799, 151376,  41259, 106853,  68429, 150743,   5806,
        65223, 141441, 141679,  99760,  97322, 123584]), array([ 26937, 150586,  14068, 127598,  10069,  53171, 138805, 131945,
       150497,  48776, 133395, 129458,  95456,  77201, 101488, 129465,
       128909,   6047, 139961, 104822,  24957,  47428,  50949]), array([ 67576, 132008,  92600,  64906,  49577, 138212,  93298,  87159,
         4612, 144590,  81017,  90763, 136572,  14206, 125048,   4619,
       143058,  48017,  80637,  76182, 132164,  63938, 101364]), array([120018, 101879,   2932,  63085, 106905, 139910,  45174,   3005,
       122251,  99483,  33088,  86368, 120251,  49621,  26722, 129097,
        62178,   7138,  62798,  69359,  51945,  26464,  21893,  59347,
       116969,  51010, 135033, 127085]), array([  1246,  19904, 120272, 117090,  66895, 107040, 132832,  40397,
         9337,  98964,   3429,  61508, 129140, 131703,  67514,  27501,
        98290, 145051, 119627,  89971, 132829,  68403, 138545,  75685,
        30426,  49213, 134412,  96135]), array([131943, 140788,  23206,  18728, 121685, 129051,  86452, 149951,
       147139, 121218,  67458,  75814, 127993,   9539, 127516,  81832,
       142992,  86284,  24782, 143509, 125053,  14392, 116436, 114810,
         5940, 137340, 106957,  64676]), array([ 50727, 145463, 129413, 153466, 123480,  26453,  26172, 143842,
        98753,  82195,  76981, 121977,  89856,  36818, 120109, 131112,
        62816, 104363, 123073,  81984, 130195,  13278, 126319, 145520,
        67828, 118790, 121867,  43621]), array([ 24352,  92663,  19821, 122200,   5871,   5919,   6010,  80810,
        45891, 115513,  95266, 114448, 122294, 101304,  77423,  25871,
        57329,  86394, 122876, 150008,  80845, 142299,  18047,  37996,
       132735, 103241,  94107,  80392]), array([ 91023,  62738, 126976,  29692,  69439, 109223, 151292, 149005,
        75659, 119425,  54484, 126979, 100026, 134560,   8058,  49791,
        32019,  32144,  55473,  56471,   1513,  54447,  84737, 146675,
         7632,  73960,  72511, 109938]), array([114061,   3321,  50953,  24160,  69694,  35851, 139145,  57599,
       133054, 117436,  76515, 113207, 109910,  59452, 142448,  34731,
        63099, 140761,  13032,  18223,  83368,  27145,  98409,  54475,
        41153, 147754, 134794, 141078, 110338, 112239,  84861]), array([ 77823,  91676,  58228,  53371, 115224,  34401,   5008,  18747,
       121008, 145234, 152398,  74059,  59472,  43800, 147772, 129749,
        68395, 153513, 126995,  40953,  37873, 126672,  65262,  68343,
        54262, 137419, 118975, 114688, 127833, 133647,  48101,  34213]), array([ 62477,  69310, 105453,  78210,  14363,  68831,  90379,  33052,
       135805,  40962, 134992, 103432,  16182,  52379,  88059, 114028,
        93180, 133693, 143039,   6177,  34229, 119713, 121760, 124143,
       118207, 102295, 124491,   3006, 105174, 108178,  54311,  45966]), array([ 12481,  28089,  38537,  36005, 106397,  73470, 113444, 100711,
        21494,   9729,  33908, 116808,  70892, 147111,  87241,  51560,
       133126, 133841,  30934,  74513,  40426,  80173,  72622, 128564,
       142665,  50648, 147118,  85580,  75985,  14175, 133687, 137357,
        33262]), array([139760,  68076,  98668, 149212,  24188, 130312,  76804,  67218,
        66269, 120953, 131758, 133781,  63303,  67257,  53205, 136337,
       152093,  90675, 134972,  27582, 112435,  66805,  37020, 102021,
        14172,  44775, 124512, 109422,  66707, 129506, 138062,  62633,
        39831]), array([ 79088,  40912,   8077,  75632,  66404,  14662,  41398,  13611,
        74284,  89669, 152957,  45216, 128332,  33940, 102791,   4965,
       130097,  87198,  67047,  28976,  55881,  82031,   2400,  83375,
        57972, 135577,  40605,  98178,    424,  28610,  70276,   4017,
        43484]), array([ 13161,  98306, 151133,  33517, 117670,  26799,  69295,  94495,
        49339,  15846,  67109, 139827, 108605,  99013,   7144, 109431,
        63907,  75446, 145531,  80684, 118567, 109612,  31218, 126986,
        80013,  26305,  53143,  59402,  53286,  67531,  77149,  97594,
       112975, 114605,  22188,  33727,  73223, 111303]), array([  9166,  53191, 143952,  85565,  40004,  29745, 128941,  11445,
        64592,  23106,  52624, 143761,  35803,  28469,  58326, 136014,
        89845,  29250,  79918,  48217, 125906,  74340,  77270,   2287,
       146914,  11356,   2505,    218, 117614, 153164, 141453,  51645,
       142736, 107200,  61810,  93281, 109570,  39210, 149904,  34131]), array([ 68271,  10228, 129305,  48719, 153847, 149916,  54076,  89292,
       113222,  67645,   8448,  82056,  44873,  43159, 151598, 127306,
        18963,  11901, 129038, 133222, 129697, 129225, 110669,  40543,
       145337,  80133, 150211,  27607,  57369,  33480,  92612, 121002,
       128578,  24981,  62573, 105052, 146161, 145892,  86238,  22954,
        18426, 121495, 134847,  37415,   5636, 120330, 126588, 125967,
       143495, 152401,  23725,  48259,  30737,  46752]), array([  3151,  84680,  19877, 153217,  58250,  99508,  91453, 129795,
        28837,  64129,  94563,  62344,  64261,  96190,  65245,  93766,
        43145,   5370,  75574,  76096,  34671, 136215,  70592,  43834,
       139748,   8649,  62430,  78680,  56803, 153121,  81495,  24377,
        43553,  73739,  67884, 132609,   6326, 103340,  91913,  38768,
        33263,  16940, 109367,  78822,  37463, 145771,  43852, 117038,
        36769, 153058,  91970,  84745,  52331, 140460, 132873,  87103,
        34170, 120556,  36783,  99569, 104333,  26415, 121522,  59466,
        67811,   3383,  44382,  77510, 118764,  68170]), array([110587, 128890,  19979,  24399, 129582, 128497,  92617,  24767,
        12009,  37114,  31396, 102713,  55773, 103315,  30803, 115284,
        15616,   6682,  82505, 106772,  99358, 142954,  71816, 111779,
           67,  51895, 141501,  52995, 123175,  47067,  38370,  39997,
        96868,  23983,  81765,  53552, 129161,  85207, 137097,  70479,
        42518, 141546, 116058, 149774,  58989, 122422,  25181,  58033,
       136912,  47378, 117275,  11467, 115929, 108154,  86048, 140978,
       100588, 116131, 142924, 136419,  84058, 132635,  89668,  66690,
        75748,  12388, 134371, 121250,  97272,  99697,   6781,  92502]), array([  7832,  76755, 148239,   7009, 108887,  29536,  35964, 151762,
        99666,   4827, 124056,  25999, 130256,  97560,  54150, 129783,
       118186, 148203,  99214,  85974, 124283,   2394, 138745, 116877,
       123773,  54355,  82790,  58883,  43721,  52361,  40653,  64223,
       125461,  38530,  22278,  96983, 150355, 120294,  13245,  14080,
        48470,  35534,  47357,  39380, 147822, 110202,  31183, 101103,
        77230,  80432,  22949,  65358, 133014, 107401,  43035,  45675,
        82701,  14539, 150040, 114778,  76904,  81149, 127108,  76566,
        50888,  86098,  75739, 151621, 136923,  66642, 102997, 148157,
       145140,  60848,  43660,  91044]), array([100794,  68909, 101823,  84048, 100479,  58066, 134776,  13789,
       124300, 137846, 137730,  90249,  47837, 110253,  64650,  25299,
        79385,  66268, 138502,  85530,  60207,  14570, 101506, 151813,
       107377, 115061, 130733,  31809,  66306,  64950, 150920,   8304,
       153649,  18542, 129067,  19422, 123259,  33303, 149548, 111826,
        24089, 133788,  64878, 151716,  84624, 123435,  35401,  68494,
       108520,  29565, 100197,   8924, 112014,  77312, 101030,  23378,
        66802,   7031, 137977,   2650,  81419, 151197,  99820, 129578,
       106657, 120587, 114305, 112925, 137614, 133318,  34180, 149837,
         2673, 112043,  91290, 100180, 111335,  16008, 138503, 120454,
       100071]), array([138053,  37646, 125228,    589, 148206,  15184,  31470,  13188,
       113302,  61402, 125866,  88818, 152512,   7545,  30520, 104185,
       107116,  39899, 117973,  62479,  93704,  62318,  34675,  40734,
       132790,  92277,  24278,  17134, 139998, 153429,  35252, 153068,
        23099, 144184,  69591, 142689, 138980,  12828, 112764, 148716,
        31315,  59899,   9390, 133689,  54705,  54506,  41786,  30738,
        91545, 107037, 137869,  90603,  61874,   3626, 147805, 137482,
          271,  97169, 111831,  31038,  42057, 148367, 136044,  83630,
        40997, 144311, 102528,  70198, 153534,  56008, 134013,  19606,
        16895, 110097,  30370,  12781,  33679,  54148,  61811,   6017,
        54962,  69085, 113967, 120627]), array([124341, 153026,   3674,  86640,  40233, 152182,  14767, 114138,
        92831,  30727,   3283,  13590, 110976, 118121,  86680,  90292,
        54646, 129947,  77607,   9380,  83387, 102522, 149470,  66660,
       137474,  79264,  24497,  62948,  28357, 135723,  43086,  33127,
       126395,  85570, 131987,  65084,  44507,  37026,  19978,  66462,
       100506, 124005,  62914,  38776, 123798,  50070,  34634,  94013,
       102011,   6086,  46653, 128675, 105493, 130659, 122436,  47900,
         6696, 126404,  30432,  95151,  19965,  12296,  13755,  35160,
        97046, 115251,  69840,  34512, 148655, 129452,  11294,  74465,
       141498,   7555, 137515, 116771, 151230, 132978,  52190, 132694,
        40298,  55120,  74858,  95721, 108331,  11195,  44425, 129906,
        88543, 149055,  72388]), array([ 37299,  36102,  11378,  43203,   9463, 130024, 134417, 130796,
        98802, 122757,  50330,  18661,  67599,   7708,  82815,   2074,
       139741,  90221,  84379, 150261, 100126,  87903, 136154,  30369,
        61423,  16850,   9167, 145994, 120023,  62896, 130389, 118540,
        28121,  91992,  51986, 131433,   9809, 130400,  66926, 127644,
       129966,  11825, 146196,  91904,  73751,  12803, 131606,  48324,
        63890,  81689,  27718, 105702,  99834, 146245,  44377,    348,
        64630, 122395,  15286, 106770, 137283, 118871,  85589, 148357,
       119382,   9207, 150976, 128562,  79578,  19015, 140351, 119685,
        15011, 150617,  26650, 125556, 139148,   9367,   5351,   7215,
        50358, 120636, 152085, 134499,  25397,   5426,  97976, 151144,
        56124, 106685,  34929,  52340,  19582,  20007,  65969,   6971,
        64876, 152096, 132836,  91203,  85768,  32312,  39629, 139380,
        68277]), array([ 57710,  33502, 137629, 147112,  31713,  15933, 138042,  84473,
         7211,  45370,  36932, 110536,  30678,  97214, 153125,  85540,
       127958,  66679,  42151, 140990,   6338,  37668,  92748,  21160,
        26579,  14779, 108532,  91016,  20578, 119315, 129616, 128001,
        79087,  32165,  88971, 127793, 116283, 125217, 106865,  47653,
        72613,  59465, 140212,  51032,  95084, 127049,  33274,   1554,
        45808,  20632, 115520,  99638,  54335,  26954, 148859, 151350,
        66788, 108600, 124221,   8299,  50924, 144897,  18583,  86566,
       105186,  63851,  59948,  66880,  28240,  87760,  71655, 131519,
       124161, 151501,  12275, 144785, 101254, 111011,  39049,  73919,
         1231,  49116,  87474, 128826, 151668, 131305,  26103,  39233,
        93879,  20036,  82593,  11944, 151935, 119593, 111418,  55542,
        75375,  48504,  27484, 147522,  81248, 117622, 147715,  85524,
        76294,  25790, 126489,  97002,  86119,  69087, 127294, 135761,
       132404,  14765,  54653,  71478,  71090, 121257,  88354, 118134,
       149852,  35335, 137413, 106505,  70449, 117773,  54695,  17200,
       102624, 148253,  97420,  63404, 104845, 119423, 101817,  63408,
       137449,  63333, 122025,  53797,  16857,  63916,   1176,  67812,
        55858,  89100,  75501,  79170, 139483,  52293,  11852,  22043,
       138768, 124109,  50025,  49880,  49777,  41899, 122198,  15775,
        71383,  13470, 109409,  41112,  79007, 110129,  35322, 137749,
        32294,  33070, 140813, 129106,  81554,  91541,  81669, 127038,
       102229,   4691,  70837,  99122, 126115, 137057, 103648, 104361,
        20175,   4925,  89608,  42102])]
shape of feat_train: (1539, 602)
Mean accuracy: [0.7452578884591753, 0.012938624911608855]
