Namespace(dataset='flickr', dropout=0.0, epochs=400, gpu_id=0, hidden=256, inductive=1, keep_ratio=1.0, lr=0.01, method='kcenter', mlp=0, nlayers=2, normalize_features=True, reduction_rate=0.06, save=True, seed=85, weight_decay=0.005)
size of adj_train: (44625, 44625)
#edges in adj_train: 218140
Test set results: loss= 1.5489 accuracy= 0.4692
idx_selected :  [array([20803, 20890,  8546, 29916, 43717, 23333, 14164, 12001, 10925,
       21821, 31330, 36617,  2474, 17133, 38850, 12221, 19153, 39775,
       27977, 35316, 15406, 13112,  1920, 16599, 40408, 21204, 18828,
       27708, 36509,  5930,  7685, 36051, 25852, 10533, 27765, 31347,
       38637, 33043, 21116, 21037, 24459,  6730, 21022, 21342,  6574,
        2888,   862, 16560,  9749, 24511, 41988, 15581, 43721, 25061,
        5071,  4132,  4954, 41223,  9557, 14453, 13480, 12582, 14383,
        1595,  8983,  8382, 20400,  6971, 29632,   579, 14198, 22536,
       16399, 21964, 44139,  1656, 35499, 14185, 19765, 23179, 25961,
       41396, 12438, 35079, 36500, 11833, 25389, 39130, 43674,  9358,
       40047, 42187, 35182, 20586, 25944, 44305, 24549,  2504, 10068,
       26328, 21029, 34803, 18506, 26335]), array([23596,  2982, 35160, 24663, 29426, 13930, 44441, 39885, 29848,
       24749,  6023, 13910, 33536, 41041,  6275, 35365, 40209, 38720,
       14596, 41057, 22161,  1494, 10782,   190, 28911,  9679,   784,
        2911, 38175,   683, 36510, 20293, 35502, 25704, 33784, 36635,
       16248,    40, 43098, 16705, 40815, 22844, 12506,  2904, 23472,
       32840, 26589, 32387, 35614, 15374, 10594, 25873, 11160, 30039,
       29518, 33355,  2431, 37989, 34428,   762,  5826, 27426, 16665,
        9834,  2115, 22222, 11537, 42553, 27078, 21316, 15895, 10259,
        7258, 16426, 17159, 18139,  4818, 20649, 32521,     8, 18422,
        7275,  5036, 20922, 19342, 44341, 21020, 35124, 14884, 17379,
        5133, 34175, 15761, 22142, 26941,  1259,   569, 32857, 36427,
       11863, 37658, 18064,  3390, 41840,  1831, 23083, 25980, 11538,
       31737, 21381, 25857, 30117, 32567,  1399, 40621, 30765, 27486,
       17042, 18763, 37350, 35478, 14275, 16271, 39099,  5982, 19936,
       39881, 31198, 25162, 11169, 28195, 23760,   370, 15744,  7021,
       22609, 17528, 40246, 11315, 17892, 11158,  8974, 22550, 29272,
       10958]), array([10631, 29542, 40441,  2675, 10400,  6298, 38847, 39213,   894,
       12809, 20990, 40973,  3375, 31037, 27061, 30665, 42063,  5254,
       19268, 35065, 15997, 35757, 39860, 32204,  6795, 28436, 20374,
       28671, 24711,  5096, 24463, 34934, 27093, 25440, 11939, 20565,
        1130, 15441,  9315,  6294, 24349, 17126,  1558, 25052, 35920,
       31115,  3612, 25586, 39396,  9040, 29819, 17814, 24181, 11879,
       17411, 35946, 23685, 25043, 18519, 24894, 37905,  2071, 26500,
       26492, 41526,  3960, 29842, 36579,   204, 41871,  4011, 30102,
       10473, 37904, 20155, 15019, 41588, 31279, 24415, 38325, 12027,
        9895, 26303, 10285, 40463, 40696, 31293,  8843, 25638, 34563,
       41890,  8146, 24332, 14079, 17577, 31319, 13074, 11791,  6128,
        1487, 15870, 23652, 41365, 43896, 15395, 18684, 31923,  4738,
       37023, 30358, 38726, 35636, 40485, 42563,  1326, 22384, 34343,
       16306, 28147, 11174, 20525, 10507,  9973, 38939,  3732, 21158,
       40011, 17728, 31327, 11553, 22976, 36693,  6213, 26228, 17584,
       37806,   231,  3817,  8806, 13034, 18123, 38869,  1681, 26956,
       43469, 29207, 31922, 25949, 24045, 41288, 22984, 24356, 29482,
       15378,  4034, 23755, 22510]), array([34029, 19760, 42206, 27633, 19094, 34896, 39041, 41660, 20572,
        4386, 13791, 11995, 14444, 14871, 26252, 13064, 38602,  8395,
       31125, 17722, 22059,  2381, 33588, 35162, 38616, 12882, 11508,
        4906,  1137, 37883, 20230, 34820, 32414, 17054,   825, 24983,
       37394, 12248, 21568, 42912, 39811, 18605,  3120,  2463, 11540,
        9459,  3929, 24923,  2385, 28399,  4280, 13747, 38109, 28138,
       14002, 26683,  2923, 42676, 33657, 26900, 12322, 23805, 33279,
       31936, 39839, 40832, 25367,  8445, 12937, 35827, 15575,  1224,
        4665, 43371, 16790, 39964,  5051,  9643, 15911, 21705, 35484,
       24268, 18876, 44352, 29064,  6853, 18326, 22188, 33969, 16869,
       42030,  6318, 12868, 21290, 36792, 12040, 31057, 22635, 27350,
        5920, 38184, 13320, 15125, 31849, 26523, 26612, 24596,  8999,
       44390, 27563, 38620, 19932,  1449, 26480,  9362, 40018, 27914,
       23292,  3516, 29509,  7871,  3947,  2340, 15695, 34500, 18628,
       34639, 34633,   930, 22096, 38878, 25959, 10426, 29425, 28914,
       11412, 15644, 12993, 12476, 10314,  7200, 21551,  4616, 25602,
       39005, 39700, 30460, 38993, 20983, 29674,  1741, 37273, 28437,
          74, 29525, 10020, 32861, 29752, 17858,  4190, 34186, 37896,
       33120, 24330, 16298, 43106, 39893, 38612, 24666, 13985, 18437,
       25594, 10769, 35654, 24438,  6818, 37590, 16646, 33617, 39910,
        1809, 33686, 32174,  7899, 19801, 20900, 15918, 39049, 41002]), array([43567, 27957, 43519, 15289, 32924, 40001, 37675, 21715, 39519,
       33255, 29329, 24640, 42044, 36157,  6783, 37100, 27357, 17529,
        7753, 11104,  8017, 40898, 42152,    62, 37932,  6931, 29125,
       38570, 19008,  7072, 42617, 22748, 32889, 32171, 28418,  4641,
       29072,  4969, 19518, 16387, 11089, 32076, 29143, 15488, 28701,
        4634, 19734,  2958, 14825,  6239, 10993,  8471, 22486, 20846,
       34496, 22684,  9764, 38077, 34064, 15599, 42024, 31649, 21939,
       31509, 19723, 16398, 14713,  3657,  7678, 17989,  4750, 19317,
        3366, 16737, 12513, 21193,  5983,  6872,  5797, 41756, 40514,
       35926, 36983, 22001, 32863,  7052,  2114,  6975, 30175, 39789,
       13945, 10953, 40037, 41483,   708, 23988,  7739, 18909, 13590,
       29431, 38134, 30708, 21916,  8901, 27066, 35680, 37733, 10568,
       30008, 18406,  3608, 29717, 14827,  3150, 21177, 15273,  9646,
       30310, 39177,  7591, 14695, 14739, 34986, 28985, 44203,  9920,
       19800,  7974, 32991, 24973, 18288, 39510,  1317, 39695, 33412,
        4127,  2993,  8991,  7263, 32201, 31619, 13507, 23288, 22954,
       16621, 38542, 14491, 27252, 32793, 22564, 21509, 23626, 25098,
        7255, 31534, 28083, 12742, 27470, 41280, 10142,  9304, 40393,
        6915, 29974,  4365, 10885, 26615, 30154,  2869, 12815,  6998,
       14908,  3416, 39541,  2597, 22465, 33127, 35326, 36207, 33473,
        9811, 25361, 26464, 41744, 22058, 15264, 40537, 34152, 24729,
        4346, 34127, 22320,  2771, 39370, 29591, 11187, 14805, 14243,
       38345, 13535, 19276,  8923, 36442, 20305, 13998,   284, 42773,
        8848, 24827,   884,  4727, 27549, 40230, 14061,  6401, 36514,
        8631, 28386, 26215, 40484, 40649,  5205, 32513, 25782,  5533,
       14804,  1141, 28169, 13917, 29786,  6472, 17629, 13556, 37557,
       40225,  9075, 27735, 19001, 23722, 19840, 34873, 30171, 21185,
       10929, 37013,  7598, 21006, 42346,  7885, 34925, 40078, 28930,
       43932, 28741,  8857, 40803, 17408, 17334, 39518]), array([18025, 17983, 11338, 31326,  3370, 41119, 16139, 24469,   116,
       13425, 21176, 19671, 22583, 12557, 11308, 40140,  7893, 16995,
       39686, 11119, 19077, 27005,  4129,  2728, 19039, 32370,    18,
       33566, 32614, 35707,  8108, 18809, 32007, 14360, 20783,  3757,
       20495, 25005, 32229,  1302, 33201, 41725, 32505, 36488, 36316,
       26794, 36977, 40115,  2677, 16580, 41193,   168, 42688, 29599,
        2704, 37121, 12400,  3801, 23202, 16213, 36068, 16933,  6906,
       13946,   889, 30006,  2856, 29894, 28521, 22043, 30269, 20978,
       10245,  5712, 25618, 44067, 31203, 41674,  5984, 10090, 14033,
       40877, 21919,  1029, 40417, 30809, 16048, 32154, 13689, 11348,
       32850,  4940, 31779,   330, 20840, 39326, 34874,  4519, 42897,
        4130,  3997,  8112, 13591, 34473, 26088, 13971, 13871, 14206,
       31175, 40776, 32988, 43278, 16281,  8687, 32145, 32576,  6087,
       26211, 10643, 42280, 32791, 15498,   329, 40129, 42268, 37090,
       16244, 10151, 27365, 20552, 26646, 29118, 20130, 19255, 39517,
       26460, 25948, 10375, 28636, 26920, 18735, 26019, 32845, 35356,
       22598, 26907, 39066, 15153, 25481, 16358, 30425,  3895, 14638,
       32531, 40244, 16200, 18944,  7453, 34155, 40686, 12179, 17132,
       26221, 43394, 42682,  5606,  3077, 36125, 39545,  5776, 29991,
       28491, 26201, 43879,  1264,  7505, 44514, 36001, 42704, 31413,
       20116, 12299,  1232,  6483, 20899, 20580, 38410, 32135,  7343,
       42937, 36803, 22831, 42302, 32775, 12060, 21143, 24245,  8288,
       28353,  6089, 36374, 20131, 14975, 11397, 15753, 19073, 15725,
       41581, 28714, 11730, 31554, 11066, 33681, 40648, 20904, 44618,
       14769,  6441, 37979, 17797, 26167, 19597, 10332, 14340, 43659,
       21585,  2767, 17078, 36820, 18734, 34357, 28728, 33946, 37270,
       13799, 31098, 14099, 12408, 40059, 40135, 17289, 15384,  1895,
       25409, 18765,   104,  8703, 22949, 13486, 34661,  7284, 17294,
        3213, 26862, 19730, 13392, 38836,   367, 18364, 13832, 10556,
        2705,  5584, 16114,  6805, 27587, 40630, 34498, 30761, 35718,
       35303, 34845,  8044, 31830,  1407, 33466, 13659, 24475, 15602,
       14437, 11047, 15120, 36486,  1448, 30827,  9204, 17056, 25182,
       25941,  5709, 15824, 19407, 34868,  2351, 19454, 21670, 20075,
       38969,  1768, 31769, 35429, 32441, 20791, 38449, 27367, 41618,
        1761,  3030, 18888, 28191,  1808, 44276, 43156,  6545,  9122,
       40713, 42732, 30144, 36917, 35843, 28280, 34990, 22250, 17481,
       37991, 29775,  9725, 28070,  6817, 13679, 28076, 40285, 16264,
       36152, 32071,  4706,   346, 32971, 26145, 28314,  5366, 41956,
       33007, 28638, 22137, 40498, 40883,  4835, 31563, 31418,  5122,
        8268,  4160, 21973, 35441, 11519, 42265, 37120, 41013, 18101,
        1704, 30671, 29291, 14587, 36499, 24204, 12124, 40395, 40683,
       21662,  9080,  4868, 14855, 43893, 10359, 38802, 40604, 14385,
        1010, 44215, 14158, 37341, 39685, 34629,  5075, 27274,  1710,
       35985,  8241, 33375, 35042, 35337, 42665, 29643, 42709, 25475,
       37876, 15167, 24700, 26246,  6215, 40303, 17850, 17545, 39091,
       17575, 18764,  3953,  6311, 26126,  2019, 27546, 20828, 27217,
       13662, 18093, 34605,  5489, 13567, 25335,  6926, 40647, 12913,
        2877, 24015, 22577, 40024, 26044, 24593, 31134, 37522, 16759,
       33836,  7226,  6792, 37114, 43737, 14554, 29567, 40907, 42908,
       17494, 23643,  5624, 25833, 30633, 11167, 17646, 23408,  3006,
        4667, 18223,  5343, 14470, 25150, 42154, 32525, 11309, 38011,
       33361, 29694, 36333, 40520, 27722, 36084, 16949, 16574, 26635,
       34713,  3322, 36498, 19379, 21582, 30805, 23286, 11218, 14139,
       36709, 15764, 15409, 24811, 23785, 31389, 39250, 42107, 31551,
       33170, 26131, 23203, 21758, 30351,  9524, 16851, 11660,  7879,
       28573,  3443, 18268,  7766, 30037, 11761, 35421, 32019, 13732,
       32165,   570, 17075,  7180,  4827, 42989, 31503, 11960, 30613,
       25605, 19833, 22415,  5487, 28944,  5454, 41382, 27471, 16663,
       19467, 25014, 32603, 10211,   662, 21992, 17538, 39020, 25280,
       12423, 15504, 44377,  7232, 15784, 27344, 31920, 17224,   608,
       16626, 18129, 11652,   822,  5165, 40207, 41221, 43836,   697,
       41777,  3581,  1726,  7490, 28061,  8099,  3493,  9170, 16174,
        4060, 30488, 43989, 43681, 27452,  9346, 10761, 26837,  5974,
         518, 17506, 36601, 16001, 39679, 33323, 13682, 41429, 28872,
       38025,  6141, 27385,  5511, 22810, 32042, 37983, 25616,  2651,
        5427, 35529, 28992, 15619, 28176, 34023,  8571, 34469, 22183,
       13210, 30346,  3884,  2295, 22242,  2639,  4286,  8121, 10521,
       41555, 11927, 42786,  8231,  5493, 23741, 15534,  2906, 23059,
        5114, 21202,  5965,    63, 18250, 37621,  3940, 26403, 25697,
       12831, 17818, 26010,  1040, 44353, 26597, 20033, 11109, 18105,
       23948, 42509, 19020,  7182,  4927, 11266, 15811, 36258, 34967,
       14930, 24674,  4471, 17341,  3134,  9482, 44287,  7949, 30055,
       30203,  4705, 13697, 38092, 10415,  9436, 27467, 10527, 34687,
       28570, 35294, 20792, 16266,   691, 20183, 41362, 27327,  2840,
       37516,   928,  8213, 15659, 21238, 28012, 34169, 18496,  2720,
       18698, 26325, 35720, 13262,  8904, 34151, 34769, 23530, 24379,
       19173, 23562, 30220, 30163, 29374, 22674,  9515]), array([19139, 23279,  2069, ..., 16331,   832, 20311])]
shape of feat_train: (2677, 500)
Mean accuracy: [0.4554385335902838, 0.0026576699778733037]
