Namespace(dataset='reddit', dropout=0, epochs=400, gpu_id=0, hidden=256, inductive=1, keep_ratio=1.0, lr=0.01, method='kcenter', mlp=0, nlayers=2, normalize_features=True, reduction_rate=0.02, save=True, seed=120, weight_decay=0.0)
size of adj_train: (153932, 153932)
#edges in adj_train: 10753238.0
Test set results: loss= 0.4640 accuracy= 0.9409
idx_selected :  [array([ 13694,  38678, 145784,  34327]), array([ 97335,  98628,  25715,  90474,  60351,   1771,  63266,  20581,
         7381,  74673,  75254,  33619, 107468, 139578]), array([ 74959,  28828,  35594,  53645,  97922,  83885,  32777,  96474,
        56670, 153735, 140396,  70688, 121636,  51726, 123421,  46092,
         3375,  85017,  13154,  88984,  61227]), array([ 60223, 135926,  39156,  30146,  75911,   1518, 101592, 123929,
        37840, 146664,  21889,   7983,  21955,  87225, 128653,  35125,
        52241,  31245,  34121,  92463,  64414, 114220]), array([113413,  29314,   9803,  85208, 131327,   6599,  97202,  63022,
       124868,  78867,  33419, 136186, 115479, 145688, 136651,  29110,
        76621, 150410,  83143, 126177,  48269,  38269]), array([ 82638, 106042, 141692,   9010, 151710,  38791, 123879, 106946,
       147397, 134865, 148507,  44066,  43071,  83191, 136650, 114066,
        26254, 151651, 129566, 135012,  46674, 153827,  29387]), array([112977,  95506, 142049, 151991,  68787,  87816,  20066, 123587,
        44774,  60928,  53927,  87132, 125281,  85448, 110815,  51534,
       149920,  57950,  96237,  46968,  88137, 135288, 103960, 112675,
        93826,  72261,  36815, 110096,  47913]), array([  2758, 135307,  63642,   2275,  54349,  56519,  95947,  54850,
        31954, 123652,   5753, 153018, 142869,  21824,  16096,  28329,
        38447,  24776,  99756,  41296, 129285, 130202,  17583, 120175,
         8120, 148284, 151013,  97207,  29443]), array([ 78624,  60849,  43890, 117592,  89580, 143137, 153409, 124152,
        54845,  97693, 133426,  71200,  49329,   1892, 136607,  27342,
        60943, 131071,  60827, 134980,  79863, 113086, 133562,  45684,
       113381,  39255,  32829,  50900,  29102,  52174,  68097]), array([ 15991, 132598, 119424,  41678,  37725, 112637, 123268, 116123,
       103673, 150619, 104644,  20283, 141701,  37838,   7823,  95697,
        65983,  59106,  25693, 103172,  52608,  54611,   2137, 115933,
        95794, 112881, 118991,  65939, 101779, 139610,  68344, 113387,
        12590]), array([ 72880,  79580, 128537,  82632,  66344,  40933, 136178, 121960,
       132428,  86338, 140453,  21385,  70448,  86147, 116132, 124420,
        45732,  78825,  88874,  42930,    397, 153645, 150289, 111127,
        62587, 149151,  69705, 114919, 118842, 109031,  33542,  11418,
       146745, 139351,  71180,  53828,  34607]), array([103974,  52958,  53054,  76880,  29707,  40262, 107826,   7822,
        35469,  27328,  45774,   7651,   6558, 126289,  41452,  28681,
        76250,  73694,  29335, 142025,  72660,  27271, 135950,  76818,
        24765,  29368,  54995, 104947,  14272,  39379, 109667,  97092,
        95371,  25928, 117710,  44763,  79842]), array([ 98249,  60884,  96145,  42332,  32300,   3881,  58498, 141271,
       101721, 106884,  28287,  98266,   5210,  89472,  51008, 126027,
        12045, 114711,  60434, 131078,  79134,  60262, 151261, 107676,
       114451, 130904, 113732,  53757,  34385, 146730, 105206,  56597,
        67144,  49201,  20242,  80799,  90728, 116764,  84777, 118810]), array([ 74183, 145004, 118377,  61133, 121446,  29993,  60573,  56786,
        54307,  10978, 105474,  53046,  15973,  65883,  95393,  50347,
         2260,   7782,  87006, 114788,  77702,  37170, 149889,  15001,
        55432, 112625, 109497,  85363, 104751,  60140,  46533, 129610,
        11002, 129048, 148394, 113085,  68288, 119783,  16333,  71089,
       117492, 137118]), array([  8560,  81379,  27706,  19730,  12509,  86372,  37882,  72363,
       101400,  79411, 134215,  62499,  52722, 144484, 123433,  56077,
       121153,  87016,  39954, 112381, 141522,  64925, 146720, 100411,
        34509,  51803,  20285, 140763,  32875, 100301,  44475, 146191,
        14356,  85089,  24503,  69224,  97805,  89117,  71064, 118580,
        28639, 126456, 118590,   2151]), array([ 25595,  90933,  75217,  59563, 151376, 118346, 134743,  32402,
       140799,   5242,  91916, 106853, 150743,  41259,  94266, 149663,
        10919, 141441, 142947,  49821,  57390,  46884, 141679,   3399,
         5806,  52746,  25434,  46200,  89868,  38575,  60547,  66772,
        71888,  56885, 121375,  60362,  82193,  38820, 109308, 102607,
        23596,   1048, 101303,   4378,  46637]), array([ 97827, 150586,  14068, 127598, 139961,  10069,  53171, 133395,
       138805, 150497,  48776, 128909, 129458, 131945, 101488,  24957,
        77201,  95456,  47428, 129465, 104822, 137984,  44717,  50949,
         9273,  73580, 144389,  92561, 113038,   1875,  85957, 122106,
       133679,  31422,  12060,  21069,  31683, 121821,  46976, 147466,
        95147,  43831, 149002,  55243,   7704,  86868, 101013]), array([114075, 132008,  93298,  14206,  49577,  87159,  64906,   4619,
       136572,   4612, 125048, 144590,  92600,  90763, 138212,  81017,
        48017,  68768,  80637,  76182,  63938,  25497, 132164, 101364,
       127241,  89509,  89503,  68529,  27222,  96614, 134028, 106695,
        95433,  60461, 116397,  71390,  56918, 106456, 146673, 134467,
       140434, 113897, 100562,  24239, 117050,  61600,  17153]), array([ 58287, 101879,   3005, 139910,   2932, 122251,  63085,  45174,
        99483, 106905,  33088,  69359,  86368,  26722,   7138,  12015,
       120251,  26464,  51010,  62798,  49621,  21893, 127085, 116091,
       116969, 129097,  51945,  59347, 135033,  66757,  33265,  23931,
        27673, 121434, 113601,  91081, 132863,  38361, 135053,  17672,
        42498, 141210,  39563,  38522,  89424, 134842,  21345,  10543,
        28288,  20258, 134011, 138060,  78422, 140554, 111267, 132212]), array([  1246,  19904, 120272,  67514,  66895, 132829,   9337,  61508,
       132832,  40397,   3429,  98964, 117090,  98290, 129140, 138173,
        83055,  89971,  30426, 131703, 134412,  68403, 134277, 138545,
        15889, 101983,  91583,  59157,  96135, 145051,  26293, 135403,
        49213,  14925, 107040, 119627,  41357, 138375,  98437, 108252,
        22156,  47891, 118825,  24597, 120031,   7507,  53771, 112140,
        31076, 127967,   8841,   7262, 146757,   9075, 138324,  59882]), array([  5012, 140788,  23206, 129051, 121685,  86452,  18728, 149951,
       147139,  67458, 127516, 127993,  73479, 137340,  75814,   9539,
       121218, 143509, 149256, 139364,  86284, 106957, 111275,  48237,
       114810,  24782,  64676, 142992,  57483,   5940,  14392, 116248,
        10874,  79093,  74344,  11172,  81832,  17967, 142642,  19748,
        29162,  20471,  99479,   2517,  89504, 122240, 116436,  29129,
       125053, 136179,   5913,  55217,  13806,  96639,  19732, 120073]), array([125975, 123480,  98753, 123073, 145463,  26172, 143842, 129413,
       153466, 121977,  76981,  81984, 104363,  89856,  82195,  26453,
       131112, 145520,  67828,  50065,  36818, 120109, 126319, 130195,
        13278,  63490, 118790, 152239, 121867, 111541, 146495,  29530,
        29298,  70584,  85156,  98293,  43621,  19629, 128338,  50170,
       144382,  82156,  90206,  81176,  55006,  20452, 129236, 132970,
        72972, 114187, 124323,  62354, 152628,  53905,  90368, 125024]), array([ 24352,  92663,   5871, 122200,   5919,  80810,  45891,  19821,
        95266, 101304,   6010, 122294, 142299, 115513, 122876,  80845,
       114448,  25871,  77423,  80392,  53490,  37996,  86394,  18047,
        10277,  57329, 108275, 150008, 103241, 132735,  44565,  94107,
        50795, 124160,  63946,  65178, 122660,  88661,   7749,  36823,
       107106,  90079,  95134,   2144, 143172,  37163,  98162,  37755,
       131294,  51935,  31909,  87733,  92262,  36315,  83133, 103476,
         6293]), array([ 16865,  62738, 126976,  69439,  29692, 109223, 149005,  75659,
         8058,  54484, 151292,   7632, 126979,  58034,  86697,  32144,
       134560,  72511, 146675,  55473,  56471,  84737,  40301,  73960,
       119425, 100026, 149186, 150272,  74650, 120828,  78310,  32019,
         4705,  54447, 109938,  76342, 146314,  69545,   1513, 106584,
        81452,   7485,  44270, 149029,  48250,  17202, 120080, 113437,
        25440,  80919,  49791, 139372,  44844, 144137,  26826,   9520,
         1883]), array([114061,  24160,  35851,   3321, 139145,  57599, 109910,  76515,
        69694,  50953, 117436, 142448, 113207, 133054,  59452,  13032,
       148605,  52905,  41153, 146831,  27145,  84861, 122348,  27396,
        18223,  83368,    957, 122469, 121466, 141078,  90816,  73270,
       140509,  20197, 144401,  54475,  98409, 139226,  72493,  63099,
       107900,  61181,  85398,   5673,  91444, 101916, 139707, 147636,
        35677,   6356,   4786, 131746, 112239, 113386,   2007,  64050,
        88595,  30714, 135057,  89545,  76492,  53975]), array([141971,  91676, 129749,  53371, 121008, 145234,  68395,  37873,
        34401,   5008,  18747,  58228, 115224,  59472, 152398, 114688,
       153513, 118975,  74059, 127833, 126672,  65262,  40953,  48101,
        68343,  34213, 126995,  47841, 137419,  72667,  43800, 133647,
        54262, 103957,  24244, 136335,  34590, 143683, 114682,  66457,
       107713,  69206,   2268,  90799, 115073, 121389, 144226, 132427,
        75160,  48837,  24518, 129712,  29172, 130938, 151890,  67113,
        27823,   8727,  53376,  95798,   9297,  91156, 118166,  28913]), array([ 62477,  90379,  14363,  33052,  68831,  78210,  69310, 105453,
       151718, 135805,  31630, 103432, 119713,  40962,  39868,  52379,
       124143,  34229,  36689,  88106, 133693,   3006, 146884,  25524,
        23042,   5475,  97708, 107737,     74,  22028,  75886,  38750,
        55116,  33172,  15391, 113384,  81376,  98616,  77163,  98737,
       102295,  53040, 143039,  20724,  18637,  43432, 112938, 132990,
        91469, 134262, 115163, 104891, 151033, 109849,  88927,   3061,
        81004,  93180, 116755,  53995, 109209,  56157,  78462, 140401,
       146998]), array([110507,  28089, 131977,  36005,   9729,  30934,  38537,  73470,
       113444,  12994,  88355, 152364, 147111,  21494,  80173, 144315,
       133126, 133841,  87241, 116808,  85580, 106397,  96207,   6394,
        21710,  91177,  51355,  78476, 139335, 147118,  52633,  32981,
        75985,  40426,  33262, 137357,  74513,  84857,  87391, 142665,
        14175, 132464, 151199,  45570,  79855, 116497, 133687, 132481,
         7864,  27691, 138153, 144748, 116036,  70892, 116422,  51560,
        71522,  16352,  34683,  11929, 128135, 142371,   5908, 128526,
        86877,  32526]), array([139760,  68076,  98668,  67218,  24188,  22563, 130312,  53205,
       149212,  66269,  44775, 133781, 131758,  37020, 134972,  76804,
       152093,  90675, 109422,  67257,  51405,  63303, 149671, 102021,
        14172,  27582, 136337, 112435, 127202,  39831, 124512, 120953,
        43855, 137211,  72045,  45201, 138062,  80037,  38145, 107761,
       136927,  55106,  66707, 129506,  62633,  24927, 114795,  88516,
        24127,  24007,   8410,  66805,  95086,  34345,  16219, 146740,
        54866, 150263,  50508, 110816,  60704,  57358,  75155,  96421,
       118078, 144075,   2509]), array([ 79088,  40912,   8077,  75632, 152957,  14662,  40605,  33940,
        74284,  57972,  66404,  45216, 131497, 128332,  13611,  82031,
        28976,  67047,  70276, 136997,  28610,  87198,  55881, 102791,
        98178,  49672,   4965, 135577,  83375,  92946,  43484,    424,
        18154,  58787,  41398, 130097, 104872,  78864,   4750,  44826,
        84331,   4017,   9784,   3663,  27446,   1535,  73132,  13256,
        14695, 109821,   1281,  89669,  82129, 121243,  41538,  55103,
       100935,  88277, 123808,  87267,  34492,   2676, 110100,  66323,
       112835, 106295,  37671]), array([ 15834,  98306,  69295,  33517, 117670,  15846,  63907,  67109,
        49339,  94495, 151133,  75446,  31218,  80013,  99013, 108605,
       109612, 112975,  67531,  59402, 100671,   7144,  26305, 145531,
        80684, 118567,  61246,  26799,  33727,  59921,  53286,  77149,
        53143,  22188, 111303,  73223,  88023, 114605,  56760, 126986,
        13663, 139827, 145963,  26123,  15459,  35542,  21957, 109431,
        86046,   3862, 137507,  55231, 104517,  97594,  11569,   5598,
        68085,  96934, 142544, 107928,  64947,  61858, 148417, 145732,
        27795,  11873,  70820,  43718,  46678,  92773, 134912,  45983,
        15909, 103886, 141575,   9879,   9274]), array([111405,  53191,  64592,  11356,  40004,  48217,   2287, 130330,
        89845, 125906,  58326,  23106,  28469, 107200,  52624, 118838,
        85565,  35803, 115324,  11445,   6049, 141453, 143761,   2505,
        51645,  29228,    218,  93281,  79918, 143952, 130709,  49822,
       128941, 153164, 117614, 146914,  13095, 100604,  61810,  77270,
        60204,  57503,  35227,  74340,  29745,  18940, 123437,  78805,
       117824,  93004, 146124, 149904,  34131, 153397, 129825, 102048,
        39210, 124261, 110947, 103988,   7045, 152362,  17273,  70726,
        85801,  55487, 149633, 142575,  87518, 120447,  30764, 142736,
       100779, 122783,  31274, 147537,  47165,  29250, 107610,  64875,
       116694]), array([  2105,  10228, 121002, 151598, 113222,  67645,  48719, 127762,
         8448, 152401, 150211,  54076, 153847,  44873, 145337, 129225,
        43159,  40543, 146161,  57369, 129305,  82056, 129038,  18963,
        11901,  89292, 111754, 133222, 127306,  71211,  27607, 120330,
        80133, 126588,  86238,  58667, 145892,  27353,  77604,   5016,
       128578, 153261,  23725, 153134,  58176,  87063, 125967, 110669,
       147516,  85727,  58570,  22987, 112833,    341, 133734,  31929,
        43638, 117953,  55444,  94456,   9239, 111537,   6700, 148476,
        59428,  60403,  90505,  37415,  58549, 108148,  51425, 119365,
       136155,  24981,  18426,  92612,  38991, 108478, 138268, 103505,
       105052,  16078, 111035, 140944,  54771, 134847, 145115, 143495,
       132429,  33480,  48259,   5925, 152766,  16517,  71967, 141494,
        80400,  66580, 134089,  30737, 133905, 124892, 136033,  18353,
       150983,  17730, 121495, 109340]), array([141571,  84680,  19877,  96190, 153217,  99508, 129795,  14690,
        93766,  62344,   8649,  78680,  28837,  70592,  91453,  75574,
       117038,  81495,   6326,  73739, 139277,   5370,  34170,  24377,
        43896,  34671,  91913,  43852, 153058, 139748, 153121,  76096,
       120556,  64129,  16940, 140460,  56803, 104333,  78822,  68170,
        26415,  43553, 107434,  43145,  64261,  20324,  33162,  65245,
        59466, 103340, 136215, 145771,  62430,  58250,  87103,  37463,
       114592, 132609, 132873,  91970, 138713, 105477,  43834, 128200,
        84745,  52331,   3383, 121522, 118764,  36769,  99569,  33263,
        38768,  94563,  45745,   8364,  25651, 102283, 109367,  82985,
       104904,  78906,  44382,  44594,   2844,  37165, 144266,  90326,
        67884, 120932,  67811,  36783,  54402,  69127,  73717, 124071,
       147795,  98982,  87939,  17513,  53248, 148946, 147792,  75423,
        92672,  36431,  74108, 127798,  36470,  77510,  26545,    869,
       108298, 101666, 127974,  42012,  30821,   9144,  30869,  89459,
        75673, 116069,  66377,  78938,  33857, 112396,  23815,  96455,
        33823,  29847,  13951,  95810,   6105,  87026,  35310,  82226,
       109510, 125031,   1076, 143810,  50863]), array([120687, 128890,  31396,  37114,  19979, 129582,  30803,  12009,
       102713, 103315, 128497,  99358,  82505, 142954,  92617,  15616,
        55773,  24399,  47067, 123175,  89668, 141501,  51895,   6682,
       111779,  24767, 129161,  39997,  96868,  52995,  81765, 149774,
       137097,  38370,  71816,  12388, 116131, 115284,  41175,  70479,
        42518, 122422, 115929,  25181, 141546, 136912, 117275, 134371,
       116058,  53552,     67,  84058, 140978,  58989,  41335,  47378,
        11467, 142924,  99697,  86048,  80104,  75748, 121250,  58033,
       136419,  66690, 106772, 100588,  37926, 108154,   6781,   2881,
       132635, 115947, 153147,  58613, 100783,  57062,   9630,   7670,
       145013,  51286, 123227,  26571, 102868,  97272,  92502,   2523,
        93859,  39457,  86908, 111994,  70155,  72191,  21690,  37507,
         8471,   8794,  52265,  67864,  78365,  23983,  13946,  35848,
        47941, 132091, 129242,  22827,  18079, 134143,  48311,  68960,
        94270,  53001, 102024, 151953,  72164, 143084, 146541, 128846,
        52342,  27064,  14892,  39794, 115593,  46609,  64545, 133165,
       104941, 133007, 145439, 124046,  73081,  45717, 103329, 144923,
        74901,  87407,  93927, 118291,  77610, 146353,  59565,  58824,
       130486]), array([148370,  76755, 148239,   7009, 108887,  29536,  52361,  85974,
        35964, 125461, 151762,  25999, 124056, 130256,   4827,  97560,
       129783, 118186,  99214,  43721, 148203,  64223,  39380,  54150,
         2394, 114778,  38530, 120294,  82790,  54355,  48470,  82701,
       110202,  13245, 150355,  22278, 150040, 123773,  14539,  45675,
       101103,  47357, 116877,  40653,  65358,  35534, 127108,  80432,
       124283,  43035,  75739, 127959,  58883,  77230,  76904,  14080,
        44268,  31183,  81149, 133014,  99666,  96983, 147822,  22949,
       143054, 151621,  66642,  76566, 152680,  87455, 145140,  78347,
       141080,   5733, 129386,  60013, 116810,  50246, 104630, 102997,
       137913,  38912, 152949,   4937,  43660,  34977,  86098,   9855,
        30750,  70599, 153150, 127063,  60848, 113034, 146710,  91044,
       138745,    621,  74136, 128612, 102372,  82181,    968,  90862,
        46039,  47345,  21314, 145655,  44441,  70787,  21105,  71302,
       153911, 131287,   1224, 139105, 114871, 115909, 106363,  26199,
        13675, 149480,  42404, 118254, 109345,  96526, 103962,  30935,
        87501, 145164,  81295, 116982, 132382,  73048, 137282, 148587,
        18526,  30341, 136501,   4190, 153634,  61895,  47667,  77102,
        99790,  77812,  22444, 115338,  14264,  49748, 138617,  26038,
       107480]), array([ 90286,  68909, 137730,  58066, 108520,  90249,  47837,  13789,
        66268, 100479, 137846, 101506,  60207,  84048, 110253,  25299,
       124300, 112014,  79385, 111826,   2650, 151813, 129067,  98213,
        19422,  31809,  66306, 138502, 101823,   8924,  18542,  14570,
       153649, 150920, 129578, 120587, 134776,  64950, 107377, 101030,
       137614,  23378,  64878, 100197,  58207,  77312,  85530,  64650,
        42429,  54838, 133788,   7031,  63327, 123435,  34180, 136180,
        25355, 151197,  81419, 114305, 123259, 100180, 115061,  68494,
         8668,  44349,  35401, 131421,   8304,  65230,  84624, 100071,
       149837,  16008,  24089,  80388,  48838,  91290, 112043,  89038,
       130733,  37031,  32751,  39767, 120454, 128637,  29565,  99820,
        58913, 112622,  11848,   2673, 137977, 149548,  31837, 126911,
       133318,  66802,  67186, 120275, 115529, 106370, 111335,   8434,
       138503, 106657,  58656, 132159, 101741,  47555, 134932, 113561,
        39470, 136503, 146595,  34552,    685,  62492,  33303,  79752,
        83350, 145441, 138955,  81623,  41908,   4822, 112925,  18867,
        38184,  48029, 151146, 130356,  32640,  31862, 126941, 107151,
       146163, 138765, 151716,  82416,  95223, 113934, 123900,  95454,
       110431,  57509,  80801,  77463, 130568,  20551,  25626,  34978,
       114808, 139647, 131836, 113020,   1135,  93126, 117998, 132559,
        90870, 144192,  99083]), array([123083,  37646,  35252,  39899, 125228,   7545,   6017,    589,
       125866,  13188, 148206,  61402, 113302,  24278, 104185,  16895,
         3626,  15184,  40734,  30520, 152512,  31470,  88818,  83630,
        31315,  62479, 107116,  69591, 139998, 144184,  30738, 147805,
        23099, 136044,  54962,  54705,  62318,  54506, 148716,  92277,
       134013, 112764, 117973, 142689, 133689,  93704, 137869, 148367,
        90603, 153068,  65462,  93221,  54258, 153429, 111831, 138980,
        34675,  97169, 137482,    271,   9390,  40997, 132790,  12828,
        41786,  31038,  69590,  61874,  33679,  70198, 107037, 113967,
        74297, 144311,  17134, 105081, 110097,  59899,  19606,  91545,
       107445,  54148, 145119, 153534,  68643,  12781, 111968,  42025,
        56008, 107951, 118216, 134682,  61811, 106916,  98865,  36250,
        40758,    281, 141220,  40991, 102528,  26876, 153187,  82182,
        56540, 121735,  61099,  15089, 122778,  93496, 109765,  33875,
        42057, 133919, 126975, 119544,  62061, 148427,  42269,   1859,
       118542, 153448, 151279, 107878, 153181,  11169, 120627, 140327,
       116555,  74783,  95612,  29133, 134151,  52770,   9663,  48439,
       101576,  19046,  89147, 126653,   3673, 103693,  43554,  93084,
       147467, 139470,  72459, 118509, 130259,  55636,  83599, 137001,
        61086,  72548, 100406, 148550,  14896, 153334, 104373, 125707,
        37041,  54025,  18420, 139415, 123307,  49333,  27838,  65172,
       112890]), array([ 55629, 153026,  13590,  86640,  40233, 152182,  30727,   9380,
        54646, 110976, 114138,  28357,   3674, 118121,  14767,  38776,
        62948,  62914, 149470,  86680,  77607,   3283, 150089,  24497,
        50070,  43086, 129947, 137474,  92831,  33127,  83387, 102522,
        66660,  66462, 109943, 131987, 130659,  85570, 141385, 128675,
       126395,  95151,  19978,  90292,   6086,  37026,  44507,  46653,
         6696, 105493, 102011, 123798,  11294, 124429,  65084,  35160,
       122436,  30432,  94013,  34512,  47900, 141498, 115251, 100506,
       110417, 129452,  19965, 126404,  74465,  13755, 114205, 148655,
        69840,  52190,  98392,  97046,  22818, 116771, 132694,  68273,
        53413,  50098,  41918,  55120,  78901,  70073, 108331,  11195,
       107573,   7486,  89786, 151230,  36045, 123292,  10255,  96833,
        44425, 131488, 110182, 137723,  79264,  45006,  16930,  83656,
        83292,  41730, 141369,  72388,  65802,  83414, 104631, 129153,
        44225,  76729,  49256,  72075,  80332,  38748,  18842, 107174,
        95721,  38555,  99042,  30885,   7716, 116590,  61868,  74858,
       137515, 123684, 119065, 150244, 117035, 146613, 126335,  89378,
        77501, 149055, 133475, 108483, 149038,  41947, 149077,  96398,
       109785,  57936,  16676,  38593, 129710,  13408,  45880,  24344,
        45176,  68446,  76142,  54811,  16384,  16052, 144483, 129551,
        58696,  33544,  64418, 117023,  43152, 122480, 104871, 139159,
         6835, 109039,  93535,  46114, 128712, 123405,  69433, 126657,
       134838, 124005,  78769, 137631, 152333,  34498]), array([ 37299,  36102,   9463,  43203, 122092, 122757,  18661,  38541,
        98802, 130796,   2074, 139741,  50330,  82815,  30369, 134417,
        67599,  84379, 144827,  34454,   9167,  87903,  61423, 132664,
        84107, 118864, 150976,  16850, 130389,  28121, 145994, 130024,
       136124, 130400, 146196,   9809,  66926,  42277,  91904,  44434,
        56124, 139373,  70234,  34929, 127644, 121124,  62896,  28414,
        11825, 132836,  28814,  49462, 105702, 146245,  81689, 131606,
        96829, 100762, 133931, 106685,  79578,  15058,  99834,  42073,
       138548, 119382, 134499, 106770,   7215, 152096,  63890,  25397,
         6971, 128708,  31048,  69990,   5426,    348,  19582,  28371,
        44623, 132114,  59407,  48324, 107636,  76359,  20007,  52340,
       150494, 120636,  50789, 107886, 151144,   9207,  50976,  68277,
        27718,  72765,   6582,  68138, 117639, 100974, 141847, 138255,
         2814,  85409,  92173, 112010,  69789,  19015, 136138,  65812,
        87737,  67729,  25784, 149513,  27711,  53773,  90335, 147049,
       153179,  53695, 143338,  44111,  95967,  91510, 146208, 152455,
        51986,   7150,  32312,  88772,  65969,   9547, 148575, 136154,
        78123,  58092, 104198,  31358, 129866,  12803, 120922,  31494,
       151205,   4744,  81907,  59122, 124779, 139266, 139148, 147702,
        73751,  94011,  64876, 121261,   8633, 138365, 120023,  64852,
        96569,  38895,  27727, 150617, 122845,  62162, 110221,  20629,
        35423,  25243,  70274,    127, 149517, 104009,  29984,  99672,
       139541,  48952,  57436,  17910, 102841, 114746, 123614, 137637,
        17034,  21251,  88075,  44377,  73256,  16408,  31584,  95673,
       109046,  82067,   7494,  28226,  60213,  66024,  51302, 133009,
        48067, 152738,  26320, 139380,  29410,  30859, 131070, 132111,
        59779,  27351,  22114]), array([ 47535,  31713, 119315,  33502,  30678, 129616,   7211, 138042,
        84473, 110536,   6338, 153125,  21160,  20578,  45370,  15933,
       140212, 147112,  85540,  36406, 127958,  42151, 106865,  36932,
        37668,  66679,  99638, 128001,  26579,  47653, 127793, 137629,
        14779, 108532, 111011,  32165,  66788, 116283,  88971,  79087,
        63851, 127049, 125217,  18583,  91016,  54335,  55542, 115520,
       144897,  20632, 144785,  66880,  82593, 121257,  39049,  49116,
        75375,  91541,  97214,  26954,  59465, 151350,  72613,  71655,
        50924, 140990,  13470, 126489, 111418, 131519,  86566,  12275,
         8299, 124221, 117622, 124161,  15775,  93879,  55858,  20036,
       108600,  51032,  85524,  27484, 127294,  63333, 118134,  11944,
       101254,  73919,  92748,  26103, 149852, 117773, 128826,   1176,
       137413, 105186, 147715,  89100, 102624,  33274,  70449,  45808,
       119423,  63916,   1231, 151501,  52293,  79170,  71090, 139483,
        41899,  88354,  53797,  71383,  41112,  95084,  67812, 148859,
       147522,  63404,   1554,  63408, 135761,  48504, 102229, 131305,
       124109,  32294, 119034,  33070, 148253,  14765, 104845,  81248,
        28240,  35751, 109409,  25790, 140813,  16857, 132404,  97420,
        76294, 100537,  54695,  17200,  71478,  99122, 101817, 151935,
       126115,  97002,   4925,  39233, 127038,  32191,  42102, 151668,
       122198,  59948,  75501,  35335,  74261,  11852,  95164, 106505,
        22043,  81669,  70837, 138768,   4185,  50025,   4691,  49880,
       129106,  49777,  48473,  35322,  89608, 103164, 137749,  20175,
       115764,  87474, 137449,  43212,  28070,  36794,  86119,  87760,
        32702, 135821, 137057,  90921, 113922,  58064, 148323,  13150,
        31598, 102947, 103416, 124740, 152578,  61551,  56882, 119593,
        77467,   2735,  35448,  58304,  12729,  88863,  36965,  54478,
       141190,  53270, 147186,  13251,  65058, 139882,  84667,  18347,
        22597, 144409,  48628,  65381, 151575, 109110, 132927,  79007,
       105871,  40027, 106710,  63606, 148374,  85489,  45384,  25022,
        94136,  70476, 146769, 132558, 129488,  21650,  51293, 104047,
        10989, 147213, 145811, 145315,  31296,  13631, 126846,  24204,
        41028,  32862,  58037, 104361, 127664,  56459,  93946, 130538,
          741, 136929, 117449,  70194, 134700, 132960, 129878,   5765,
        65143,  48325,   4278, 153742,  22752,   1293,  60479,  52949,
       136411, 143779, 127542,  85382,  91817,   3714, 105312,  56292,
        56651, 105472,  20954,  26228, 136331, 111392, 135296, 150850,
        27696,  94765,  53528,  22467,  60500,  67501, 128407, 139547,
       131745, 142012,  69388, 110129,  14614, 114240,  66058, 144671,
       122025, 151455, 109180,  20246, 138227,   1326,  18743,  96465,
        19958,  29329,  73488, 117786, 116715,  85697,   1665, 117116,
        27114,  29399,  86842,  64270,  42468,  90940,  95799,  54022,
        51673,  81067,  30098,  35421, 121266, 149655,  53543,  74736,
       113431, 112445,  31781, 139607, 143217, 134098,  51565,  34726])]
shape of feat_train: (3078, 602)
Mean accuracy: [0.8324935844146456, 0.004440420851137132]
