Namespace(dataset='reddit', dropout=0, epochs=400, gpu_id=0, hidden=256, inductive=1, keep_ratio=1.0, lr=0.01, method='kcenter', mlp=0, nlayers=2, normalize_features=True, reduction_rate=0.02, save=True, seed=85, weight_decay=0.0)
size of adj_train: (153932, 153932)
#edges in adj_train: 10753238.0
Test set results: loss= 0.4403 accuracy= 0.9413
idx_selected :  [array([ 13694,  38678, 145784,  73763]), array([ 97335,  98628, 136925,  90474,   1771, 139578,  20581,   7381,
       102418,  10503,  74673,  63266,  68731,  75254]), array([ 67316,  28828,  53645,  35594, 153735,  32777,  83885,  96474,
        56670,  97922,  70688,  14855, 140396,  51726,   3375,  46092,
        40903, 114723,  18789, 138015,  17278]), array([ 36456, 135926,  39156,   1518, 101592,  12068,  37840,  87225,
        52241, 130859,  21889, 133554,  21955, 123929, 146664,  30146,
        75911, 128653,  31245, 119267, 114220,  83405]), array([123541,  29314,   9803, 131622,  85208,  38269,  97202,  63022,
       124868,  33419, 136186,  91296,  78867,  38095, 145688,  83143,
       136651, 150529, 107679,  12152,  40858, 120289]), array([ 82638, 106042, 141692, 136650,   9010,  38791, 114066, 151710,
        83191,  75157, 148507, 123879, 147397, 129566,  43071, 106946,
        78695,  44066, 153827, 135012, 134865, 115405,  29387]), array([150745,  95506,  20066, 151991, 123587,  53927, 142049,  87816,
        68787,  57950,  87132, 135352,  96237,  51534,  88137,  85448,
       110815, 135288,  44774,  60928, 112675,  46968, 148001, 149920,
        71928, 110096,  72261,  47913,   7946]), array([ 92259, 135307,  63642, 123652,  17583,   2275,  54349,   5753,
        21824,  56519,  38447,  31954,  28329, 142869,   8120,  41296,
       148284,  54850, 153018,  87907,  95947, 129285,  99756, 120175,
       152894,  16096,  62877, 151013,  97207]), array([ 78624,  60849,  43890,  89580, 117592, 136607, 153409, 131071,
         1892,  43602, 124152, 143137,  54845,  49329,  60943,  97693,
        27342,  79863, 130935,  71200, 113086,  45684, 133562, 134980,
        32829,  60827,  45144,  39255, 133426,  68097, 126873]), array([110337, 132598, 119424,  41678, 123268, 112637, 141701, 103673,
       150619, 116123,  37725,  49017,  37838,  20283,  59106,   7823,
        95794,  95697,  65983, 103172,  52608, 149772, 115933,  80609,
       138694,  53013, 139610, 113810,   2137,  46478,  12590, 129111,
       118991]), array([ 77495, 136178, 153645,  66344,  82632,  79580,  69705, 121960,
        78825,  86338, 132428,  88874, 146745, 111127,  45732,  70448,
        86147,  71180, 128537, 116132,   2521,  21385,    397, 124420,
       150289,  42930,  11418, 114919, 139351, 112215,  40933, 111582,
       140453,  33542, 149151,   9935,  13002]), array([118869,  52958,  72660,  76880,  29707,  79842,  27328,  35469,
       126289, 143518,   7651,  40262, 109667,  73694,  47240,  41021,
        28681, 104947, 107826,  41452,  45774, 135950,  68336,  12279,
        36574,  76250, 142081,  44763,  54995,  24765, 113648, 142025,
        97092,  53054,  39379,  29335, 110387]), array([ 98249,  60884,  96145,  58498,  65834,  32300,   3881, 141271,
       106884,  67937,  98311,  28287,   5210,  97105, 114711,  12045,
        91237,  43038,  89648,  46274, 131078, 130904, 114451, 107676,
        89472,  79134, 118465, 113732, 126337, 105206,  49201,  67144,
        60262, 125813, 117944,  76177, 146640, 104785, 118173, 131391]), array([115565, 145004,  29993,  10978, 121446,  38063, 118377,  15973,
       114788,  50347,  60573, 113085, 112625,  57155,  55432,  65883,
        53046,  68288,  87006,  54307, 109497, 130943, 146497, 148394,
       117492,  92211,  92543,   2260, 149889,  45815,  89628, 147872,
       105474,  11002, 142174,  52571, 115004, 129748, 130729,  60140,
         9860,  15001]), array([132162,  81379,  27706,  62499,  19730, 101400,  37882,  72363,
        79411,  86372,  39954,  12509, 112381, 123433,  87016, 122793,
        52722,  44475, 100411,  20285, 126456, 134215,  56077,  64925,
       141522, 146720, 100301,  32875, 144484, 146191, 121153,  97361,
       121963, 120743,  11734,  97805,  34509,  89117,  27769,  69224,
       118590, 118580,  54413,  11114]), array([ 25595,  90933,  75217,  59563, 134743,   5242,  32402,  91916,
       149663, 140799, 151376,  41259, 106853,  68429, 150743,   5806,
        65223, 141441, 141679,  99760,  97322, 123584,  52746,   3399,
        16581,  39115, 121375,  25434, 129897,  10919, 118829,   4439,
        15778,   1048,  38575,  10124,  24625,   8371, 102607,  11560,
        54739, 144595, 121471, 118354,  43678]), array([ 26937, 150586,  14068, 127598,  10069,  53171, 138805, 131945,
       150497,  48776, 133395, 129458,  95456,  77201, 101488, 129465,
       128909,   6047, 139961, 104822,  24957,  47428,  50949,   4819,
        44717, 104710, 144389,  73580,   1839, 142302, 113038, 150237,
       122106,  32116,  21069,  69380,  46976, 149002, 133679,  96439,
        95147,  12060, 147466,   9273, 119244, 107793, 151730]), array([ 67576, 132008,  92600,  64906,  49577, 138212,  93298,  87159,
         4612, 144590,  81017,  90763, 136572,  14206, 125048,   4619,
       143058,  48017,  80637,  76182, 132164,  63938, 101364,  27222,
        89509, 127241, 116397,  68529, 134028,  96614, 134467,  89503,
       106456,  60461,  45322,  56918, 113897, 100562, 146673,  24239,
       106695, 117050, 116826,  61600,  17153, 140314,  71390]), array([120018, 101879,   2932,  63085, 106905, 139910,  45174,   3005,
       122251,  99483,  33088,  86368, 120251,  49621,  26722, 129097,
        62178,   7138,  62798,  69359,  51945,  26464,  21893,  59347,
       116969,  51010, 135033, 127085,  66757,  23931, 116091,  55442,
        33265,  42498, 113601, 129765, 132863,  91081,  17672, 141210,
       121434,  10543,  39563,  38522,  89424,  21345,  20258, 132212,
       147203,  78422,  25045,  28288,  82281, 111267,  46233,  59653]), array([  1246,  19904, 120272, 117090,  66895, 107040, 132832,  40397,
         9337,  98964,   3429,  61508, 129140, 131703,  67514,  27501,
        98290, 145051, 119627,  89971, 132829,  68403, 138545,  75685,
        30426,  49213, 134412,  96135,  91583,  41357, 138173,  83055,
       135403,  23204,  26293, 134277,  22156,  53771,  59157, 131004,
        98437, 123063, 138375, 108252,  41756, 118825,  18106,  92697,
         7262, 112140,  34247,  31076,  47891,  79887,  59882, 146516]), array([131943, 140788,  23206,  18728, 121685, 129051,  86452, 149951,
       147139, 121218,  67458,  75814, 127993,   9539, 127516,  81832,
       142992,  86284,  24782, 143509, 125053,  14392, 116436, 114810,
         5940, 137340, 106957,  64676,  89504, 149256,  79093, 116248,
       142642,  94573, 136919,  19748, 109709, 139364,  48087,  73479,
       125783,  48237,  57483,  99479,  20471, 106718,   5913, 120073,
        52232, 122240,   6571, 147168,  10874,  29162, 136179,  29129]), array([ 50727, 145463, 129413, 153466, 123480,  26453,  26172, 143842,
        98753,  82195,  76981, 121977,  89856,  36818, 120109, 131112,
        62816, 104363, 123073,  81984, 130195,  13278, 126319, 145520,
        67828, 118790, 121867,  43621, 152167,  63490,  98293, 146495,
       125024,  29298, 125695, 129236,  82156, 128923,  36813,  22232,
        90206,  50170,  19629, 128338,  81176, 142237,  70584, 114187,
        12609,  45893,  20452,  85156, 137296, 106446,  26283,  90368]), array([ 24352,  92663,  19821, 122200,   5871,   5919,   6010,  80810,
        45891, 115513,  95266, 114448, 122294, 101304,  77423,  25871,
        57329,  86394, 122876, 150008,  80845, 142299,  18047,  37996,
       132735, 103241,  94107,  80392,  44565, 108275,  49254,  10277,
       122660,  50795,  37442,  53490,  88661, 124160,   7749,  85270,
        90079, 131294,  37163,  37755, 143172,  36823, 103476,  36315,
        51935,  87733,  86389,  92262,   2144,  60245,  63946,  60685,
        95134]), array([ 91023,  62738, 126976,  29692,  69439, 109223, 151292, 149005,
        75659, 119425,  54484, 126979, 100026, 134560,   8058,  49791,
        32019,  32144,  55473,  56471,   1513,  54447,  84737, 146675,
         7632,  73960,  72511, 109938,  86697, 150272,  40301,  78310,
        81452, 120828,   4705,  44270, 149029,  89549,  17202, 149186,
        74650,  48250,  11994,  42521,   7485, 106584,  76342, 113437,
        99506, 146314,  80919,   2011,  44844,  94875,  58034, 115821,
        60559]), array([114061,   3321,  50953,  24160,  69694,  35851, 139145,  57599,
       133054, 117436,  76515, 113207, 109910,  59452, 142448,  34731,
        63099, 140761,  13032,  18223,  83368,  27145,  98409,  54475,
        41153, 147754, 134794, 141078, 110338, 112239,  84861,  52905,
        27396, 115325,  88595,   2007,  72493, 121466, 120298, 139226,
         5673,  90816, 112590, 122469, 118666,  61181, 113386, 101916,
          957,  53975, 101054,  36041, 102462,  83727,  91155,   6356,
       147636,  73758, 126231,  91444, 135057,  18641]), array([ 77823,  91676,  58228,  53371, 115224,  34401,   5008,  18747,
       121008, 145234, 152398,  74059,  59472,  43800, 147772, 129749,
        68395, 153513, 126995,  40953,  37873, 126672,  65262,  68343,
        54262, 137419, 118975, 114688, 127833, 133647,  48101,  34213,
        34590,  72667,  32186,  24244, 136335,  83226, 118166, 115073,
        69206, 132427, 151890,  29172,  38033,  88377,  45563,  48837,
       143683,  92867, 109848, 121389, 144226,  24518, 114682, 107713,
        53376, 117378,  33051, 146089,  75160,  91156,   9297,  64862]), array([ 62477,  69310, 105453,  78210,  14363,  68831,  90379,  33052,
       135805,  40962, 134992, 103432,  16182,  52379,  88059, 114028,
        93180, 133693, 143039,   6177,  34229, 119713, 121760, 124143,
       118207, 102295, 124491,   3006, 105174, 108178,  54311,  45966,
        55274,  75886,  38058,     74,  63162,  45394,  60951,  76371,
        33172,  83852,   9685,  19957,  83452, 109123,  78462, 124212,
       150759,  22580, 135073,  40592, 136546,   4884, 123103, 118677,
        54784, 134262,  38488,  29628, 146998,  38550,  38679, 144551,
        91247]), array([ 12481,  28089,  38537,  36005, 106397,  73470, 113444, 100711,
        21494,   9729,  33908, 116808,  70892, 147111,  87241,  51560,
       133126, 133841,  30934,  74513,  40426,  80173,  72622, 128564,
       142665,  50648, 147118,  85580,  75985,  14175, 133687, 137357,
        33262,  51355,  91177, 144748,  50714,  32981,  29132, 132464,
       116497,  12994,  96207,  84857,  44024,  14617, 139335,  78476,
       144315,  88355,   7864,  21710, 116422,  71522, 116036, 128135,
       126016, 152364,  52633,  45752, 128526,  72328, 108454, 102138,
        47550,  66807]), array([139760,  68076,  98668, 149212,  24188, 130312,  76804,  67218,
        66269, 120953, 131758, 133781,  63303,  67257,  53205, 136337,
       152093,  90675, 134972,  27582, 112435,  66805,  37020, 102021,
        14172,  44775, 124512, 109422,  66707, 129506, 138062,  62633,
        39831,  22563,  72045,  51405, 136927,  94027,  43855,  55106,
        24007, 137211, 149671, 107761,  88516,  80037, 127202, 114795,
        38145,  64808,  34345,  95086,  16219,  45201,   8410, 150263,
       146740,  35169, 110816, 137853,  50508,   7405,  69942,  96421,
       136760,  75155,  60704]), array([ 79088,  40912,   8077,  75632,  66404,  14662,  41398,  13611,
        74284,  89669, 152957,  45216, 128332,  33940, 102791,   4965,
       130097,  87198,  67047,  28976,  55881,  82031,   2400,  83375,
        57972, 135577,  40605,  98178,    424,  28610,  70276,   4017,
        43484, 100847, 131497,  49672,   4750,  78864,  58787,  84331,
        41178,  41538,   9784, 104872,  73132,  13256,  13625,   1535,
       114232,   1281, 109821, 121243,  44826,  27446,  87267,  14695,
         2676, 109775, 113161, 106295, 100935, 141519, 123808,   4745,
       149793,  34492,  34427]), array([ 13161,  98306, 151133,  33517, 117670,  26799,  69295,  94495,
        49339,  15846,  67109, 139827, 108605,  99013,   7144, 109431,
        63907,  75446, 145531,  80684, 118567, 109612,  31218, 126986,
        80013,  26305,  53143,  59402,  53286,  67531,  77149,  97594,
       112975, 114605,  22188,  33727,  73223, 111303,  88023, 100671,
        56760,  68085,  26123,  86046,   3862,  61246,  32810, 142544,
        59921,  35542, 145963,  13663,  15459,  96934,  21957, 137507,
        27795,  55231,  70820,  61858, 145732, 114678, 104517,  11569,
        17366,  15909, 141575,  45983,   2021,  43718,   3352,  99682,
        11873,  64947, 103886,  48235,  43572]), array([  9166,  53191, 143952,  85565,  40004,  29745, 128941,  11445,
        64592,  23106,  52624, 143761,  35803,  28469,  58326, 136014,
        89845,  29250,  79918,  48217, 125906,  74340,  77270,   2287,
       146914,  11356,   2505,    218, 117614, 153164, 141453,  51645,
       142736, 107200,  61810,  93281, 109570,  39210, 149904,  34131,
         7045, 102048,   6049,  57503, 117824, 100604,  85801, 124115,
        29228, 146124, 129825, 151425,  78805,  13095,  49598, 110947,
       120447,  98107, 100779,  17273, 124261, 142575, 103988, 149633,
        70726,  54717,  18940, 153397,  70696, 115324,  64875,  87518,
       130709,  82939, 147537, 122783,  60204,  49822,  40327, 102888,
        31274]), array([ 68271,  10228, 129305,  48719, 153847, 149916,  54076,  89292,
       113222,  67645,   8448,  82056,  44873,  43159, 151598, 127306,
        18963,  11901, 129038, 133222, 129697, 129225, 110669,  40543,
       145337,  80133, 150211,  27607,  57369,  33480,  92612, 121002,
       128578,  24981,  62573, 105052, 146161, 145892,  86238,  22954,
        18426, 121495, 134847,  37415,   5636, 120330, 126588, 125967,
       143495, 152401,  23725,  48259,  30737,  46752,  59918, 147516,
        58549,  58667,  73330,  52132,  85727, 122109,  71211, 133905,
       133734, 153134, 105725, 101093, 145115,  38991, 117953,  59428,
       146717,  87063, 112833, 108148,  27353,   6700,  40743,  33471,
       111537, 109340,  66240, 148476,  67752,  94456,  93658, 110470,
       136155,  77604, 119365, 136033, 142410,  24211, 121718,   8592,
        60755,  58570,  10506,  19809,  80400,  43638, 140944,  57914,
        45354, 145777, 145371,  46237]), array([  3151,  84680,  19877, 153217,  58250,  99508,  91453, 129795,
        28837,  64129,  94563,  62344,  64261,  96190,  65245,  93766,
        43145,   5370,  75574,  76096,  34671, 136215,  70592,  43834,
       139748,   8649,  62430,  78680,  56803, 153121,  81495,  24377,
        43553,  73739,  67884, 132609,   6326, 103340,  91913,  38768,
        33263,  16940, 109367,  78822,  37463, 145771,  43852, 117038,
        36769, 153058,  91970,  84745,  52331, 140460, 132873,  87103,
        34170, 120556,  36783,  99569, 104333,  26415, 121522,  59466,
        67811,   3383,  44382,  77510, 118764,  68170, 139277,  93733,
       124071,  78906,  45745,  37165,  50863, 138713, 102283,  74108,
        26194,  69127,  44594,  43896, 105712,   1076, 104904,   2844,
       114592, 107434, 147792,  75423,  33162,  14690,  49014,  73717,
       128200,  25651,  90326, 148946, 119375,  54402, 125031,  36431,
       107355,    869, 101666,  23815, 147795, 127798,  17513,  66377,
       146372,  30869,  84824,  13951, 127974,  91017,  21897,  21643,
        42012,   8364,  87939,  89858, 132467, 139062, 112396,  20324,
        46384, 131037,  14529,  26545,  29847,  75673,  78938,   3089,
         6105, 139667, 144266,  35310, 116194]), array([110587, 128890,  19979,  24399, 129582, 128497,  92617,  24767,
        12009,  37114,  31396, 102713,  55773, 103315,  30803, 115284,
        15616,   6682,  82505, 106772,  99358, 142954,  71816, 111779,
           67,  51895, 141501,  52995, 123175,  47067,  38370,  39997,
        96868,  23983,  81765,  53552, 129161,  85207, 137097,  70479,
        42518, 141546, 116058, 149774,  58989, 122422,  25181,  58033,
       136912,  47378, 117275,  11467, 115929, 108154,  86048, 140978,
       100588, 116131, 142924, 136419,  84058, 132635,  89668,  66690,
        75748,  12388, 134371, 121250,  97272,  99697,   6781,  92502,
        72164,   9630, 134018,  58613,   2881,  58585, 100783,  51286,
        57062,  37926,  26571, 123227,  80104,  93859,  70155, 111994,
        62926,  53798, 145013,   7670,  37507,   8471, 144923,  52265,
        48311,  14892,  39457, 145439,  46609,   2523,  41335, 151953,
        68960,   8149,  35848,  18079, 115593,  22827, 112820, 102024,
        86908, 127286,  39794, 116319,  53001,  81316, 129242,  27064,
         8794,  84617, 104376, 143084, 128846, 133007,  58824,  77610,
        70461, 115947,  23024,  63043, 118119, 134143,  67864,  87407,
        47941, 116196, 132091, 125548, 118291, 106001,  59565,  38211,
        86475]), array([  7832,  76755, 148239,   7009, 108887,  29536,  35964, 151762,
        99666,   4827, 124056,  25999, 130256,  97560,  54150, 129783,
       118186, 148203,  99214,  85974, 124283,   2394, 138745, 116877,
       123773,  54355,  82790,  58883,  43721,  52361,  40653,  64223,
       125461,  38530,  22278,  96983, 150355, 120294,  13245,  14080,
        48470,  35534,  47357,  39380, 147822, 110202,  31183, 101103,
        77230,  80432,  22949,  65358, 133014, 107401,  43035,  45675,
        82701,  14539, 150040, 114778,  76904,  81149, 127108,  76566,
        50888,  86098,  75739, 151621, 136923,  66642, 102997, 148157,
       145140,  60848,  43660,  91044, 137913, 116810, 147948, 152949,
        50246,  98184, 128612,  91313,  60013, 104630, 129386,  74136,
       145655,  21105,  44441,   5733,  44268, 127959, 127063, 141080,
       106363, 153150, 149480,   4937,  46039, 115909,  77102,  81295,
        90862,  48312,  38912, 146710, 102372,  70599, 110009, 103962,
       106653,  13675,  18526,  30750,  42404,    621, 118254,  22444,
       132382, 113034,   6459,  70787,  19675,  65327, 136973,   4190,
         9855,  97346, 141561,  47667, 109345,   1224,  12569, 143475,
       148587,  73048, 152680, 111471, 150633, 115338, 149417,  26199,
        49748, 114871,  48683,  32004,  71302,  15647, 145534,  16583,
       153634]), array([100794,  68909, 101823,  84048, 100479,  58066, 134776,  13789,
       124300, 137846, 137730,  90249,  47837, 110253,  64650,  25299,
        79385,  66268, 138502,  85530,  60207,  14570, 101506, 151813,
       107377, 115061, 130733,  31809,  66306,  64950, 150920,   8304,
       153649,  18542, 129067,  19422, 123259,  33303, 149548, 111826,
        24089, 133788,  64878, 151716,  84624, 123435,  35401,  68494,
       108520,  29565, 100197,   8924, 112014,  77312, 101030,  23378,
        66802,   7031, 137977,   2650,  81419, 151197,  99820, 129578,
       106657, 120587, 114305, 112925, 137614, 133318,  34180, 149837,
         2673, 112043,  91290, 100180, 111335,  16008, 138503, 120454,
       100071,  67186,  44349, 112622,   8434,  25355, 146595,   6678,
       134932,   8668,  20551, 138955, 131421,  34552, 106370, 113561,
        38184,   1135, 116668, 130356, 136180,  48838,  58207, 126911,
        80388,  48029, 136503,  34978,  11848, 115529,  58656,  63327,
        81623,  47555,  95454,  42999,  37031,  32751,  18867,  98213,
       128637, 120275,    685, 145441, 126941, 130568,  32640,  39470,
       117998,  62492,  54838,  58913,  11728, 146163, 122505, 113934,
        69650,  39767,  94302,  95223, 107151,  39856,  37045,   9449,
        65230, 110431,  42429,  31837, 132159,  93126, 113020,   4822,
        82416,  83350, 151146,  79752,  41908,  89038,  25626,  55832,
       132305, 149314,  86064]), array([138053,  37646, 125228,    589, 148206,  15184,  31470,  13188,
       113302,  61402, 125866,  88818, 152512,   7545,  30520, 104185,
       107116,  39899, 117973,  62479,  93704,  62318,  34675,  40734,
       132790,  92277,  24278,  17134, 139998, 153429,  35252, 153068,
        23099, 144184,  69591, 142689, 138980,  12828, 112764, 148716,
        31315,  59899,   9390, 133689,  54705,  54506,  41786,  30738,
        91545, 107037, 137869,  90603,  61874,   3626, 147805, 137482,
          271,  97169, 111831,  31038,  42057, 148367, 136044,  83630,
        40997, 144311, 102528,  70198, 153534,  56008, 134013,  19606,
        16895, 110097,  30370,  12781,  33679,  54148,  61811,   6017,
        54962,  69085, 113967, 120627,  68643,  54258,  93221,  93496,
       107445, 151869, 109765, 134682,  20357, 153187,  74297,  36250,
       111833, 141220, 145119, 122778, 114566, 126975, 111968,  61086,
       124292,  40991,  65462, 119812,  92423,  61099, 125707, 139470,
       148427, 103693,  89769,  98757,  74783,  29133,  69691,  47236,
        45126, 153181, 118542, 123546, 138099, 115330,  72348,  11169,
       131387,  40758, 107878,   1859,  71049, 135112, 100406, 137001,
       123289, 133919,  61442, 130126,  16651, 153334, 101265, 134172,
        19046,  96274,  36011, 134151,  54025,  94523,  52770,  19668,
        70060, 125507,   9123,  99373,  42269,  15089, 126904,  92712,
        23891, 101576, 126653,  72625, 104373, 106265, 136591, 119544,
        85473]), array([124341, 153026,   3674,  86640,  40233, 152182,  14767, 114138,
        92831,  30727,   3283,  13590, 110976, 118121,  86680,  90292,
        54646, 129947,  77607,   9380,  83387, 102522, 149470,  66660,
       137474,  79264,  24497,  62948,  28357, 135723,  43086,  33127,
       126395,  85570, 131987,  65084,  44507,  37026,  19978,  66462,
       100506, 124005,  62914,  38776, 123798,  50070,  34634,  94013,
       102011,   6086,  46653, 128675, 105493, 130659, 122436,  47900,
         6696, 126404,  30432,  95151,  19965,  12296,  13755,  35160,
        97046, 115251,  69840,  34512, 148655, 129452,  11294,  74465,
       141498,   7555, 137515, 116771, 151230, 132978,  52190, 132694,
        40298,  55120,  74858,  95721, 108331,  11195,  44425, 129906,
        88543, 149055,  72388, 123292, 123684,  58677,  10255,  16930,
        38748,  41918,  76729,  68273,  65802,  36045,  55020,  70073,
       141369,   7716,   9202,   6959,  83414,  89786,  44225,  61868,
        98392,  41947, 108483, 107174, 117023,  53413, 129153,  11570,
        80332, 110182, 109039,  38555, 146613, 104631,  45880,  11819,
       120784, 117035, 110417, 149077,  12567,  68446, 131488,  19304,
        77501,  90289,  30078,  99042,  75024,  45176,  72264, 127800,
       137723,   5350,  79298,  18842,  89378,  54811,  47605, 149038,
       141385,  16676,  50098,  26210,  38593,  16805,  88930, 150244,
       126503,  93535,  72075, 129551, 116210, 150089, 104871, 142998,
       124562,  83292,  86448, 133475,  52168,  78769, 131068,  28528,
        30885, 129710,   1460, 127000,  49256, 152333]), array([ 37299,  36102,  11378,  43203,   9463, 130024, 134417, 130796,
        98802, 122757,  50330,  18661,  67599,   7708,  82815,   2074,
       139741,  90221,  84379, 150261, 100126,  87903, 136154,  30369,
        61423,  16850,   9167, 145994, 120023,  62896, 130389, 118540,
        28121,  91992,  51986, 131433,   9809, 130400,  66926, 127644,
       129966,  11825, 146196,  91904,  73751,  12803, 131606,  48324,
        63890,  81689,  27718, 105702,  99834, 146245,  44377,    348,
        64630, 122395,  15286, 106770, 137283, 118871,  85589, 148357,
       119382,   9207, 150976, 128562,  79578,  19015, 140351, 119685,
        15011, 150617,  26650, 125556, 139148,   9367,   5351,   7215,
        50358, 120636, 152085, 134499,  25397,   5426,  97976, 151144,
        56124, 106685,  34929,  52340,  19582,  20007,  65969,   6971,
        64876, 152096, 132836,  91203,  85768,  32312,  39629, 139380,
        68277, 149829,    353,  27068, 146208, 137637, 136124,  44111,
       104624,  31048,  31358,  65387,  88772, 142236,   9645, 131376,
         7058, 132114,  86927,  92173,  31612,  69364,  94011, 104198,
        28371,  27711,  91510,  50976,  36277, 119841, 111953, 144676,
         4744,  46902,  31584,  35423,  24023, 102850, 107886,  32240,
        41625,  32236, 146155,  60213, 122845,  59779,  41752,  67198,
       106006,   8108,  87737,  96569,  25243,  64054, 100974,  28360,
        48299, 112010, 107131,  28226, 104009,  53631, 118864, 106953,
       126647, 143341, 152118,  65812,  77942,  92215, 137582,  83560,
        90335,  30197,  56587,  82845,  75684,  24359,  90391,  18763,
         8633, 134048,  12657,  21706,  15187,  43135,  20223,  86137,
       135702,  22114,  53695, 121261,  16408, 122129,  76033,  18774,
       140566,  32233,  47510,   6777, 109152,  12592,  30859, 109059,
        17910,  31494,  27727]), array([ 57710,  33502, 137629, 147112,  31713,  15933, 138042,  84473,
         7211,  45370,  36932, 110536,  30678,  97214, 153125,  85540,
       127958,  66679,  42151, 140990,   6338,  37668,  92748,  21160,
        26579,  14779, 108532,  91016,  20578, 119315, 129616, 128001,
        79087,  32165,  88971, 127793, 116283, 125217, 106865,  47653,
        72613,  59465, 140212,  51032,  95084, 127049,  33274,   1554,
        45808,  20632, 115520,  99638,  54335,  26954, 148859, 151350,
        66788, 108600, 124221,   8299,  50924, 144897,  18583,  86566,
       105186,  63851,  59948,  66880,  28240,  87760,  71655, 131519,
       124161, 151501,  12275, 144785, 101254, 111011,  39049,  73919,
         1231,  49116,  87474, 128826, 151668, 131305,  26103,  39233,
        93879,  20036,  82593,  11944, 151935, 119593, 111418,  55542,
        75375,  48504,  27484, 147522,  81248, 117622, 147715,  85524,
        76294,  25790, 126489,  97002,  86119,  69087, 127294, 135761,
       132404,  14765,  54653,  71478,  71090, 121257,  88354, 118134,
       149852,  35335, 137413, 106505,  70449, 117773,  54695,  17200,
       102624, 148253,  97420,  63404, 104845, 119423, 101817,  63408,
       137449,  63333, 122025,  53797,  16857,  63916,   1176,  67812,
        55858,  89100,  75501,  79170, 139483,  52293,  11852,  22043,
       138768, 124109,  50025,  49880,  49777,  41899, 122198,  15775,
        71383,  13470, 109409,  41112,  79007, 110129,  35322, 137749,
        32294,  33070, 140813, 129106,  81554,  91541,  81669, 127038,
       102229,   4691,  70837,  99122, 126115, 137057, 103648, 104361,
        20175,   4925,  89608,  42102,  28070, 100537,  32191,  18347,
        58064,  32702, 135821,  88863,  36794,   1293,   2735,  35448,
        43212,  54478,  22597,  13251,  61551,  49752,  90921, 146769,
        69404,  36965, 148323,  94570, 150766, 124740, 113922,  90802,
        24204, 145811, 141190,  45384,  48473, 136929, 152578,  51293,
       103416, 151575,  66495, 132927,  53270,  41028,  31598,  58304,
        74261,  58037,  25022, 116353,  77467,  53528,  40027,  10989,
        93946, 111392,  48628, 126846,    741, 147213,  47025, 103358,
        98510, 134700,  65143,  12729, 109140,  70476, 105871,  60479,
        36406, 128600,  71347,  69388,  65058,  13631, 132558,  91817,
        32862,  20954, 109110,  31296,  83634,  56882,  60500, 127542,
        81067,  63606, 148374,  48325, 128407, 117449, 147186, 143779,
       127664, 104047,  85382, 139882,  89376,  94765,  27114,  54022,
        85697,   5765,  19958,  76651,  51565, 138227,  22752,  74736,
        27696,  70194, 143976, 136411,  67501,  63865, 150850,  90940,
       114240, 105472, 130538, 140001,  97093, 145315, 144671, 142012,
       117586,  26228, 128393, 143217, 149475, 113431,  97088, 116715,
       111986,  87352,  20246,  73898, 105312,  56651,  17983,  20410,
        96451, 107786,  89047, 137433, 153742,  53543,  34726,   3714,
       117786, 133566, 112445,   4185, 132260,  46120,   1665,   1326,
       143602, 131745,  17931,  27134,  94136,  61322, 147409, 116957])]
shape of feat_train: (3078, 602)
Mean accuracy: [0.8365308851700582, 0.003912010336508859]
