Namespace(dataset='reddit', dropout=0, epochs=400, gpu_id=0, hidden=256, inductive=1, keep_ratio=1.0, lr=0.01, method='kcenter', mlp=0, nlayers=2, normalize_features=True, reduction_rate=0.005, save=True, seed=85, weight_decay=0.0)
size of adj_train: (153932, 153932)
#edges in adj_train: 10753238.0
Test set results: loss= 0.4403 accuracy= 0.9413
idx_selected :  [array([13694]), array([ 97335,  98628, 136925]), array([ 67316,  28828,  53645,  35594, 153735]), array([ 36456, 135926,  39156,   1518, 101592]), array([123541,  29314,   9803, 131622,  85208]), array([ 82638, 106042, 141692, 136650,   9010]), array([150745,  95506,  20066, 151991, 123587,  53927, 142049]), array([ 92259, 135307,  63642, 123652,  17583,   2275,  54349]), array([ 78624,  60849,  43890,  89580, 117592, 136607, 153409]), array([110337, 132598, 119424,  41678, 123268, 112637, 141701, 103673]), array([ 77495, 136178, 153645,  66344,  82632,  79580,  69705, 121960,
        78825]), array([118869,  52958,  72660,  76880,  29707,  79842,  27328,  35469,
       126289]), array([ 98249,  60884,  96145,  58498,  65834,  32300,   3881, 141271,
       106884,  67937]), array([115565, 145004,  29993,  10978, 121446,  38063, 118377,  15973,
       114788,  50347]), array([132162,  81379,  27706,  62499,  19730, 101400,  37882,  72363,
        79411,  86372,  39954]), array([ 25595,  90933,  75217,  59563, 134743,   5242,  32402,  91916,
       149663, 140799, 151376]), array([ 26937, 150586,  14068, 127598,  10069,  53171, 138805, 131945,
       150497,  48776, 133395]), array([ 67576, 132008,  92600,  64906,  49577, 138212,  93298,  87159,
         4612, 144590,  81017]), array([120018, 101879,   2932,  63085, 106905, 139910,  45174,   3005,
       122251,  99483,  33088,  86368, 120251,  49621]), array([  1246,  19904, 120272, 117090,  66895, 107040, 132832,  40397,
         9337,  98964,   3429,  61508, 129140, 131703]), array([131943, 140788,  23206,  18728, 121685, 129051,  86452, 149951,
       147139, 121218,  67458,  75814, 127993,   9539]), array([ 50727, 145463, 129413, 153466, 123480,  26453,  26172, 143842,
        98753,  82195,  76981, 121977,  89856,  36818]), array([ 24352,  92663,  19821, 122200,   5871,   5919,   6010,  80810,
        45891, 115513,  95266, 114448, 122294, 101304]), array([ 91023,  62738, 126976,  29692,  69439, 109223, 151292, 149005,
        75659, 119425,  54484, 126979, 100026, 134560]), array([114061,   3321,  50953,  24160,  69694,  35851, 139145,  57599,
       133054, 117436,  76515, 113207, 109910,  59452, 142448]), array([ 77823,  91676,  58228,  53371, 115224,  34401,   5008,  18747,
       121008, 145234, 152398,  74059,  59472,  43800, 147772, 129749]), array([ 62477,  69310, 105453,  78210,  14363,  68831,  90379,  33052,
       135805,  40962, 134992, 103432,  16182,  52379,  88059, 114028]), array([ 12481,  28089,  38537,  36005, 106397,  73470, 113444, 100711,
        21494,   9729,  33908, 116808,  70892, 147111,  87241,  51560]), array([139760,  68076,  98668, 149212,  24188, 130312,  76804,  67218,
        66269, 120953, 131758, 133781,  63303,  67257,  53205, 136337]), array([ 79088,  40912,   8077,  75632,  66404,  14662,  41398,  13611,
        74284,  89669, 152957,  45216, 128332,  33940, 102791,   4965]), array([ 13161,  98306, 151133,  33517, 117670,  26799,  69295,  94495,
        49339,  15846,  67109, 139827, 108605,  99013,   7144, 109431,
        63907,  75446, 145531]), array([  9166,  53191, 143952,  85565,  40004,  29745, 128941,  11445,
        64592,  23106,  52624, 143761,  35803,  28469,  58326, 136014,
        89845,  29250,  79918,  48217]), array([ 68271,  10228, 129305,  48719, 153847, 149916,  54076,  89292,
       113222,  67645,   8448,  82056,  44873,  43159, 151598, 127306,
        18963,  11901, 129038, 133222, 129697, 129225, 110669,  40543,
       145337,  80133, 150211]), array([  3151,  84680,  19877, 153217,  58250,  99508,  91453, 129795,
        28837,  64129,  94563,  62344,  64261,  96190,  65245,  93766,
        43145,   5370,  75574,  76096,  34671, 136215,  70592,  43834,
       139748,   8649,  62430,  78680,  56803, 153121,  81495,  24377,
        43553,  73739,  67884]), array([110587, 128890,  19979,  24399, 129582, 128497,  92617,  24767,
        12009,  37114,  31396, 102713,  55773, 103315,  30803, 115284,
        15616,   6682,  82505, 106772,  99358, 142954,  71816, 111779,
           67,  51895, 141501,  52995, 123175,  47067,  38370,  39997,
        96868,  23983,  81765,  53552]), array([  7832,  76755, 148239,   7009, 108887,  29536,  35964, 151762,
        99666,   4827, 124056,  25999, 130256,  97560,  54150, 129783,
       118186, 148203,  99214,  85974, 124283,   2394, 138745, 116877,
       123773,  54355,  82790,  58883,  43721,  52361,  40653,  64223,
       125461,  38530,  22278,  96983, 150355, 120294]), array([100794,  68909, 101823,  84048, 100479,  58066, 134776,  13789,
       124300, 137846, 137730,  90249,  47837, 110253,  64650,  25299,
        79385,  66268, 138502,  85530,  60207,  14570, 101506, 151813,
       107377, 115061, 130733,  31809,  66306,  64950, 150920,   8304,
       153649,  18542, 129067,  19422, 123259,  33303, 149548, 111826]), array([138053,  37646, 125228,    589, 148206,  15184,  31470,  13188,
       113302,  61402, 125866,  88818, 152512,   7545,  30520, 104185,
       107116,  39899, 117973,  62479,  93704,  62318,  34675,  40734,
       132790,  92277,  24278,  17134, 139998, 153429,  35252, 153068,
        23099, 144184,  69591, 142689, 138980,  12828, 112764, 148716,
        31315,  59899]), array([124341, 153026,   3674,  86640,  40233, 152182,  14767, 114138,
        92831,  30727,   3283,  13590, 110976, 118121,  86680,  90292,
        54646, 129947,  77607,   9380,  83387, 102522, 149470,  66660,
       137474,  79264,  24497,  62948,  28357, 135723,  43086,  33127,
       126395,  85570, 131987,  65084,  44507,  37026,  19978,  66462,
       100506, 124005,  62914,  38776, 123798]), array([ 37299,  36102,  11378,  43203,   9463, 130024, 134417, 130796,
        98802, 122757,  50330,  18661,  67599,   7708,  82815,   2074,
       139741,  90221,  84379, 150261, 100126,  87903, 136154,  30369,
        61423,  16850,   9167, 145994, 120023,  62896, 130389, 118540,
        28121,  91992,  51986, 131433,   9809, 130400,  66926, 127644,
       129966,  11825, 146196,  91904,  73751,  12803, 131606,  48324,
        63890,  81689,  27718, 105702]), array([ 57710,  33502, 137629, 147112,  31713,  15933, 138042,  84473,
         7211,  45370,  36932, 110536,  30678,  97214, 153125,  85540,
       127958,  66679,  42151, 140990,   6338,  37668,  92748,  21160,
        26579,  14779, 108532,  91016,  20578, 119315, 129616, 128001,
        79087,  32165,  88971, 127793, 116283, 125217, 106865,  47653,
        72613,  59465, 140212,  51032,  95084, 127049,  33274,   1554,
        45808,  20632, 115520,  99638,  54335,  26954, 148859, 151350,
        66788, 108600, 124221,   8299,  50924, 144897,  18583,  86566,
       105186,  63851,  59948,  66880,  28240,  87760,  71655, 131519,
       124161, 151501,  12275, 144785, 101254, 111011,  39049,  73919,
         1231,  49116,  87474, 128826, 151668, 131305,  26103,  39233,
        93879,  20036,  82593,  11944, 151935, 119593, 111418,  55542,
        75375,  48504,  27484, 147522,  81248])]
shape of feat_train: (769, 602)
Mean accuracy: [0.6743268153395743, 0.022149315051211278]
