Namespace(dataset='flickr', dropout=0.0, epochs=400, gpu_id=0, hidden=256, inductive=1, keep_ratio=1.0, lr=0.01, method='kcenter', mlp=0, nlayers=2, normalize_features=True, reduction_rate=0.005, save=True, seed=120, weight_decay=0.005)
size of adj_train: (44625, 44625)
#edges in adj_train: 218140
Test set results: loss= 1.5502 accuracy= 0.4715
idx_selected :  [array([10109, 20890, 29916, 43717, 18828, 23333, 12001, 25221]), array([23596,  2982, 35160, 24749, 30039, 44441, 41057, 33536, 39885,
       35614, 29426, 41041]), array([10631, 35065, 31037, 10400,  6298, 39860, 39213, 29542, 20990,
       12809, 40441,   894,  2675]), array([ 3810, 19760, 42206, 27633, 29752, 38616, 20572, 41660, 39041,
        2381, 10426,  4906, 34820,  8395,  9459]), array([12561, 27957, 43519, 21715, 32924, 42044,  6931, 37675, 42152,
       10993,  9764, 28418,  7598,  7753, 33255, 36157, 32171, 15289,
       17529, 11104, 27357]), array([35026, 36977, 11338,  3370, 13689, 31326, 42897, 32614,  3801,
        4129, 32370, 19426, 32007, 27005, 19671, 18809, 26794, 20495,
       28491, 16244, 19077, 27367, 16995, 22598, 32505, 14206, 14033,
       22043, 42688,    18, 34253, 30425,  3895, 11119,   116,  8108,
       13425, 30006, 15753, 17983,  5776,  2728,  1301, 41182, 42937,
       42258,  5712, 32850, 40417, 44067, 16358, 36316, 39531,  1895,
       37522,  7893,  7453]), array([ 5948, 17390,  2069,   470, 30219, 27918,  8486, 17370, 25111,
       16054, 40754, 20518, 16878, 33988, 18066, 26149, 15260, 40462,
       13761, 25982, 10070,  4245, 37773, 33826, 22670, 43758,  9876,
       11541,  4955,  1083, 28560, 42931, 12118, 12445,  5318, 19492,
       36312, 38424, 22280, 18086, 43309, 30970, 42930, 18596, 39573,
        2350, 44623, 20364, 14195, 32417, 14463, 32452, 20531,  2820,
       34947, 10570, 26797, 21566, 40152, 20356, 17000, 17249, 32028,
       30074, 24078, 18319, 23279, 17157, 23909, 13600, 12148, 16572,
       27555, 39046, 13681, 38206, 24448, 42426,  9284, 43992,  3715,
       11679, 25480, 13857, 19194,    57, 36663, 38426, 24176, 43830,
       17621, 11777, 19651,  6890, 20022, 18743, 12955])]
shape of feat_train: (223, 500)
Mean accuracy: [0.43663335275399984, 0.004938824900282346]
