Namespace(dataset='reddit', dropout=0, epochs=400, gpu_id=0, hidden=256, inductive=1, keep_ratio=1.0, lr=0.01, method='kcenter', mlp=0, nlayers=2, normalize_features=True, reduction_rate=0.005, save=True, seed=15, weight_decay=0.0)
size of adj_train: (153932, 153932)
#edges in adj_train: 10753238.0
Test set results: loss= 0.4646 accuracy= 0.9393
idx_selected :  [array([13694]), array([97335, 98628, 20581]), array([ 67316,  53645,  35594, 153735,  32777]), array([ 36456, 135926,  30146,  39156,  37840]), array([113413,  29314,   9803,  85208, 131327]), array([ 82638, 106042, 141692, 151710,   9010]), array([112977,  95506, 142049, 151991,  20066, 123587,  60928]), array([132163, 135307, 120175,   2275,  31954, 123652,  17583]), array([118520,  97693,  43890,  54845,  89580,  60849, 153409]), array([ 28638, 132598, 119424,  41678,  37725, 123268, 112637,  20283]), array([ 77495,  79580,  71180, 121960,  86338, 136178,  66344, 109031,
        82632]), array([103974,  52958,   7651,  76880,  40262,   9807,  29707, 126289,
        27328]), array([ 98249,  32300,  76761,  96145,  60884, 106884,  58498,  68180,
         3881, 111970]), array([135952, 145004,  29993, 113085, 121446, 118377,  37170,  65883,
       114788,  53046]), array([  8560,  81379, 101400,  19730,  12509,  79411, 112381,  37882,
       123433, 121153,  27706]), array([ 25595,  90933,  75217,  41259,  59563, 151376,  91916,   5242,
       149663, 134743, 140799]), array([ 26937, 150586,  14068, 131945,  10069, 127598, 107793,  53171,
        48776,  95456, 133395]), array([ 67576, 132008,  87159,  49577,  64906,  14206,  93298,   4612,
        92600, 125048, 136572]), array([120018, 101879,   2932,  63085, 122251,   3005, 139910, 106905,
        86368,  99483,  33088,  69359,  49621,  26722]), array([  1246,  19904, 120272, 117090,   9337,  66895,  98964, 107040,
        40397, 132832,  30426, 145051, 129140, 146516]), array([ 97878, 140788,  23206, 137340, 129051,  86452, 149951,  18728,
        79093, 142992,  86284,  75814,   9539, 143509]), array([125975, 145463, 129413,  26172,  76981,  98753,  26453, 143842,
       123480, 153466,  81984, 121977,  89856, 120109]), array([151566,  92663,   5871,   5919,  80810, 122200,  45891, 115513,
        95266, 142299, 122294, 101304, 114448, 150008]), array([ 24760,  62738, 126976,  29692,  69439, 109223, 149005,  75659,
       100026, 126979,  58034,  54484, 119425,  84737]), array([114061,  57599, 139145,   3321,  24160,  59452,  35851,  76515,
        50953,  69694,  76492, 109910, 113207, 142448, 133054]), array([ 77823,  53371,  59472,  91676,  18747, 115224,  58228,  34401,
       126995, 129749,   5008, 121008, 126672, 114688,  68395,  54262]), array([ 62477,  90379,  68831, 124143,  78210,  14363,  69310,  31630,
        14383,  33052, 135805,  58275,  52379,  40962,  88106, 105453]), array([ 12481,  28089, 113444,  38537,  36005,   9729,  78615,  73470,
        33908, 116808,  21494, 106397,  52633,  87241, 133841, 147111]), array([145649,  68076,  98668,  53205,  24188,  37020, 149212,  67218,
       130312, 131758, 152093, 133781,  66269, 109422, 134972,  76804]), array([ 79088,  40912,   8077, 128332, 152957,  13611,  89669,  14662,
        45216,  74284,  57972,  70276,  67047,  66404,  82031,  33940]), array([ 13161,  98306, 151133,  67109,  49339,  33517,  56760,  94495,
       117670,  69295,  15846,  67531, 109612,  88023,  99013,  75446,
        80013, 108605,  26799]), array([111405,  53191,  23106, 153164,  28469,  60204,  40004,  64592,
        11445,  35803,  57503,  85565,  58326, 146914, 102048,   2287,
       141453,  48217, 143952,    218]), array([ 68271, 151598,  89292,  48719, 146717,  10228, 153847, 113222,
        67645, 150211,   8448,  44873, 133222,  43159, 127306,  57369,
       121002, 129305, 137194, 129225, 145337,  18963,  82056, 152401,
        11901,  54076, 128578]), array([  3151,  84680,  19877, 153217,  96190,  99508,  28837, 136215,
        62344, 129795,  70592,  64129,  81495,  93766,  99569,  75574,
        64261,   8649, 153121,   5370, 140460,   6326,  38768,  78822,
        91453,  33263, 103340,  87103,  43553,  34170,  34671,  52331,
        65245,  36769,  56803]), array([110587, 128890,  31396,  82505, 129582, 128497,  30803,  12009,
       103315,  24767,  19979,  99358, 141501,  24399, 102713,  92617,
        47067,  55773, 123175,  84058, 142954, 115284, 129161, 111779,
        37114,  71816,  52995,  51895,   6682,  15616,  96868,  81765,
       117275, 134371,     67,  39997]), array([  7832,  76755, 148239,   7009,  29536, 118186,  35964,  85974,
       125461, 151762,  25999,  96983,  97560,   4827, 130256,  22278,
       129783,  54150, 108887,  99214, 124056,  43721, 148203,  48470,
       123773,  64223, 150355, 120294,  54355,  47357,  82790,  52361,
       138745, 124283,  39380,  40653,  82701, 116877]), array([ 63290,  68909, 101823,  58066,   8924,  60207, 137846,  84048,
       137730,  90249, 110253, 124300, 111826,  25299,  13789, 101506,
       138502,  47837, 151813,  66268, 138503, 100479, 123435, 112014,
        91290,  85530,  31809,   2650, 136180, 107377,  64950,  77312,
        19422, 150920, 134776, 153649,  81419,  14570, 129067,  66306]), array([138053,  37646, 148206,    589,  13188,   6530,  30520, 113302,
       104185, 107037, 107116, 118802,  40734,  24278,  39899, 152512,
         7545,  31470, 125866,  62479,  15184,  83630, 139998,  69591,
       147805, 142689, 153429,  17134,  88818,  54506,  23099,  54962,
       140591,  35252,    271,  31315, 134013, 148716,   3626,   9390,
       133689,  54705]), array([ 55629, 153026,  30727, 110976,  86640,  40233, 114138,  14767,
         3283, 118121,  13590, 122436, 152182, 150089,  66660,   3674,
       149470,   9380, 137474,  77607,  62948,  38776,  43086, 130659,
        24497,  50070,  54646,  92831,  83387, 102522, 126395,  95721,
        90292,  62914,  44507, 131987,  28357,  86262,  86680,  19978,
        37026,   6086, 129947,  33127, 124005]), array([ 37299,  36102, 129394,  43203,   9463, 134417, 130796,  28121,
       122757,  48324,  18661,  30369,  82815,  50330,   2074, 105022,
        76979,  96303,  67599,   5190,  87903, 130024, 145994, 139741,
         9167, 130389,  84379,  16850, 131376, 107287,  67494,  61423,
       120023,  62896,  31358,  98802,  31584,  91904,  46902, 144676,
       129966,    944, 147926, 105702, 146245,  53773,  66926,  28104,
         9207,  15286, 122092, 138255]), array([ 57710,  31713,   7211,  33502,  36932, 138042,  15933, 137629,
       153125, 110536,  88971,  45370, 131519,  32165,  84473, 108532,
        30678,  42151,  79087, 119315,  26579,  66679, 127958,  21160,
       125217,  37668,  20578,  66788, 147112,  35335, 127049, 140990,
        54335,  99638, 115520,  85540,   6338,  47653, 140212,  66880,
       106865, 124161,  14779, 128001, 151350, 129616, 144671,  28240,
       111011, 117622, 144897, 108600,  55858,  97214,  91016, 116283,
       144785,   1554, 111418,  18583,  39049, 102624, 101254, 137413,
       149852,  59465,  11944,  71655, 124221, 127793,  86566,  92748,
        13470,  26954,  49116,  26103,  50924,  73919,  20632, 151501,
        27484,  52293,  20036, 105186,  70449,  15775,  12275,  63916,
       151668,  55542,  25790,  72613, 126489, 127294,  33274,  39233,
        63404,  88354,  97002,  63333,  14765])]
shape of feat_train: (769, 602)
Mean accuracy: [0.6760617341959735, 0.02177328954796331]
