Namespace(dataset='flickr', dropout=0.0, epochs=400, gpu_id=0, hidden=256, inductive=1, keep_ratio=1.0, lr=0.01, method='kcenter', mlp=0, nlayers=2, normalize_features=True, reduction_rate=0.005, save=True, seed=85, weight_decay=0.005)
size of adj_train: (44625, 44625)
#edges in adj_train: 218140
Test set results: loss= 1.5489 accuracy= 0.4692
idx_selected :  [array([20803, 20890,  8546, 29916, 43717, 23333, 14164, 12001]), array([23596,  2982, 35160, 24663, 29426, 13930, 44441, 39885, 29848,
       24749,  6023, 13910]), array([10631, 29542, 40441,  2675, 10400,  6298, 38847, 39213,   894,
       12809, 20990, 40973,  3375]), array([34029, 19760, 42206, 27633, 19094, 34896, 39041, 41660, 20572,
        4386, 13791, 11995, 14444, 14871, 26252]), array([43567, 27957, 43519, 15289, 32924, 40001, 37675, 21715, 39519,
       33255, 29329, 24640, 42044, 36157,  6783, 37100, 27357, 17529,
        7753, 11104,  8017]), array([18025, 17983, 11338, 31326,  3370, 41119, 16139, 24469,   116,
       13425, 21176, 19671, 22583, 12557, 11308, 40140,  7893, 16995,
       39686, 11119, 19077, 27005,  4129,  2728, 19039, 32370,    18,
       33566, 32614, 35707,  8108, 18809, 32007, 14360, 20783,  3757,
       20495, 25005, 32229,  1302, 33201, 41725, 32505, 36488, 36316,
       26794, 36977, 40115,  2677, 16580, 41193,   168, 42688, 29599,
        2704, 37121, 12400]), array([19139, 23279,  2069, 27918, 37339, 11607, 17249, 30219, 38206,
       19492, 17390, 33988, 25982,  1083, 19579,  2905, 13761, 16878,
        7159, 21663, 36312, 16285, 41942, 27108, 33826, 20518, 42931,
        8486, 18866,  4019, 26149, 14463, 28286,  4718, 22670, 44623,
       31267, 14195, 11541, 35998, 31274,  2820, 27457, 20022, 18018,
       16581, 24448, 15260, 22619, 17000, 12148, 33630, 22280, 17370,
       12445, 13681, 43821, 34933, 32417, 37537, 42930, 32028, 27555,
       18086, 39046, 40152, 13649, 17157, 20364,  7045, 37773, 41658,
        9136, 24418,  5318, 38941, 27938, 43783, 17059, 15284, 10570,
       30727, 43830, 27756, 42426,  3715, 27616, 25111, 19194,  6890,
       10070, 24078, 16396,   479, 10858, 24299, 35218])]
shape of feat_train: (223, 500)
Mean accuracy: [0.43190068569891993, 0.006124032036046684]
