Namespace(dataset='reddit', dropout=0, epochs=400, gpu_id=0, hidden=256, inductive=1, keep_ratio=1.0, lr=0.01, method='kcenter', mlp=0, nlayers=2, normalize_features=True, reduction_rate=0.002, save=True, seed=1000, weight_decay=0.0)
size of adj_train: (153932, 153932)
#edges in adj_train: 10753238.0
Test set results: loss= 0.4835 accuracy= 0.9394
idx_selected :  [array([13694]), array([97335]), array([67316, 53645]), array([ 94720, 135926]), array([113413,  29314]), array([ 82638, 106042]), array([150745,  95506]), array([110367, 135307]), array([118520, 136607,  43890]), array([110337, 132598, 119424]), array([ 56748, 136178, 132428]), array([118869,  29707,  72660]), array([72677, 60884, 32878, 96145]), array([135952, 145004, 118377, 117492]), array([ 8560, 81379, 27706, 19730]), array([49569, 90933, 75217, 41259]), array([ 92122, 150586,  14068, 127598]), array([114075, 132008,  64906,   4612]), array([112097, 101879,   3005,   2932, 122251]), array([  1246,  19904, 120272,   3429,  61508]), array([103635, 140788,  23206, 129051, 121685]), array([137920, 123480, 129413,  76981, 145463]), array([145640, 122200, 114448,  92663,   5919]), array([119609,  62738,   8058, 149005,   7632]), array([114061,  24160,  35851,   3321,  76515,  57599]), array([141971,  18747, 153513,  53371, 133647,  91676]), array([ 62477,  69310, 135805,  78210, 124491,  33052]), array([110507,  28089, 106397,  38537,  36005,  73470]), array([139760,  68076,  98668,  66269,  24188, 149212]), array([ 79088,  40912,   8077,  82031,  66404, 152957]), array([13161, 98306, 94495, 33517, 15846, 49339, 26123]), array([ 9166, 53191, 64592, 11356, 48217, 85565, 29228, 89845]), array([  2105,  10228, 127306, 151598, 120330, 113222,  48719,  67645,
       150211,  54076]), array([141571,  84680,  19877, 153217,  56803,  99508, 129795, 136215,
        62344,  93766,  34170, 117038,  28837,  70592]), array([110587, 128890,  19979,  24399, 129582,  30803,  25181,  31396,
        37114, 128497,  24767,  15616, 142954,  81765]), array([148370,  76755, 148239,   7009, 129783,  29536,  35964, 151762,
         4827, 101103, 130256,  54150, 118186, 125461,  85974]), array([100794,  68909,  19422, 137846, 124300,  58066, 134776, 110253,
        60207,  84048,  13789,   2650, 100479,  25299,  90249, 137730]), array([ 87186,  37646,  13188,  93704,  35252, 125228,    589,  91545,
       139998, 148206,   7545, 113302,  61402,  83630, 117973, 104185]), array([ 55629, 153026,  54646,  40233,  86640, 129947,  14767,  13590,
         3283,  30727, 114138,   3674,  77607,  83387,  46653, 118121,
        37026,   9380]), array([ 37299,  36102, 134417,  43203,  48324,  66331,   9463, 122757,
        91904,  18661,  87903,  50330,   9167,  82815,  67599, 139741,
        20371,   8108,   2074,  90221,  30369]), array([ 47535,  31713,   7211,  33502,  79087,  30678,  15933, 153125,
       138042, 110536,  36932,  20632,  45370,  84473,  66679, 137629,
        42151,   6338, 127958, 108532,  32165, 125217, 128001,  21160,
       119315, 106865,  85540,  39049, 140990, 147112,  66880,  37668,
        26579,  20578,  88971,  63851, 115520,  66788, 127049,  47653,
         8299,  99638,  41112,  95084,  91016,  59465, 144897,  26954,
       101254, 116283,  92748, 151350])]
shape of feat_train: (307, 602)
Mean accuracy: [0.5961217334730907, 0.01597715806281088]
