Namespace(dataset='reddit', dropout=0, epochs=400, gpu_id=0, hidden=256, inductive=1, keep_ratio=1.0, lr=0.01, method='kcenter', mlp=0, nlayers=2, normalize_features=True, reduction_rate=0.075, save=True, seed=1, weight_decay=0.0)
size of adj_train: (153932, 153932)
#edges in adj_train: 10753238.0
Test set results: loss= 0.4898 accuracy= 0.9398
idx_selected :  [array([ 13694, 145784,  38678,  73763,  60150, 152192, 119724, 135190,
       120283,  33691,  93536, 102772, 140994, 104467, 140125,  51090,
       121009]), array([ 97335,  98628, 136925,   1771,  90474,  41998, 139578, 118997,
        10503,  60351,  20581, 147387,  74673,  63266,  75254, 138970,
        33619,  25715, 102418,  14176, 107468,  70409,   6500,  64106,
        80718,  89133,  31814,  96244,  38041,  68084, 143275, 135420,
        42610,  98775,    167, 121005, 143678,  80276,  46563,  20631,
        87426,  10856,  72691, 127505,  18038,  37739, 152479, 145202,
       107255,  27587,   3519,  45243, 136063, 153141]), array([ 67316,  28828,  35594,  53645, 153735,  56670,  32777,  83885,
        97922, 128054, 121636,  96474,   3375,  51726, 113716, 140396,
       116548,  49533,  17278,  61227,  43571,  29276,  22094,  18789,
        52115,  10885,  91245,  70688, 123421,  40903, 127947,  16691,
        14855, 144465,  87382, 131056,  31107,   3900,   4090, 123276,
        56734, 128938,  13008,  36563,  43349,  57985,  69826,  43908,
       134102, 148220,  31085,  29544,  16361, 126958,   2093,  60303,
        86870,  38503,  95083,  49303,  18979, 103270, 147901, 133649,
       117672, 150267, 117826, 138684,  65573, 114723,  67377,  89259,
        16847,  35898, 128228,  46407,  84822,  17988,  31130,  67795]), array([ 94720, 135926, 101592,  39156,  84862,   1518,  37840,  87225,
       146664,  35125,  64414,  21889,   7983,  21955, 128653,  30146,
        52241, 133554,  31245,  34844, 123929,  75911,  92463, 111630,
        12068, 112656, 119267, 105273,  85958,  34121,  83405,  63059,
        47675,  46245,  28575,  80567,  25503, 140031,  49939,  48928,
       102721,  86600,  52710,  70644,  63936,   9180,  40261,   6620,
        16561,  54357,  60146, 114220,  98731, 122883, 110833,  55508,
        69894,  41254,   7543,  60725,  23696,  90345,  57539,   4014,
        52594,  22167, 146319,  54676,  53763,  28677,  97031, 105466,
        93060, 140796,  67844,  92323,  59916, 121118,  72834,  51007,
       116835,   4869]), array([123541,  29314,   9803,  85208, 131327,  38269,  40787, 124868,
        63022,  78867,  33419,  62006,  91296,  25600,  83143, 136651,
       145688,  90304, 140517,    618,  12152, 120289,  94002, 115479,
       126177, 100508, 104540,  25303,  27398,   3901,  56704, 144735,
        19273,  74964,  76237,  68905,    765,   3991,  11906,  14284,
        54166,  24298,  89219,  18585,  31144,  21812,  74077,  35000,
       107248,  84795,  91960, 142226,  95525,  44065,  28911, 103055,
        44833,  26738,   3177, 152042,  44961,  11706, 143197, 149860,
        18051,  38095,  22888, 104246,  85731,  52906,  37887,  81323,
       102306,  23913,  51988,  88920,  11447, 113679,  29110,  87303,
       112755, 111832, 113284,  92971]), array([ 82638, 106042, 134865, 151710,   9010,  38791, 123879,  45281,
       147397, 136650,  83191, 114066,  43071, 148507,  44066, 151651,
       141692, 129566, 153827,  29387, 135012,  46674, 106946,  83716,
       115405,   1478, 127443, 102773,  78695,  74373,  20839, 113741,
        76082,  10785,  85797,  73896, 134487,  50209,  87415,  31904,
       128322,   5953, 104430,   5825,  39919, 108770,  28072,   7130,
        24534,  75878,   2115, 120915,  41492,  47181,  80302, 109493,
        41523,  91639, 141654, 124801,  24420,  13304,  69197,  44551,
        93629, 123849,  27541, 106990, 139255,  67558,  40806,  25064,
        36182, 150416,  80279,  40446, 124989,  75157, 131102,  65708,
       110712,  57685, 138880,  54232, 113563,  68329]), array([ 38313, 151991, 142049,  95506,  53927, 123587,  44774,  68787,
        87816,  20066, 110815,  87132,  51534, 135352,  96237, 135288,
        88137,  46968,  85448, 149920,  60928,  78865, 112511, 110096,
       128623,  36815, 112675,  47913,  72261, 148001,  46306,  37995,
        41180,  12702,  92821,  61166, 122948,  68127,  66153,  16177,
       141133,   8201,  76292,   4255,  82261,  57950, 101971,  90635,
       153122,  24877,   7946,  63545, 126676, 141157, 131603, 106418,
        60096, 137586,  73009, 103960,  10848,  40049, 115589, 145244,
        48132,  77891,  26591,  93343, 129637,  47663,  18373,  83871,
        23021, 129196, 146432,  23055,  87929,  19235, 127129,  81990,
        86651,  18000,  98855, 119098,  75045,  23734, 123729,  74176,
        97688,  99536,  95614,  73233,  65942, 146900, 152218,  94987,
       150128,  12071, 140323,  51397,  65182,   3610,  44870, 107340,
        73172, 115953,  64519,  20785, 132356]), array([132163, 135307,  16096,  38447, 129285,  54850,   2275,   5753,
       153018,  56519,  54349, 142869,  99756,  95947, 123652,  63642,
        21824,  31954,  41296,  87907, 130202, 148284,  28329, 151013,
       152894,  97207,  17583, 120175, 127237,   8120,  35128,  96633,
        29443,  62877,  86347,  75622, 133933, 124681,  81579, 132409,
       113526,  61309, 133249,  61380,  30144, 144654, 146926,  78802,
        54097, 121826,   2476, 137349, 143797,  26946,  40083, 127181,
        34534,  63875, 115500,  76742,  23095, 149629,  17035, 125065,
       152020,  73319, 101191, 123386,  35249,  52472,  38880,  36269,
       112741,  27839,  47671,  31767, 118775,  41557, 105050,  66509,
       143044,  40536,  43459, 102353, 139052,  89246, 146268,  89209,
        14930, 136914,   4566,  85609, 130582,  25794,  37413, 116865,
        30070, 107054,  79510,   1920, 141665,  93509,  48342,  20083,
        13870,  25167,   1378,  46869, 136710,  56910,  71885]), array([ 78624,  60849,  49329, 124152, 117592, 136607,  89580,  54845,
        27342, 153409,  43890,  71200,   1892,  60943,  97693, 113086,
       143137, 131071,  39255, 133562,  79863, 125970, 133426, 134980,
       115939,  43602,  32829,  52174, 126320,  20049,  50900, 139094,
        68097,  63625,  28535,  43960,  31131,  86245,  67143, 107995,
        45578, 136731,  26479, 116894, 105369,  85563, 108997,  59808,
        37282, 126928,  97190,  88829,  85568, 136245, 133591,   7471,
        60827,  65402,  66899,  64425,  92444,  45863,  75609, 122810,
        22794,  92851,  44688,  88682,  28978,  26381,  11077,  29102,
        52029,  10038,  73957,   5613, 143536, 149282,  89757,  45379,
        62184,  38658, 113663,  62032,  11280,   5503, 137261,  63257,
       132033,  42783,  62053, 111862,  94033,  21214,  74023,  95432,
        31387,  77952,  42173,  58904,  92522,  52935,   4754,  51064,
        71613,  84944, 140778,  47942,  88782,  95388,  64265,  28420,
        90953,  33971,  59007, 125611,  66023,  17899]), array([110337, 132598,  41678, 119424, 116123, 112637, 123268,  80848,
        37838, 150619,  20283,  37725, 141701, 103673,  65983, 138277,
        95697,   7823, 149772,  52608,  69977, 103172,  89852,  80609,
       129111, 138694, 115933,  59106,   2137, 118991, 139610,   1671,
       144436, 112881,  64488, 113387, 129857,  32568,  99745,  89759,
       135224,  64699,  43046,  95794, 111133, 152866,  24312, 100078,
       127230,  12590,   4032,  68344, 125513, 106142,  30749,  92061,
         3254, 119928, 134083, 117878,  68782,  67875,  77405,  87380,
       132437,  53013,  59014, 117442, 114170, 115749,  26365,  34920,
        45417, 104999,  53253, 109706,  15847, 117419, 121789,   3324,
          772,  57495,  37452,  28943,  28153,   8561, 128753,  73614,
       143550,   4067, 143844,  41402, 146034,  48220, 146539,   6464,
        28025,  62002,   1772,  93539,  80940,  52122, 138521,  93397,
       109284,  67544,  57430, 103349,  71369, 114132,  54611, 102615,
       110990, 134012, 101982,  39672,  66089,  20535, 139819, 108446,
        16771,  56780, 146822]), array([ 56748,  79580, 111127, 136178,  82632, 147559, 121960,  86338,
        66344, 132428,  78825, 128537,  21385,  40933,  86147, 153645,
        45732,  33542,  70448, 116132, 150289,  10162, 142849,  69705,
       149151,    397, 124420, 114919,  11418, 112215,  88874,   9935,
        26544, 136152, 109031, 139351,  71180,  39981, 118842, 111582,
        62587,   2521,  53828,   1096,  35519,  60851,  78694,  95102,
       140453, 139635,  77386,  34607,   3214, 146745,  52049,  94524,
        72458,  31006,  65120, 116636, 115712, 142731,  15211,  37288,
        13002,  55282,   6884, 148780,  13493,  79907,  88615,  63350,
        64329,   8873,  19766,  42522, 140841,  82053, 106174,  54697,
        29212, 144142, 143094,  12905, 143182, 104257, 114738, 111951,
        85811, 142745, 139294,  42930, 101114,  75555, 102990,  29698,
         6755,  75182,   6019,   3768,  30942,  82676, 138855,  72409,
        42741, 122476, 112067,   9187, 120830, 114201,  26069, 139151,
        82456,  17903,   2583, 139535,   9374, 150451,  51455, 131493,
        45689,  74796,  57334, 148473,  93256, 150076,  37812,  38025,
       142232, 133184,  15950,  83947,  41566,  96790, 129695, 125522,
        74081,  38193,  83669, 105053, 138159, 106538]), array([118869,  29707, 107826,  40262,  76880,  53054, 107252,  52958,
         7651, 126289,  27328,  35469,  36574,  44763,  28681,  41452,
       135950,  47240,  25928, 142081,  73694,   9807,  39379,  69862,
        54995, 104947, 134020, 151459, 151066,  24765,  45774,  29335,
        72660,  14272, 109667, 142025,  76250,  49544,  68336,  12279,
        41021, 114055,  79842,   7822,  97092, 111658, 117936, 141926,
        92346,  83977,  95371, 113648, 143112,  51291,   6558, 143518,
        58764, 110679,  27271, 117710,  69709,  71597,    910, 145160,
       146550, 110387, 118636,  29368,  95385,  14613, 121037,  49385,
       108615, 106623, 122901,  64658,  64749,  90314,  98237, 126929,
       107328,  51909,   2541,   2253,  91614,  34842, 105551, 126202,
        33105, 152074,  20080,  66650,  24120, 153730,  58934, 118401,
        55705, 130616,  11973, 125639, 141479,  39250, 107270, 125874,
        55541,  93246,  38167,  92046, 118688, 138789,  26240,  89390,
        47879,  33381, 122924, 132848,  32271,  91743,  95219,  34801,
        98794,  11564, 143726, 100546,  91603,  44556,  90475,  47989,
       125723,  13925,  86534,  67190, 152944, 110835,  94117, 141609,
       112420, 101649, 152570,  42253,  59283,  41895]), array([ 98249,  60884, 112357,  96145,  32300,  58498, 106884, 103309,
        17195,   3881,  28287,  49201,  30528, 107676, 145207,  31430,
        12045, 114711, 150358, 137972,  80455, 114451, 131078,  89472,
         5210,  36886, 149980,  90728, 151591, 105206, 113732, 116620,
        74926, 125813,  93613,  75236, 130904,  80227, 121682,  79134,
       116447,  62592,  20242, 122705,  90338, 133357, 108033,  73950,
       131748,  20758,  67937, 101600,  29391, 150328, 139444, 144253,
       135783,  70271,  65688,  39321,  51231,  81798, 133900,  67144,
       134582, 107133,  91057, 118503,  82034,  82455, 105902,  82506,
        81408,  20470,  72872, 149007, 132689, 106743, 110052, 139980,
       152603, 121287,  47498,  66084,  55038,  48474,  39577, 149523,
       145491,  41722, 128927, 105775,  40189,  52726, 135521,  54379,
        45511,  64302,  60262, 127532,  91555,  98666,  45179,  98846,
       106638,  33688, 118168, 151261,  46162, 116824, 122044, 104785,
        87203, 138000, 126337, 115302, 114145, 109812,  23719,  76177,
        96624, 122620,  64865,  95092,  20773,  51974,  77237, 100397,
        78324,  42776, 149235, 141132,  98851, 100958, 142785, 138147,
        37683, 136353,  24515,  68180,  46405,  60581,  76761,  62429,
         7025,  45930,  91224,  20840,  49693,  23372]), array([ 74183, 145004, 118377,  11002,  29993, 121446,  53046,  55432,
        95393,  10978,  87006, 114788, 113085,  50347,  89628, 148394,
       129048,   2260,  69630, 146497,  60573, 109497,  56786, 149889,
        71089, 105474,  60140,  16333,  65325, 148091,  71402, 129748,
       117492,  96659, 142174, 112625,  68288,  67579, 115004,   1873,
        54307,  48159,  61133,  62321,  15973, 104751,  92211, 130943,
         7782,  85363, 152414,  33101,  62289,  92543,  67056,  43805,
        52373, 119783, 127838,  15001,  65883, 137118,  38063, 135036,
        48437,  17514, 140703, 152995, 152110,  45815,  65772,  84050,
       147872,  60536, 118362,  46533,  57155, 131363,  82986,  18973,
        26998,  20057,  42964,  56042,  37170, 138081,  77702, 130729,
        24898,  22226, 116377,  17130,  67298,  78572, 100857,  52571,
        79229,  60264, 129610,  54672, 102510,  93689, 101041,  43636,
       130255,  66804, 128191,  44039, 149130, 133045,  19051,  46922,
        21358, 141299,  48525,  22911, 101697, 149330, 118269, 128710,
        34957,  13823,   4097,  30828,  52924,  88982,  17348,  10565,
        70346,  98745, 127349, 108898, 128080,  24385, 120203, 128795,
       137391,  97776, 134197, 117099, 143292, 148610, 140345,  30024,
        36889,  38821, 118251, 106827,   7236,  78499, 104646, 136753,
        95278,  37850,  56747, 112168,  11476, 126004, 133368,   5705]), array([  8560,  81379, 101400,  86372,  19730,  79411,  12509, 123433,
       121153,  37882,  62499,  27706,  52722,  44475, 112381,  72363,
        87016,  56077,  64925, 100411,  20285, 141522, 140763, 134215,
       146720,  51803, 100301, 146191, 144484,  32875,  39954, 121963,
        11734,  89117, 126456,  24503, 150650,  26783, 118580,  69224,
        34509, 118590,  71064,  27853,  85089,   4438,  98506,  53571,
         8757,  33002,  54413,  58645,  91408, 133471, 117115,  18833,
        68654,  76295,  82962,  74486,  85419, 100469,  72043, 146013,
       108625, 146248,   1503,  14356,  58099, 100079,  14681,  83910,
        38857,  70975,  30159,  28053,  12892, 125666, 100086,  86670,
        85051,  22822,  50525,  19725, 124377,  71913,  30185, 106124,
        37089, 133737,  51228,  77811,   9080,  96724,  68179,  30524,
        75121, 107060,  56064,  96916,  63542,  87979,   2328,  56730,
        63601,   1896,  11114, 142401,  34819, 113204,  49658,  42662,
         7926,   8176, 149043,  82829,  44626, 147617,  41903,  90388,
       141902, 142915,  89444, 137506, 134070, 153471, 128036,  63549,
       149820, 149389, 127698,  85576,  56683, 140270, 144407,  83725,
        75853,  88517, 136890,   7756,  50984,  45749, 130657,  32816,
        31023, 108214,  25719,  75914, 146162,  74304, 101005, 138541,
        83153, 120117, 120881,  25667,  34887,  23740,  97361,  16558,
        90665, 137890,  43365, 102853,  70940, 140378, 146484]), array([ 25595,  90933,  75217,  59563,   5242, 151376,  32402,  41259,
        91916, 149663, 134743, 140799, 106853, 150743, 138184,   3399,
       141441, 118346, 147904,  99616,   5806, 123584,  38575,  52746,
       141679,  25434,  10919,  46884,  40349,  46200,   4392,  60547,
       134220, 121375,  48605,  14111,  56885,  29940, 118354, 141918,
        11560, 125766,   1678,  23596,  26452,   4439,  18690,  23426,
       143080,  50059,  97322,   1048,  29937, 129448, 144595,  43678,
        91471, 135094,  71195,   4378,   5017,   7818,  95761,  96138,
        99760,  78718,  21731, 102623,   8371,  85369,  44512,  81639,
        38287, 101359,  20902,  79017,  42654,  22834,  72453,  56766,
       125575, 140844,  67250, 102607,  10124,  80321,  31830,  35596,
       126266,  26250,  37277,  23456,  31173,  16581,  62463,  25489,
        33774, 144583,  57552,  22938,  74569,  52947, 129897,  19610,
        61343,  22380,   8396,   4155,  47416, 110602,  78103, 135254,
        41545,  66045,  56071,  45160,  39936,  85694, 142839,  15299,
       101303,  51169,  72236, 109308, 120236,  82867,  32205,  42386,
       142800, 121471,  74048,  64474,  73137, 152691,  16030, 114649,
       145664,  44535,  31380, 134398, 144691,  10773, 143088, 149456,
        54739,  99158, 123250,  14766,  44837, 131988,  17733,   4054,
       135051,  59312,  56959,  60466,  37223, 153048,  68837, 147573,
       128410, 137055,  84255, 134686,  21726,  55332, 119012,  29042,
       102262, 120934]), array([135092, 150586,  14068,  53171, 127598,  10069,  24957, 131945,
        48776, 150497, 133395, 139961, 128909, 129458,  95456, 101488,
       129465,  77201, 138805,   6047,  44717,  50949,   9273, 104822,
        47428,  92561, 144389, 113038,  29324,  95147,  73580,  46976,
       133679, 115269,  29030, 122106,   1839,  96439,  21069, 149002,
        94784, 147466,  90228, 135031,  37338, 143124, 134162, 141152,
       140575,  13169, 119244,  93939,  55035, 122366,  12060,   6821,
        32116,   4819,  86868,  31683,  83076,  46972,  68438, 133204,
       141279,  64744,   2839,  94076,  87995, 118735,  74200, 148236,
        46150, 125135,  19337,  31250,  31223,  54051,  88332, 150447,
        22276,   9735, 134019,  37389,  80096, 149249,  11506,  21544,
       146533, 105783, 107793,  92605,  44411, 123147, 136204,  80312,
        22899,  72616, 146120,  67637, 130500, 151730, 121209,  93648,
        66042,  21797,   1937, 104710,  28829,  24855,  35931, 132270,
        37703,  96654,   6862,  91694,  11642, 118500, 143691,  81191,
        72703,  15766, 100489,  26247,  38848,  48558,  42210,  86843,
        59414,  77215,  77995,  52102, 100646,  68078,  80304,  83290,
        91488, 151760,  16880,  67444, 112003,  87410,  93748, 139841,
       125233, 129217,  54120, 107635,  76277,   8466,  13326,  34604,
       118749,  51768, 102352,  82990,  96637, 118183,  29274, 137400,
        31422, 143237,  14063,  72560,  47920, 104463,  26893,  21614,
        13070,  35968, 129769, 121165,  13430,  16439, 130777,   6183,
        93724]), array([114075, 132008,  87159,  49577,  14206,  93298,  64906,  92600,
       136572,  48017, 144590,   4612, 125048,  90763,  81017,   4619,
       138212,  68768,  60461,  80637,  89503,  63938,  76182,  71390,
        68529,  25497, 101364, 127241,  89509, 116397,  27222, 106695,
        63775, 106456,  73495,  78521, 134467, 100562,  28781,  24239,
       146673, 110994,  93977,  95433,  61600, 117050,  57139, 122397,
        10775, 116826, 113897, 128551, 121693,  76548,   1828,  93474,
        47367,  96767, 125842, 114905,  56918,   2899,   8093,  63993,
       140732,  74086, 101557, 143269, 119142, 110139,  94313, 117829,
        49538,  48831,  83073,  12714, 110918, 143058,  43836, 116671,
        86155, 141110,  75531, 148403, 128682,  39023, 130149,  95886,
         6670,   1230,  73386,  50207,  73208, 106711, 104843,  24889,
        45818,  17384,  30388,  52100, 120540,  72024,  48899,   5900,
       147685,  96922,   7319, 122448, 137179, 137819,  27791,  72011,
       115100,  13259,  93089,  45072,  51837,  12063, 102474,   6773,
        84500,  10833,  83128,  46988, 103888,  90885,  54731, 138398,
        42708,  95426, 140975,  98169, 150907, 121800,  59524,  97189,
        17655, 109723,  50497, 119055, 122071,  87193,  77657,  17153,
       145081,  61934, 148664,  96258,  89381,  69699,  61479,  20397,
        54385,  89844,  62488, 134028,  41083, 111259,  55527,  58345,
        32669,  99815,  48871, 115279, 119907,  45793, 106869,  97327,
        21212,  64707,   7955,  61188,    600,  80734, 119194,  41145,
         5589, 101632,  94774]), array([ 58287, 101879,   2932,  63085, 122251,   3005, 139910,  99483,
        86368,  49621,  62178, 106905,  62798,  33088,  69359,  26722,
        26464,  45174, 129097,   7138, 120251,  21893, 116969,  51010,
       135033, 116091, 112194,  23931, 131794,  51945,  38361,  42498,
        91081, 121434, 113601,  66757, 127085,  39563,  36745, 141210,
         3764,  33265,  21345,  17672,  10543,  38522, 138060,  59347,
       147203, 132863,  78422, 111267,  20258,  97769,  59653, 121431,
        28288,  14987, 143815, 132212, 134011,   1874,  34253, 140554,
        46233,  27265,  56703, 134842,  45166,  12015,  25045,  13640,
        68607,  89424, 111907,  59922,  82248,  27129,  25164,  40359,
         1701, 147866,  96211,  17770,  81522,  28042, 138869,  79612,
       149499, 142016,   6962, 126267,  71770,  43168, 146442,  42388,
        43191, 101270, 128883, 136608,   4913, 123891,  97808, 109243,
         2865, 122762,  42105,  28834,  89255,  27030,  32682, 136964,
        97665,  19369, 151049, 123639, 152466, 135053,  16841, 110005,
       138602, 117410,  53472,  28006,  62867, 129765,  39520,  75903,
       140959,  71871, 148701,  23805,  91974,  70832,  96333, 111083,
        53361,  63034, 101642,  68958, 111984,   1830,  83321,   6066,
        17280, 100128,  38620,  87295,  12302,  27144,  55206, 139919,
       148526,  57189,  97209, 144076,  81544,  91236, 152485,  32324,
       133005, 129933,  89704, 120919, 147188, 115876,  84465,  42530,
        76634, 131827, 115211, 120551, 124354, 138530,  55442,  59511,
       116574,  27148, 109464,  51284,   6813,  77224,  85366,  15053,
        98164, 127145,  98206,   1552,  12796,  10678,  63438,  81938,
        95332,  55176,  96644,  68500, 137843,  27536, 145117, 144938,
         6275,  37189, 128009, 103797,  64362,  71448,  10191, 130993,
        59977,  37161]), array([  1246,  19904, 120272,   3429,  61508,  66895,  91583,   9337,
       132832,  98964,  40397, 129140,  68403, 134412, 117090,  89971,
        27501,  77524, 138545,  67514,  59157, 145051, 131703,  83055,
       132829,  98290,  49213,  75685, 138173, 134277,  26293,  96135,
        16696, 107040, 119627, 138375,  90703,  53771,  22156,  30426,
        23204, 108252,  61604, 123063,  41357,  31076,  34247, 118825,
        92697,  23985, 135305,  41756,  47891,  30245,  32095, 139319,
       149270,  25230,   8841, 146516, 108164,  59882,  77438,  39565,
       135772, 135237,  67141, 112140,  96919,  35642, 130017,  48685,
         7262,  32088, 150631,  81429,  90747, 102527,  84420,  15889,
          832,  86160, 142392,  53701, 127967, 140384,  29632,  88024,
        45871,  25763,  33128,  29619, 102653, 146543,  49276,  93644,
        11339, 152997, 134844, 135148,  14336,  33964, 146992, 118956,
       128366, 117719,  92296,   1911, 130076,  48755, 103280,   2530,
       106067,  39967,  40104,  77825, 142768,  72496,  93948, 104195,
        61926,  73126, 140585,    204, 103771,  86939,  81005,   9075,
       135708,   6144,  88964, 141088, 143752, 145022,  54412,  43239,
        91777, 142527,  81080,  46802,  72721, 133650,  24304,  81532,
         8306, 117845,  45685,  91844, 136732, 101739,  47441, 123942,
       122958,  41753, 124072,  71055,  72761,  35412,  24597,  62735,
        96003,  15013,  44108,  73937,  20268,  37846, 135403,   7507,
        32032, 117619,  42439,  61494,  61119,   5529, 130857, 152089,
         3781, 113588,  59969,  91423,  90568,  60010,  45731, 144246,
        44697,  98210,  85736,  35395,  14967,  49954, 145089,  38856,
       120031,  34728, 131743, 134500, 126457,   9335,  57668,  73790,
        91658, 100496, 140560,  64388,   8428,  97320,  22952,  79512,
        56818,   9979]), array([131943, 140788,  23206, 129051, 121685,  18728,  86452, 106957,
       149951,  67458, 142992, 127516, 137340,   9539,  81832,  86284,
        75814, 125053, 121218, 127993, 114810, 143509,   5940, 139364,
        19748, 147139,  89504,  14392,  57483,  48237,  64676,  48087,
        24782, 116248, 142642,  94573,  73479,  96639,  79093,  17967,
        10874, 149256, 116436,  29162,  20471,  99479, 125783,   5913,
       136919, 109709,   2517, 122240, 136179, 147168,  11172,  29129,
        64230,   6571, 120073, 128586, 111275, 115826,  13806,   5389,
         3735,  32766,  55217, 101168,  82523,  27206,  77005,  19732,
        90927, 103799, 106718,  16616, 133668, 102060,  60306,  67951,
       120834,  75636, 111322,  15092,  87765,  69856,  53261,  42632,
        18495,  85318,  79588,  74659,  95733,  93825,  29223, 113887,
        27909, 150813, 131608,  53551,   6743, 132902,  27926, 120688,
       135085, 139472, 125267,  77065, 109305,  73440,  91036,  70729,
         2122,  35679, 105636,  43011,  30398, 146584,  81092, 130750,
       131682,  83701,  62721,  55779, 145929,  73880,  16297, 102222,
        38283,  49906, 101643, 138571, 124625,  85771,  84179, 141171,
       139797,  90861,  75190,  42464,  99951, 141780, 136113,  87569,
        19414,  69998,  25265, 131065, 138924,  61846,   7201,  11561,
        33352,  87950, 138313, 138135,  39231, 111795,   8671, 114951,
        16962,  90729,  19592,  61477, 149709, 131018, 109826,  52232,
       124759,  81805, 114326, 100017,  13982,  59013,  31673, 112691,
       111796,  83088, 151737,  39568,  46113, 138923,  90496, 147010,
        71960,  27163,  64824,  22691,  45951,  36953,  41857, 125453,
        92965, 120431, 131416, 125008, 107503,  17960, 134591,  85503,
        26115, 146676, 114335, 132355,  49286,  28587, 129329,  19374,
         1775,  96748, 121168,  80793]), array([ 22128, 123480, 121977,  98753, 145463,  76981,  82195,  26172,
       153466, 129413, 143842, 104363, 123073,  89856,  26453,  46749,
        81984, 120109,  67828, 130195,  13278, 126319, 131112,  36818,
       145520, 118790,  63490, 121867,  50170, 152250, 146495,  98293,
        29298,  85156,  55006,  70584,  20452, 152628, 105934,  94056,
        73624,   5694, 128338, 114187,  19629,  36813,  43621,  81176,
        90368, 125024,  90108,  53905, 129236,  52038,  11778, 152239,
        11282,  67871,  18504, 137295,  15345,  83071,  92528, 130397,
        57651,  41700, 140647,  69162, 110034,  11203,  18741, 115770,
        82047,   4420,  13715, 125270,  90206,  12609,  23870,  96011,
        22462,  15511,  79737, 103916,  41803,  22232, 116812,  77545,
        87608,  25039,  62354,  73289,  82156,  67608, 109670,  45423,
       104944,  97712,  38805,  67049,   4727,  28833, 147880, 146281,
       140341,  86822,  45893, 123341,  47992,  78254,   3431, 116788,
         1866, 124312,  50065,  32224,  25603,  86690,  18617,  31658,
        58776,  33580, 128923,  26740,  29694, 146317,  39523,  54337,
       151268, 139816, 144898, 110544,  12812,  23422,  57666, 111466,
       152538, 135630, 122734,   9878,  68954,  39580, 146481, 136508,
       123455,  95169, 107945,  79484,  52836,  33111,  93195,  99810,
         1849,  13262,  60595,  15217, 131255,  31049,  86768,  13217,
       131596, 113406, 148245,   5757,   5963,  62816, 104051,  76019,
       145385,   1544,  59855,  37287, 131483,  41720,  90868, 107494,
       110801, 126970,  87420,  56452,  91448, 153784, 130418,   6242,
        71367, 136150, 133346, 152302,  51492, 132546,  42017, 101443,
         4792, 150585,  26993, 105227,  62139,  26142, 125427,   8113,
       133428,  22688,  26818,  87933,  70909,  20775, 104717,  98588,
        86429,  90378, 122645,  73224,   6372]), array([145640, 122200,  80845,   5919,  80810,  95266,  19821,  45891,
        92663, 101304,   6010, 122876,  57329,  77423, 122294, 115513,
         5871, 114448,  86394,  53490,  37996,  25871, 142299,  80392,
        18047, 150008,  50795,  10277, 108275, 114200, 122660, 103241,
       132735, 151959,  49254,   7749, 124160,  94107, 148293,  36823,
        37163,  37755,  86447,  90079, 131294,  51935, 111993,   6293,
        36315, 143172,  92262,  47960,  41244, 131764,  83133,  87733,
        12655,  11475,  41129,  63946, 124268,  95134, 103476,  65041,
       131228, 127132,  31920, 118071,   1725, 104106, 148781, 140771,
        78900,  57449,  84749,  85018,  61931,  95658, 140719,   9677,
        52752, 138155,   4697,  19163,   2144,  12362,  33268,  64166,
        30460,  30412,  38476,  53038, 102574,  20628, 116433, 105545,
        72032,  98402,  13635, 142832,  76070,  22560,  84141,  90823,
        89386, 136725,  65224, 137398,  69785,  93330,  17157,  76362,
        37442,  17241, 131084,  45986,  23924,  85733, 153057,    716,
        34968,  13455,  50195,  65473,  43845, 115467,  28125,  48513,
       130609,  44565,  43761,  15989,  90879,  21705, 115988,  17266,
        95609, 147934,  30591, 124349, 122585,  11732, 118242,  64023,
        93077, 124919,  13040, 116829,  45080, 143650, 122748,  59374,
       146236,  69860,  42146,  15735, 101190,  53815, 120896,  32743,
       149079, 151184,  37375,  61230, 150428,  77170,   5312,  90179,
         7359, 113993, 109932, 122902,  93524,   3174, 136383,  84597,
        23586,  47265,  57806, 107106, 118472,  86802, 132189,  31423,
         4635,  54283,   5202, 110193,  31187,  51752,   8171,  83663,
       111308, 111161,  15153,  21339,  10065,  68102, 145166, 144189,
        95792, 144686, 117037,  69006,  93845, 114215,  84619, 108056,
        14739,  79482,  66758,  55092,  38121,  88700]), array([ 24760,  62738,   8058,  29692, 100026, 109223, 149005,  32019,
       126976,  54484,  75659, 126979,  32144, 151292, 119425,  84737,
        17202,  49791,   1513,   7632,  69439, 146675,  55473,  73960,
        72511, 150272, 109938,  86697,  40301,  56471, 120828, 149186,
        34796,  78310,  74650,   4705, 134560, 149029,  44270, 106584,
       113437,  54447,   7485,  89033,  76342, 120080, 143767,  99506,
       146314,  80919,  48250,  58034,  94875,  44844,  24445,  26826,
        96423,  69545,  40108,   9520,  66614,  70212,  81086, 115821,
       134971,  60648,   1816,  59643,  45725,  13417, 139176, 127205,
        81452,  80196,  66787,  75807,  60559, 131075,  28730, 120062,
       114143, 148363, 114667,  92350, 122003,  79800,  42521, 139372,
        22629, 119536,   4291,  88766,  82976,  14591,  97368,  93371,
        16614, 132133,  23641,  81437,  15262,  37224,  24059, 119734,
       106148,  15271,  35470, 102368, 128765,  60858, 126934,  90981,
        23957, 136781,  84787, 132202,  52510,  77385, 110078, 104580,
        79782, 147930, 143894, 126644,  75591,  81808, 134510,  77374,
        69334, 103303,  68100, 126662,  37773,  52878,  70619, 115912,
        16936, 147244,  18895,   8695,  86185,   1883,  36215,  90691,
        89763, 146572, 106482, 127647,  42215,  87082, 111912,  79788,
       118244, 129215,   3891, 140804,  50213,  30030, 102481,  67741,
       111459,   5902,  14425,  74611,   4465,  37691, 126567, 125129,
        88806,  46771,  37457,  67341, 144589,  88131,  28140,  28856,
        86648, 147787,   6263, 144107,  72694, 120880, 108179,  85477,
       137085, 111673, 109407,  93296,  87054,  39164, 110702, 135936,
       142984, 129052,  96452,  16551,  85321,  89549, 145961,  39215,
        21051, 123157, 105804, 102783,  54021, 129581,  81139,  76937,
        94789,  11660,   7297,  15684, 117472,  34235,  87360,  86827]), array([132513,  24160, 139145,  76515,  57599,   3321,  35851, 133054,
        52905,  50953,  69694, 109910, 142448, 113207,  76492,  59452,
        13032,  83687, 112239,  98409,  83727, 141078, 139226,  61181,
          957,  27145,  98325,  72493,  27396,  84861,  89994, 147636,
        16137,  41153, 144401,  72838,  83368, 140761, 121466,   5673,
        90816, 135013, 122469,  53975, 137233, 113386,  91444,  18641,
        27127, 125001,  64050,  84140,   4786,  72443, 104690,  63099,
        54475,  89545,   6356, 147754, 101916,  90553,  57511, 102462,
        32275, 126231,  88595,  80091,  39425, 139707,  47358,  55350,
        51490,  59495,  17594, 118666,  50385,  80253,  66008, 122348,
       140930,  41497, 117436, 149512,  33976, 147006,   8313,  83544,
       139867,  36731,  40601,  51049,  41095, 101111,  73758,  88679,
       113214, 115792, 138213,  59130, 131746, 126108, 135057,  59950,
        42856, 140509,  50320,  54284,  29255,  17544,  72837,  50692,
        70092, 113778, 145481,  28589,   2904,  15761,  64558, 114302,
        68747, 147683,  11468,  87470,  45750, 141420, 149185,  40721,
        16796,  56148, 107319, 150847, 111004,   9797, 151984,   1517,
        11804,  38240,  45845, 113795,  29299,   6859,  45130,  19722,
        59323,   2007,  82423, 130560,  47287,  41191,  10723, 102437,
        10802,  35677, 130591,  88256,  98243, 123106, 121092,  83464,
       135922,  64727, 137442, 136135, 119115,  25507, 141275, 145147,
        98641,  42551,  50520, 109625,  45883,  62682,  58334, 118282,
       101036,  78281, 101054,  11743,  23975, 122334, 105361,  49500,
        75835, 112590,   4307,  94529,  71493, 109713,  66447, 118981,
       109158,  29409, 132375,  27990,  52945, 147779,  44850, 152979,
        83628, 109379, 105415, 126363,   9931,  62935,  30881,  63686,
        48510,  44925,   6555, 102619,  49176, 130488, 147780,  17006,
        26753, 128789, 130251,  43344, 122991,  51232,   2164,  37204,
        34980,  89614,  45782, 146855,  14285,  82520,  50765, 110518,
        88326,   9385, 147144]), array([  9298,  53371, 129749,  18747,  91676,  68395,  58228, 153513,
       152398,  34401, 121008, 137419, 115224,  37873, 118975, 147772,
         5008,  59472,  74059,  40953, 127833,  68343, 133647,  43800,
       126672,  54262, 114688,  65262,  48101,  34213, 145234, 126995,
        72667, 136335,  32186,  24244,  83226,  34590, 143683,  66457,
        69206, 114682, 151890, 118166,  79915,  64862, 144226,  91156,
         2268, 115073,  48837, 132427,  75160, 107713,  26488,  69040,
        41400,  24518, 121389,   9297, 130938,  96443,  53376,  43204,
       146089,  27823, 122085, 123144,  28913, 117156,  33051,  39711,
        37816,   8840, 103957,  83312,  87639,  38033,   8727,  88377,
        68683,  45563,  41640,  87315, 104004,  84661,  60744, 105337,
        33977, 119611,  40901,  26472,   4405,   6170,  68029,  68698,
         1288,  81812,  57252,  90184, 118088,  85356, 129712,   4749,
        30985,  31360, 111100,  91287,  13234,  21379, 146355,  31825,
        92354,  34896,  20921,  51058, 144793,  34593,  37775,  16874,
       119894,  61899, 101108,  71051,  56810, 146340, 117432,  43090,
        98277, 145979,  31517, 141488,   2465,  97421, 104221,  50817,
       123322, 135516, 112740,  65931,  14609, 128246,  20406, 106361,
        33347, 100137,  81746, 105401, 102058, 138300,  75094,  43570,
       112882, 129188,   6283, 129206,  56614,  28933, 153101,  68370,
        48681,  24683, 137321,  56422, 139930, 144457,  54931, 121663,
       143953, 106297, 139601, 113798,  56231,  79813,  55975, 114276,
        10215,  18384,  96535,  83059,  31089,   8006, 139243,  68397,
       122983,  45206,  48396,  47304,  55449,  61883, 114057,   5286,
       144799,  79570,  46399, 110184,  10394, 100368, 144930,  38324,
        62040,  71627, 102934,   6087,  60041,  72877,  82901,  59708,
       152873,   4636, 133697,  71791, 152155, 132667,  53252,  40195,
         8684, 142481, 108184,  46708,  94621, 105306,  95899,  59792,
        26082,  96255,  97511,  76790,  13991,   3340,  86012, 116360,
         7547,   1900,   3159,   6521, 103783,   5698,  39432,  13997,
        38159,  42804]), array([ 62477,  69310, 124143,  78210,  68831,  40962,  90379,  33052,
        14363,  57298, 105453,  52379, 135805,  58275,  45792, 105174,
       100995,   3006,  34229, 117971,  70280, 119713,   7540, 142771,
       106322,  22230,  14383, 124491, 108178,  16182, 102295, 147630,
       134262,  75886,  56157, 101869,  17603,  35011, 136546, 132990,
        61425,  50605, 113384,  33172,  50804,  82619, 137932, 143039,
        88106, 110203,   5864,  83852,  40592,  93180,  41055,  29466,
        23982, 109209, 115163,  96580,  32445,  83452, 136107, 115036,
        27646, 123103,  70036,  93571,  21854,  95771, 124089,  18030,
        48793,  42109, 152258, 141029,     74, 116755,  89462,  80920,
        45438,  65352,  65280, 137644, 112938,  82180,  76594,  50911,
        51782, 140401,  36689, 128973,  59095,   1511,  41974, 121728,
        65379,  44793,  78462,   8966, 121306,  98737, 137822,  50704,
        47909, 124531,  28918,  31973,  66161,   4596,   5291,  73374,
        18637,  25321, 137638,  93700,  31708,  29963, 120571, 146453,
       153639,  17949,  40098, 139850, 103318, 118207, 147978, 144551,
        19811,  19957,   4260, 149740, 151033,  41007,    616,  12472,
       133038,   5295,  50409, 135073,  48034, 146747, 105864,  21034,
       114023,  93415, 109123,   5339,  32904,  41732,  44208,  36015,
       123310, 132864,  58857,  76554,  31630, 127890,  69869,  43464,
        62058, 152396,   9685, 117603,  19298, 151159, 100532,  43745,
        75989, 127711, 151740,  49956,  15056,  53394,  39863, 123347,
        29628, 109507,  34964,  94806,  33292,  71332, 103879, 123214,
       108023,  97180, 137170, 149468,  64680,  58335, 137350,  21235,
       128930,  76482,  12043,  82337,   6177, 133236,  63507,  81529,
       126499, 109050,   5475, 115216, 116157,  52407,   9082,  24115,
        64734, 110868, 108848,  23731,  41450,   4844,  17432,  53678,
       151143,  71983,  37587, 132503,  20655, 103502, 103432,  20341,
       131787, 146567, 137006,  20811,  23419,  72095,  28656,  87404,
        53910,  92711,   9019, 123463,  39536,  79480, 118677,  32971,
       136470, 149501, 144575,   3061, 140451]), array([102016,  28089,  38537,  36005,  21494,  48445,  73470, 116808,
       113444,  33908, 106397,  91177,  40426,  80173,   9729,  78476,
        70892,  12994,  30934,  87241, 144748, 133126, 110689, 137357,
        96207, 144315,  85580,  52633, 133841,  51355,  32981,  75985,
       116497,  21710,  51560, 147111,  73490,  84857, 147118,  33262,
       139335, 132464, 133687,  14175,  74513, 142665,  29132,  78623,
        55056,  87391,  95804,  16352,   7864, 132481, 116422,  88355,
       126430, 116036,  71522, 128526,   3076,  57689,  16848, 115835,
        53961, 141034, 152364,  47550, 128135,  57525,  39751,  62975,
        44143, 128875,  10722,  50714,  81939, 124087, 111047, 101153,
        13374, 117947, 108454,  37332, 128564, 100711,  59113,  87363,
       131977, 120380,  22943,  62778, 106237, 144539,   2708, 146391,
        76076,  94515,  16853, 129820, 121793,  32526,  58205,  20821,
       118330,  82610, 147629,  99075,  97982,  41359,  26114,  21728,
        66807,  74452,  27883, 106771,  86283, 140984,   8147,   9604,
       149114, 118929,  69269, 136047, 111764,  25023, 125868,  43882,
        20145,  78182,   9343, 145583,  38141,  54408, 134824,  45687,
         7911,  68653,  80542,  74537,  70179,  44309,  84242,  20330,
       143773,  16254, 102899, 112375, 113239,  24125,  30650,  27150,
       127291, 112255, 129760,  78615,  53918,  81246, 145729,  79986,
          477, 117918,   4239,  27059,  70282, 110665, 100740,  88163,
        50648,   1097,  59991,  83025,  22260,  25952, 111985,  97831,
        37826,  98930,  99717,   4087,  77433,  27691, 105277,  40275,
        13791,  55187,  79855,  48105,  42293,  22904,  23286,  62435,
       118310,  39268,  57277,  52011,  11929,  49803,  55896,  47116,
        81132,  37267,   6963,  88728,  82353,  71859, 114003, 139840,
        82941,  13478,  71906,  53789,  25294,  92368,  86287, 122409,
        97495,  21887,  21092,  51526,  81028,   9774,  30929,  15076,
       140005, 100938,  46433,  32259,  82751,  66645,  89906,  46136,
        23092,  47607,  11755, 115666,  62217, 152080, 143981,  31363,
        63422, 125624, 111152,   5482, 127942,  17144, 103020,  39622,
        44161,  45570]), array([139760,  68076,  98668,  53205,  24188, 134972,  66269, 133781,
       149212, 109422, 149671,  67218, 131758, 130312, 152093,  27582,
        14172,  90675,  37020, 107761,  22563,  67257, 102021,  63303,
       124512,  51405, 120953,  76804,  39831,  44775, 138062,  43855,
       112435, 136337,  72045,  66805, 136927,  66707, 129506,  38145,
        62633,  80037, 127202, 137211,  45201,  73525,  55106,   8410,
        88516,  24007, 151450,  34345,  54866,  24127,  30408,  96421,
        95086,  35556, 150263,  18937,  60704, 126895,  82101,  60543,
        64808,   7405, 110816, 147158,  35819,  74259,   2509, 106761,
       124620, 134981,  79561,  15740, 108297, 136760,  50508,  16219,
       118078,  51984,  70578,   1480,  13854, 133417,  13038,  79942,
        21555,  69942, 103372, 131935,  27413,  84247, 119846,  79056,
        22255,  44752, 130975,  96253,  56178, 131824,  65647,  57568,
       126067, 142801,  82332,  20912,  68200,  56912,  50053,  16728,
        46683,  40390,  97802,  14551,  53629,  70351, 117568, 141885,
       136148,  27402, 149773,  73926, 121646, 118366, 108066, 130082,
       137853,  25098,  14082, 120498,  57358, 116296,  65286,  23772,
        37351,  15390,  87488, 122458, 126224, 118348,  23119,  26045,
       140344,  95499,  82902,  18054, 145570,  13402,  20433,  35546,
       136461, 149315, 134240, 130845,  60733,  30359, 114956, 144994,
        12593, 141619, 145050,  72066, 142197,  85854, 116532,  55086,
        34124,  23153,  62328,  46443,  26311,  97237,  45915, 124086,
        11363, 142943, 136744,  86834,  55467,  34613,  78307,  18464,
        76384,  46760,  15436, 101806, 106996, 142402,  85908,  23733,
        49589, 112082,  35167, 128660, 147177,  46492, 144075,  53148,
       146740,  19787, 109766, 125393,  92009, 142416,  96087, 110332,
        64754,  63129, 132034, 109049,  72683,  33048, 147826, 142521,
        19475, 123054,  99220,  34742,  80762,  47341,  56643, 132883,
        97079,  44462,  17937,  87200,  21042,  94680,   5886,  37870,
       110761,  42029, 152361,  72374, 108207, 144163, 124422,  95341,
        85164, 104756, 111955,  27049,  28272, 132541, 114452,  13701,
        45895, 110357,  45823,  36308, 120783]), array([ 79088,  40912,   8077, 128332,  89669,  45216,  14662,  74284,
        66404,  41398,  75632, 152957,  67047,  13611,  78864, 102791,
         4965,  55881,  70276,  73132,  87198,  28976,  82031,  33940,
        57972,  49672,    424,  40605,  98178,  58787,  84331,  83375,
       135577,  28610, 130097,  46756,  18154,  44826,  43484, 131497,
         1535,   4750,  40609, 109821,   2676,  27446,   4017, 104872,
        41538,   1281,  34415,  60681,   9784,  72581,  57827, 100935,
       129489,  14695,  69372, 123808, 113161,  87267, 106295, 134082,
       110100, 109775,  85433,  88277,  19834,  76537,  34492,  34427,
         3253, 134944, 121058, 124875,  33591,  92039, 110161,   3663,
       103698,  37671,  29848, 101979, 113703,  47383,  21123,  57762,
        98233,  88492,  11347,  82129,  49806,   9480,  78367,  23790,
        41264,  33507, 116845,  81630,  35877,  59047,  74936, 106993,
       102843, 144495,  56627,  86669, 144629,  91270,  71041,  87354,
        55103, 135576, 143924,  50856,  15532,  98166, 112835,  53941,
         5599,  83564, 126053,  14030, 141957,  71485,  21980,  71274,
       114232,  22851, 149583,  43635,  59860, 122090, 120747,  58041,
        79032,  84830,  32870, 108509, 119583,  87962,  53599,  64377,
         7308, 140390, 150874,  45260, 110258, 152842, 136997,  56400,
       111593,   6104,  57946,   1357, 145633,  36835,  12759,  32471,
       135102, 151332,  76059,  88118, 137276,  75765,  70682, 108692,
        14246,  53483, 134787,  48801, 151088,  51609,  99604, 136511,
        19113,  52860,  58155, 104742,  30913,  75214,  80995,  45928,
        70540,  66830,  59769, 144344, 141519,  54797,  89561, 130714,
        48414,  81988,  22084,  84514,  45939,  41178, 120093, 142291,
       115535,   5136,  45985,  13503,  75433,  13625,  26864,  80030,
        69038,   8996, 150388,  80228,  91055,  97521,   2400,  89222,
        14549,  96781, 114962,  26344,  26604, 106750, 112165,  68098,
        88221, 122133,  26143, 140135,  91634,  13514, 137048,  70666,
        92100,  39102,  36940, 139937, 128077,  40712,  62543,   6994,
         2689,  46700, 103250,  20978,  95210, 121725, 128184,  45298,
        69001, 118632, 122850, 129702,  30308]), array([ 82755,  33517,  69295,  49339,  63907,  67109,  15846,  80013,
       151133,  94495,  75446,  61246, 117670,  99013,  59402, 108605,
       139827,  59921,  26799, 112975,   7144, 109612,  98306, 111303,
       100671,  21957,  31218, 145531, 118567,  80684,  86046,  53286,
        53143, 114605,  68085,  77149,  26305,  56760,  73223,  15459,
        67531, 137507,  33727,  22188,  35542, 109431,   3862,  97594,
        32810,  26123, 145963,  55231,  96934, 141575,  61858, 126986,
        13663,  88023,  27795,  17366, 104517,  70820,  11569,   9152,
        51694,  64947, 148417,  43718, 145732,  48235,  46678,   5598,
        45983, 103886,   3352,  59865,  11873, 142544,  13291,  43572,
        67259, 134052,  92773,   2021, 144740,  29439, 114678,   9274,
         9879, 129705,  36987,  30251,  85968,   3287, 125823, 104293,
       134912, 110588,   4563,  66019,  64570,  38456,  54725,  79593,
        59595, 118656,  63072, 112963,  15909, 124314, 108542,  51489,
       138794,  28034, 125631,  72316, 135859,  81566,  28568,  40161,
        22950, 117941, 127460,  75049,  88198,  96275,  68593, 127673,
        61827,  65085,  39715,  92644,  59705,   6490, 144730, 106704,
        26314,  27567,  26666,   8062,  87115,  47296, 122464,    625,
       130175,  57359, 119584,  91126,  76272, 128721, 134883, 148400,
        51922, 135405,  51724, 145879, 114155,  10463,  86254, 146956,
        55765,  75558, 142582,  49140,  95352,  32003,  71143, 112383,
       110231,   7570, 117297, 147700, 106720,  44321,  96665,  23142,
        13948,  42905,  56122, 110319,  42022, 124753,  50074,  69225,
         7976,  35662,  97648, 141601, 149027,  23420,  79262, 153242,
       136323, 134782,  16598,  59459, 105046, 111298, 129860,  30102,
        32142, 101528, 141087,  29196, 149592,  78161,  45517,  13110,
        88102, 100554,  68305,     80,   5424,  75453,  98811, 118187,
         6716,  84318,  68767,  22062,  49652,  25533,  28542, 112162,
        91636, 110734,  48167, 127406,  18503,   1323,  88807,     54,
        89176,  29028,  11332,  24837,  35182, 122994, 115903, 128560,
        99682, 102289,  30403,  30290, 116021,  71773,   3467,  23748,
        89180,  47540, 119926,  66365, 150809,  88312, 123717, 140638,
        84958,   2195, 106285,  26428,  61129,  45947,  78954,   7773,
       134027, 132527, 138552, 145973, 116211,  98549,  95582, 148000,
       113240, 147024,  55864,  46644,  75141,   7531, 120693,  31551,
        10514,  63132, 146739,  21941,  37689, 126342, 131591,  68537,
        40147]), array([111405,  53191,  64592,  40004,  11356,  58326, 153164,  28469,
       115324,  35803,  23106, 100604, 102048,  85565,  11445,  28789,
        89845,  48217,  51645, 117614,    218,  29250,  52624, 141453,
       143952, 146914, 130709,  77270, 118838,   6049, 143761,  78805,
       128941, 125906,  64875,  29745,  79918,  93281,  85801,  57503,
       107200, 153397,   2505,   7045, 149904,  39210, 120447,   2287,
        87518, 100779, 110947, 129825,  29228,  74340,  49822, 146124,
       122783,  19045,  13095,  98107,  18940, 149986, 123437,  80445,
        61810, 116694,  15934, 117824, 152362,  93201, 124115,  14354,
       117715,  17273, 149633, 142575, 107610,  70696, 102888, 119197,
       142736,  82510,  17944, 114438,  93004,  30764,  55487, 123818,
          216,  85624, 109570,  39451,  46376,   5990, 149198,  35227,
        60204,  64908,  60793,  48725,  82939,   4916,  31274,  65815,
        42940, 124261, 127655,  50655,  48562,  62110,  54717, 146609,
        34131,  74682,  99192, 151425,  49598,  70726,  47165,  75690,
       103988,  87991, 147537,  86810, 106425,  66471,  40327,  34027,
        21920,  74369,  52043,  57137, 107217,  41746,   3654,  80058,
       105880, 109744, 124224, 150176,  24197,   1762, 139965,  32361,
        73145, 112851,  90826,  12611, 113441, 150812, 122042, 113359,
        89754, 144357,  54699,  50975,  68493,  98948, 149280,   3208,
        77565, 131730, 110951, 113423, 141406,  12189, 126956,  85970,
        22187,  64372,  30604, 145112,  11196, 137584,  28739,   5766,
       114470,  92088, 135901, 142218,  18191,  64752,  40697,  15752,
       114487,  47530, 140652,  52234, 140364,   1409,  10879, 117018,
       135142,  54487, 149214,  69137, 121720,  11674,  74697,   1773,
        91956,  99518,   5020,  89371,  27720,  54736, 138510,   7997,
        84026,  36969, 141708, 139102,  42527,  62169, 104449,  27903,
         7733,  78547,  35191,   2945,  63488, 148523, 109100, 113291,
       102851,  45167, 139023,   9633,  18861,  85544,  70509, 152408,
       126312, 146420,  60726,  69296,   1487, 131736, 113788,  37314,
       106744, 124165,  92120,  39671,  15632,  60416,  85373,  31744,
        50104,  29814, 114948, 118456,  84860, 131664,  98942,  19082,
       110618,  13867,  21006,  91357,  24141,  15204, 100206,  79359,
         6525,  90470,  53420,  73424,   2619, 145559,  34531,  68108,
        67150, 149805,  10792, 112061, 110086, 123707, 148278, 113402,
        87590, 101236, 118583,  36268, 137643,  68868, 149392,  66862,
        12957,  71501,    522,  99999, 145237, 128931,   7046,  84445,
        51797, 101297, 139589, 150457,  53644,  50570,  58501,  64646,
       135625,  76225]), array([  2105,  48719, 129305, 113222, 133905,  54076, 150211,  10228,
       153847,  89292, 151598,  67645, 129225,  11901,  44873,  18963,
        82056, 133222,   8448,  43159, 111754, 127306,  18426, 129038,
       121495,  57369,  40543, 152401,  58570,  27607,  86238, 105052,
         5016,  92612, 120330, 121002,  32227, 117953,  24981, 126588,
       146161,  72621,  48259, 110669,  38991,  85727, 128578,  27353,
        23725,  66240,  80133, 134847,  52132,  58667, 145892, 149916,
        73330, 129697, 145337, 125967,  33480,  77604, 136033,  80400,
       143495,  22954,  51425,  59428, 104689, 132429, 153261,   5636,
        46752,  60755,  55444,  71211,  41403,  32015, 114034,  37415,
       108148, 127044, 148476, 124892, 138268, 137194,  18353,  13004,
       136155, 108478,  21356, 120001,  90505, 110613,  87063,  58549,
       145371,  71900,  33471, 118993,  93842,  43638,  10892,  24211,
       152766, 119365,   2998, 141606, 128179, 109340, 101093, 153134,
       141191, 111537, 125429, 149757,   3425,  17730, 145360,  30737,
       120861,  23297, 146717,   6613,    163,  22987,  40743, 151610,
        21242,  44629,  39478,    341,  77930,  57407,  54771,  44953,
       110807,  77793, 110470,  46237,  71967,  84540, 124050,  87028,
        37166,  40718,  24623,   2092, 103505, 150983, 147516,  31393,
        30949,  13013, 148923,  66580, 127762, 105725,  57156,  39168,
        93658, 139160,  68202, 145115,   5925,  31963, 145777,  61320,
        35563, 111035,   9408, 135526,   3689, 112833, 133734,  28300,
       151928,   9621,  86675,  94456,  79519,  19809, 142410,  60403,
        99022,  94317,  21359, 120852, 129572, 133899, 121718, 132216,
        16078,  72797,  10111,  12218, 103661,  16517,  13152,  62385,
       106458,  34379,  84730,   6700, 127977,  87864,  96336,    382,
        67007,  92877,  74851,  52604,  59655,  48848,  57914,  62573,
        45354, 153655,  92264,  58176,  20964,  39780, 140944, 134614,
       142278,  10506,  83916,  92124, 146189, 132020, 119300,  28665,
        10240,  78257, 147085,   8087,  84804,  10860, 133736,  88415,
       108941, 134132, 131189,  20445,  11432,  53576, 122109,  23237,
        96840, 118597,  81441,   8080, 148347,  31684,  60265,  87456,
        18885,  41941,  76587,  40573, 142751,  10000,  33750,  58832,
        31929,  51706,  89449, 132175, 108914, 145231,  59834, 121255,
        85967, 123933, 141494,  17089,  77799, 103845,  39375,  34190,
        36044,  22491,  23069,  78942,  94613, 149970,  36796, 107710,
         3805,  95786,   9239, 145744, 137904, 136783,  18273,  18118,
        84738,  26179,   5211,  48942,  71731,  66697,  93749, 141745,
       119070,  49640,   3930, 149559,  97240,  11905,  26090,  83875,
       108958,  42679,  20141, 115883,  55914,  93316, 120405, 109112,
       138234,  45765,   5724,  84064,  32189,  98351, 100722, 119447,
       152276,  94408,  50923,  34928,  74771,  51009, 142497,  33237,
        84979,  12180, 100956,  65080, 148751,  88765, 149023, 119960,
        49002,  35337, 134503,  59918,  12856, 119972,  72142,  92668,
       127747,  63385, 100468,  47786,  70435,  37804,  52457, 125734,
        68477, 111040,   8592, 110015,  16683,  32817,  67018,  20138,
        94691,  49745,  52352,    493,  24035,  82781,   2852, 153273,
        64823, 104551,  99920, 134580,  28249,  93260,  80121,  50778,
        11584,  62135,   7995, 129803,  27982, 142862,  44545,  21306,
       135599, 102121, 129733,  38030,  32020,  30891, 113474, 130030,
       137338, 151719, 125420,   9173,  96006,   9857]), array([ 16910,  99508, 129795,  84680, 153217,  91453,  19877,  78680,
        75574, 127421,  62344,  70592,  81495,  28837,  93766,  38768,
        65245,  96190,   8649, 153121,  64129,  43852,  62430,  78822,
        56803,  34170,  87103,  73739,  34671, 132609, 103340,  43834,
        91913,  68170,  59466,  43553,  54454,   6326,  43145, 140460,
       153058,  24377,  58250,  64261, 136215, 145771, 139277,  67884,
       120556, 104333, 118764,  26415,  76096,  37463,  45745,  33263,
        84745,  43896, 139748, 128200,  25651,  78906, 109367,  16940,
        91970,  17513,  52331,  36769,  44382,  94563, 125031, 147792,
       117038,  73717,  75423, 104904, 114592,  44594, 107434,   3383,
        20324, 132873, 121522,   2844,   8364,  69127,  54402,  33162,
        77510,  50863,  16514,  32788,  90326, 102283, 148946,  14690,
        74108,  99569,  37165, 138713,  67811, 147795, 124071,  30869,
       127974,  10050, 127798, 119375,  87939,   9534,  89459, 108298,
         1076,  84824,  26545,  23815, 112396, 129730,  36431,  66377,
        42012,  13951,  29847, 101666, 121744, 108172, 102628,   8232,
        75673, 142994,  46384,   6105, 146558,    869, 106922,  49975,
        47836,   7107, 129198, 132467, 126984,  33823, 144266, 143810,
       107355, 110353,  40514, 153879, 111853,  21897,  33438, 147656,
        81799,  92672, 135927,  95810,  69825, 122823,  57344, 105477,
        78938, 110461,  83614,  66643, 123636,  47778, 102702,  62576,
        83147,   6179, 127339,  82277,  30821,  16170, 135346,  72842,
       130401, 127821, 109105, 146728,   5370,  81578,  72814,  25249,
        53582,  18513,  59926,  70671, 149281,  23471,  94414,  22005,
        75517,  96455,  45355,   9614, 138363,   9144, 131106,  40798,
       141974,   3089,  39556,  59415,  36783, 149533, 138884,  74262,
         8217,  80080, 144631,  23312, 135075,  33138, 120932, 136035,
        80783, 145131, 150789, 110506,  54245, 136845,  88157, 136372,
        77556, 101188, 119543,  14529,  23864,  19147,  66822, 103489,
        60924, 133832,  52242,  76658,  89858, 119519, 135825,  78073,
        65040,  66543,  44300,  51603,  11164,  12868, 112149,  41148,
        12065, 120833,   1013,  26192,  90966, 140021,   1236,  21383,
       119623, 128798, 132369,  87026,  65334, 147547, 137698, 127448,
        80766,  93350,  78779, 132744, 148687, 121032,  31467,  47253,
        84397, 117887, 120398,  74188, 118243,  87749, 141365, 108313,
        21765, 150829, 107506,  19192,  82226,  34397,  24361,  56461,
         8265, 138306,  69464, 109187,  71154, 100135, 119620,  99019,
        86929, 147790, 146512,  18838,  73664,  69282,  84073, 126997,
       106168,  99251, 135699,  22125,  19102,  96350,  58091,  48675,
       144895,  71941, 127194, 124930, 142368,  86201, 133491,  14310,
       112089,     22, 103167, 105108, 119313, 102394,  49399,  30843,
       153666,  63633,  53248, 134298,  29545,  85469, 143253, 108366,
       131423,  44343,  45549,  39439,   1952, 118259,   2016,   1950,
         9025, 141748,   2306,  50399,  73468,  18343,  10122, 121664,
        56132, 137007,  17668, 140714, 129791, 151054, 102556, 140993,
       142549,   1574,  94866, 101406, 133332,  21643,  32545,  35374,
       147160,  29841,  55161,  50145,  35310, 130220, 121798,  47816,
       107950,  36727, 110298, 152625,  84776,  18386,  86325,  76396,
        43014,  66845, 138784, 146372,   1716,  19994,  74595, 108197,
        34460,  73152,  64855,   1703, 102098,  76148,  22439,  81518,
        44519, 135985,  58967,  87083, 106903,  14517,  67082, 142466,
       122692,  26001, 128122,  25257, 113866,  57134,   8908,  82493,
       114182, 135784,   8712,  54470, 123229,  15200,  67997, 150554,
       101276,  55678,    611,  74099, 135930,  69253,  21248, 142129,
       136804,  75356, 111164, 135991, 149730, 141500,  17755,  25109,
       125305, 144225, 135541,  86505,  65978, 125988, 131857,  72993,
        17659,  30812, 152569, 108450,  45788,  92974, 125356, 150228,
        90393,  97548,   1171,  34167,  41706, 119071,  87475,  42505,
       143724,  72726, 116194,   9138,  69469, 135000,   4682,  96647,
        71384,  28884,  22201, 145638,  48199,  39143, 147902,  45208,
        65250,  78124,  14527,  44226,  77529, 124527,  97493,   6348,
        24505,  28849, 124412, 110405,   3865,  80144,  49620,  96776,
        83551,  46103, 101849,  23128,    124, 126585,  47222,   9567,
        48748, 123269, 116287,  16897,  86914,  40652,  34881,  36338,
       149245, 111668, 147270,  18039,  12115, 143793,  77626, 118365,
        59570,  13045,  45448,  80129,  16994,  81582, 112129,  28629,
        39126, 135494,  54991]), array([136391, 128890,  19979,  47067, 129582,  30803, 102713,  12009,
       128497,  31396,  92617,  55773, 141501,  99358,  24767, 103315,
        82505,  81765, 142954,  24399, 123175,  37114, 149774,  89668,
         6682,  51895, 111779, 129161,  38370, 115284,     67,  15616,
        52995, 122422,  96868, 116058,  71816,  58033,  12388,  85207,
        25181,  39997,  42518, 115929, 106772,  70479, 137097, 100588,
       136419,  86048,  53552,  92502, 117275,  11467,  41335, 140978,
        75748,  66690, 141546,  58989, 132635,  84058,  99697, 116131,
       108154, 136912, 142924, 134371,  58613,  47378,   6781, 123227,
         2881, 134018,  51286, 115947,  57062, 100783,  97272, 121250,
        93859,   9630,   7670,  26571, 144923, 125559,  37507,  80104,
        53798,  68960,   2523,  52265,  48311,  40794,  67864,  46609,
        37926, 145013, 145439,  70155,   8794,  67273,  14892,  86908,
       129242, 111994,  21690,  64545,   8471,  27064,  39794, 146541,
        47941, 115593,  23983,  15566, 106001,  22827,  39457,  72164,
        70746, 132091, 133007,  18079, 112820,  86475, 131521, 143084,
       151953, 134143, 128846, 116319, 132222,  35848, 104941, 133165,
        70461,  85286,  53001,  13946, 116196,  13073,  43507, 118291,
        77610, 149304,  79041,  81316, 112055,  87407, 120060,  84617,
        65682,  58824,   2975,  38211,  59611,  22669,  99983,  93244,
       102401, 100235,  49261,  46195, 103329,  15267,  98515,  91703,
        28525, 114415,  45717, 110691, 134138, 100568,  10672,  21671,
       112146, 146353,  11030, 138901,  90159, 130489,  62913, 140738,
        26855,  13091,  60292,  82119,  41683,  88985,    932, 121219,
        78365, 108792,  75830,  74901, 122968, 128035, 153543, 143232,
        45663, 105348, 130248,    156,  73081,  63286, 108702, 130486,
       127286, 151777,   2763, 146917,  58685,  12133,  27735,  60941,
       103122,  91419,  39244,  33646, 111408, 110378,  36176, 107084,
       125741,  84819, 117310,  37420, 147130, 128480,  94270,  19281,
        60003, 102024,    467,  10585,  65218, 131753,  93927,  81658,
        36337, 102604,  36789, 107070, 104025, 112236,  30036,  30260,
        65283, 106320,  59565, 104707,  34575, 123806,  39275, 138459,
       146318, 123315,  29898, 130717,   2057,  21284,    768, 126799,
        74619, 103689, 134874,  20065, 137231,  76855, 118674, 115027,
        88061,  16705,  36362,   9882, 141452,   3572, 151806,   3402,
       111345,  76211,   1441, 130346,  29569,   8149, 123095,   7163,
        89836, 100399,  74361,  37073,  82592,  87164,  55793,  93450,
        24178,  35795,  51880,  96513, 131779,  13283,  13573,   1392,
       131616,   4535,  61071,   2401,   5126,   6567, 138630, 146862,
       104930, 107946,  16821, 110250,  84605,  64681,  99800,  35452,
       100404,  94679, 139864, 106921,   9310,  15593,  50552, 121074,
        37370,  80241, 147481,  29710,  96339, 136029,  96908,  26866,
        25690,  24986, 141890,  45512,  77227, 119693,  51829, 150782,
        66818, 129168,  97003, 129565,  20337, 136910,  55254,  35424,
        32890,  16238,  20854, 108924, 122459, 132084,  67042,  53505,
       149279, 149958, 102267, 138741, 144893, 133903,  52961,  58417,
       104887,  16425, 130670,  46261, 152126, 131187,  42619, 146574,
       124046,  91610,  50318,   3952,  16770,  36217, 147669,  53520,
        90554,  39472,  33252,  40756, 133130,   8624,  33878, 115319,
       111452,  56129,  42849, 129288, 110585,  98742,  20713,  24203,
        30396, 132287,  71979,  15538,  25934,  92466, 150013, 100786,
       146904, 136678, 103646,  33749, 103653,  79503,  77804,   4398,
       104897,   4229,  21964,  67841, 120595,  58855,   9087,  70314,
        30110,  57773,  49225,  69660, 121064,  86390,  57049,   8800,
       114576,   3596,  72778, 101853,  55430,  41976, 129961,  95908,
       126825,  61317,  65386, 143387,  98769,  71333, 133810, 112329,
        52303, 105107, 125862,  51307, 146632, 139053,  47422,  79668,
        22798,  90956,  48947, 151047, 117371,  97280,  19396, 141686,
       127123,   8196,  97285,  71612,  48228,  38318, 113010,   3108,
        59316,  29922, 126605,  18778,  27812,  79152,  54391,  77199,
        70741, 147370, 115700, 106414, 100217,  38350,  32151,  33050,
       119025, 131891,  90762, 104932,  83780,  95518, 111022, 143171,
        86562,  41595,  92017,  67550, 104247,  13491,   6901, 152760,
        36369,  66892,  59828, 114603,  33784,  79687,  39335,  60233,
        26747,  62596,   1676,  51809, 125737,  65429,  97846,  40051,
        76545,  68199,  24833,  38202,  24988, 104435, 132199,  99551,
        50444,  15861,  98695,  37479,   8519,  46285,  63043,  55628,
       133496, 101219,  24947, 119970, 112824, 108223,  19348,  56014,
       141704,  12990,  20607]), array([148370,  76755, 148239,   7009, 108887, 151762,  35964,  29536,
        43035,  97560,   4827, 124056,  85974, 118186, 130256, 125461,
        25999, 148203, 129783,  64223,  54150,  43721, 123773,   2394,
        81149,  52361,  82790, 114778,  99214,  45675, 138745,  14080,
       120294,  54355,  82701,  40653,  14539,  39380, 150355,  77230,
        22278, 110202, 116877,  35534,  80432, 150040, 147822,  22949,
       127108, 124283,  48470,  38530,  13245, 133014,  44268,  31183,
        75739,  58883,  96983,  47357, 101103,  76904,  65358, 116810,
        99666, 151621,   4042,  66642, 152680, 103922, 145140,  77514,
       102997,  91044, 129386, 104630, 127959,   5733, 127063, 131287,
        76566,  30750, 152949,    621,  71302,  42404, 137913,  87501,
        50246,  90699,  43660,  70787,  60848, 145655,  82181,  90862,
       141080,  46039,  77102, 146710, 153150,  99171, 153911,  70599,
         9855,  60013,  21105,  44441,  29112,  34977,  47345, 106640,
       132382, 102372, 109345,  38912,  13675,  18526, 138617,  78941,
         4190,  47667,  14581,  60425,  30341, 150633,  67660, 106653,
       148587, 149480, 136501,  81295,  15647,  32004, 106363, 113034,
        48312,   1224, 103962,  49748, 145534,   6459, 116160, 137282,
        26038, 118682, 141561,  17856,  77812, 111318, 110009, 114162,
        12569, 114871, 139105,  22444,  74837,  65327,  97346,  86098,
        58426, 118254,  16583,  26199,  82010, 118584,  23058,  40628,
        92473, 113906, 107480, 149417, 115338, 120795,  73048, 138220,
       134807, 146932, 109079, 110414,  74136, 109895,  30935, 123100,
        57286,  64955,  54884,  96526,  76005, 122030, 104972,   6152,
       112148, 125583,  91313,  94134,  25275, 106603,  76592, 106888,
        22134,  85158, 106973, 148903, 123844,   5688,  21314,  72093,
        67486, 125648, 144205,  39677,  89063,  38512,  96201, 111280,
       111438, 109509,  93009,   8628, 126538,  90139,  40463, 102364,
       112982, 145164, 128612,  52151,  29801, 131164,   4206,  34936,
        20692, 114339, 115268,  95505,  52485, 114411,  25046, 136973,
        89773,  55082,  94583,  87178,   4276,  73291, 127907,  96740,
       143702,  41046, 124461, 130954, 146854, 131044,    881,   7790,
       138763,  63525,  92014,  73600, 114385,  85877,  92337, 127533,
         8463,  40142,  11456,  46663, 107395,  88706,  96587, 110140,
       127811,    825,  60708,  53234, 109204,  86094,  48683,  16223,
       141096,  98887, 106509,  64546,  95748,  72719, 110032, 140340,
        15207, 141625, 139596, 147597,  74780, 148157,  15421,  53340,
         4996,  57979,   1442,  23410,  48116, 122082,  67682, 146435,
        46731,  36401, 135742, 128277, 152400,   1721, 103072,  61788,
        65331,  48326,  81063, 149810,  41783, 121886,  72614, 100375,
       149886, 143279,  49259, 153216,  99255, 101088,  78650,  87045,
         3790,  72263, 122148, 129125,  28866,  85919,   2585,  78347,
        88630, 100072,   7889, 141057,  87065,  42508, 108545,  67469,
        21364,  36028, 136398,  97901, 130973,  18105, 137748, 147398,
        92884,  23045,  25020,  66546, 140291,  27137, 125111,  64169,
        20126,  45526,  26756,  14574, 131364,  51099, 129805, 147192,
         8280,  86789,  91999,  67312,  77171,  57769, 102661, 121303,
        11115,    319,   7883, 148738,  32868, 138154,  45199,  97284,
        79203, 136200,    433,  92548,  66467, 134030, 139694, 133455,
       140006, 122494,  72920, 153055, 122835, 124578, 119378,  95651,
       139147,  38314,  44529,  83574, 133389,  49220,  51993, 130374,
        69307,  45800,  50198,  98759,  59789,  35033,  95901,  37027,
       117580,  61675,  55545,  95852,  32363, 121127,   7760, 114294,
        68602,  43388, 117703, 143788,  15423,  59809, 149486,  83585,
        22590, 127703,  19562, 124210,  47199,  91478,  25368,  38567,
        38873,  74627, 103548,  38510, 104091,  45229, 131851,   8107,
        20871, 150891,  39103,  77275,  92699,  53550,  70536,  91837,
        96495, 140498, 137921, 129192,  87220,  72385, 131677,   7337,
        61986,  86080,  87282,  34075, 114017,   5842, 146711,   6568,
        67207, 127149,  62259, 122212,  26385,  46432, 111799,  91589,
        30622,  24254,  81361,  87563, 117453,  70493, 125353,  18969,
       136144, 136961, 134233,  94783, 125155, 125638, 134154, 145154,
        24846, 115976,  79402, 137797, 149698,  84659,  67297,  74635,
        69128,  78683,  17244,  22486, 113669,  66524,  45659, 121683,
         9076,  81936,  57938,  97178,    555, 130413,  97791,   4082,
       141894,  80773,  44078, 105648,  64188, 139825, 102370, 135741,
        54527,  53053, 134931, 109761,  13485,  20011,  89144, 141915,
       128472,  95693,  11567,  17506,  59614, 110920,   6274,  81735,
         6286, 109071,  30669,  62770,  29022, 103424,  85954, 127988,
        85945, 112961, 143186, 119955,  12402, 106496,  50106,  47119,
        33815,  93049,  93493,  29846,  37777,  61314,  77461, 151040,
       135624,  22290, 133517,  13586,   2138,  81121,  97847,   7936]), array([100794,  68909, 137730,  84048,  66306,  90249, 137846,  58066,
       124300,  13789,  25299, 100479,  47837,   2650,  25355, 110253,
        19422,  60207, 151813, 101823,   8304,  64950, 107377, 101506,
       153649, 138502, 115061,  31809,  84624,  64650,  85530,  66268,
       134776,  79385, 111826,   8924, 150920, 129067, 111335,  14570,
       114305,  18542, 108520, 123259, 112014, 100180, 137614, 133788,
        55832, 129578,  33303, 120454,  99820,  34180, 120587,  23378,
       151197,   8434,  29565, 106370,  39470, 101030,  81419, 149548,
        35401, 123435, 106657,  62492, 100197,   7031,  34552,  47555,
       149837,   8668,  98213, 100071,  91332,  80388, 112622,  91290,
       137977, 112043,  24089, 136180,  68494,  77312,  58656, 130733,
        34978, 130356, 138955, 112925, 146163, 133318,  16008, 146595,
        20551, 115529,  32751,  64878,  58207,  36637,  81623,  31837,
        86064,  95223,  66802,  63327, 151716,  89038, 138503, 107151,
        18867, 126941, 134932,  79752,   2673,  42429,  11848, 132159,
        54838,    685, 113561,  82198,  93126, 120275, 126911,  38184,
       101741, 145441,  94302,  48367,  67186,  48029,  37045,  37031,
       130568,  65230, 151146, 122505, 110431,  44349, 131421,  95454,
         4822, 128637,  39856,   9449,  41908,  13911,  48838, 116668,
         1135,  77463,  99083,  42875,  11728, 136503, 139647, 113934,
        13010, 131836,  83350,   9314,  82416,   2534, 100116,  11454,
       132305,  32640, 143132, 138765,    844,  60418,  25626, 125684,
       144192,  58913,  31862,   6678,  57509,  93998,  78258,  80801,
       113020, 123295,  61841,  30128,  72899, 149314,  52017,  42999,
       148174,  14561, 123900, 103137, 111016,  51589, 153081, 149413,
       121608,  94376,  99190,  24406,  12145,  90870,  33484,   1151,
       117321,  42051,  78060,  69650,  85069,  52729,  45360,   7602,
        68590,   9084, 132559,   5978,  29600,  76380,  88404,  55942,
        53854,  88247, 152886, 135567,  19825,   2441,  32355, 128582,
        20398, 140122,  97619,  67284, 103511,  32744, 101218, 108335,
        74287, 121575,  33763, 133072, 109500,  39009, 119166, 101166,
       119556,   1682,  65371,  30517,  17911, 149047,  44919, 107289,
        41637,  42648,  54102,  35230, 108769,  47752,  39372,  59250,
        64797,  60772, 113235,  50990, 144860,  29082, 142140,  58270,
        64528,  71687, 120078,  73254,  22804,  78404,   9391,   6786,
        28893,  21861, 124439,  27471,  99322,  73988, 150463, 145048,
        67209,  64271,  12782,  37554, 151670, 113018, 133382,  62943,
        77659,  58201,  56156, 100238, 115783, 126698,  72926, 147908,
        74413, 132572,  49111, 120426,  25946,   2451, 137736, 133026,
        37293,  77426,  30661,  27493,  28211,   6434, 125691,  26667,
        15064,  45248,  92361,  24783,  45093,  21902, 126315, 146127,
       110236,  87513, 125769, 117582,  47170,  26238, 131204,  23071,
        42125,  44158, 127193,  16247, 124945,  32771, 114301, 114097,
        10596,  50876,  85664, 126795,  84569,  73707,  46701,  73480,
        23393,  27324, 144445,   1370, 102535,  28433,  80689,  91520,
        63145,  55551, 151137,  48010,  19608,  46483, 127879, 106532,
       107987,   8134, 141535,  23494,  66473,  33436,  62294,  81398,
         5060,   7725,  85195,  56951, 145505,  25506,   4331, 135482,
        82621,  64330,  87702,  35119,    890, 114859, 152731, 122717,
        24213,  40008,  39916,  75947, 124967,  76846,  86564,  24453,
        40851, 153621, 138938,  16808,  18561,  20118,  19220,  36179,
       118709,  13039,  83523, 152671, 105357,  58208, 131398, 145024,
       135546, 143381,  72122, 135679, 120072, 104838,  80548,   2761,
          627,  68910, 101513, 105718, 132047, 124186,  73767, 144787,
        49026, 123388,  71164,  94151,  58234,  80818, 112588,  46798,
        82803, 141497,  58633,  63517, 109164,   7631,  78861, 113009,
       113439,  35127,  89273, 100157, 135380,  36945,  45742, 118527,
        58174, 147798,  84034,  78585,  53724, 140171, 128045, 136221,
        70625,   1079,  35430, 142325, 149085,  37130,  77324,  11441,
        54049, 135764,   3172,  99299,  81171,    309, 134635,  87124,
        20979, 137877,  22697, 147661,   6907,  33004,  74267, 143317,
        92642,  52780,  55076, 134218,  54153,  14883,  10049, 102010,
       117768, 110265,  36127,  83036,   9318,  25342,  26073,   3670,
        84393,  51046,  35511,  91106,  50771,  89343, 140556,  91934,
        59429,  77684,  68147,  29118,  88565,  80965,   6414, 138323,
       111643,   7877, 133201,  67048,  98902, 145456, 136852,  23894,
        92819, 148269, 136356, 113234,  47753, 111103,  98535,  34390,
        89720,  63321,  53663,  91118,  47524, 133972,  82016, 135159,
        99961,  49400,  83082, 139731, 152631,  53585,  89366, 107343,
       148680,  31268, 136772,  82682,  91342, 141871,  11735, 125027,
        50183, 102297,  84210,  55518,  67545, 133214,  92530,  68237,
       143906, 101286,  75507,  81584,  32262,  46167,  73411, 121131,
       131621,   5867,  52200,  61195, 152460,  16863,  54361, 121088,
       103876,  94210,  13043, 111038,  25124, 118202, 139887,  88062,
       131613, 127658,  94818,  13280, 152147, 128525, 142667, 132165,
       126054, 118459,  91633,  16565,  12225, 122824, 131872,  32899,
       142374,  44921,  74966]), array([138053,  37646, 113302,  31315,  13188, 148206,  30520,    589,
       125228,   7545,  39899, 139998, 104185, 142689, 107116,  15184,
        62479, 117973,  61402,  31470,  22900,  24278,  54705,  88818,
       152512, 148716, 153429,  35252,  62318,  23099,  83630,  69591,
        41786, 134013, 133689,  40734, 137869,   3626,  54962,  90603,
        16895, 136044,  92277, 125866,  54506,  93704,  93221,    271,
       144184, 148367, 138980,  33679, 137482,  61874,  97169, 112764,
       107037, 153068,  59899,  91545,  54148, 147805, 132790, 110097,
        31038,  12828,  54258,  19606,  40997,  71049,   9390,  34675,
        17134, 144311, 118581,  40991,  30738,  70198, 102528, 111968,
        12781,  65462, 107445, 153534,  30370,  26876,  74297, 119812,
        61811, 113967, 116555,  96157, 111831, 114566,  56008, 126975,
       134682,  45126,  84762,  36250,  80749, 151869, 148427, 145119,
       141220,  68643, 109765, 107878,  20476, 118542, 122778,  39389,
        47236, 153187,  95594, 133919,  40758,  85662, 153181, 153760,
        61099, 134151,  42025,  52770,  34455,  93496,  42057, 120627,
        19046,  72348,  61442,  56540,  29133, 103693, 119544, 129424,
        54025,  36677, 153334, 119280,  32397,  54261,   9123, 131387,
        97838,  46834,  55636, 123546,  36011,  82182,  15089,  89769,
       136591,  19668, 151279, 112589,   8212,  70157,  72625, 130259,
        44356,    281, 137001,  71542, 100406,  85473,  55412,  42269,
       101576,   6497,  37041, 125707, 127519,  70060,  40438,  59867,
       133569,  24070, 124292, 101265,  94523, 104724, 112683,  57989,
        77830, 149325, 135410, 111568, 153385,  43193, 152696,  14896,
       148550,  83599, 145984,   6017, 139415,  28585,   1859,  89147,
       120315,  13307,  57046,  27103, 148286,  65380,  43554, 126653,
       120134,  30131,  39734,  72548, 139470, 147467,  96274, 126101,
         3079, 103792,  52400,  10176,  23891,  43809,  62874, 133063,
        95612,  83554,  53188, 148300,  11346, 106265, 115330,  51708,
        29412,  61293,  70767,  18622,  39571,  67037,  19286,  12886,
        13786, 147093,  32869,  74783, 121735,  50427, 118289, 108030,
        14241, 145331, 144087, 145277, 119533,  66210,  40400,  70615,
        72459, 113370,   3673,  88788, 123786, 115948, 134222, 127409,
       145593, 112890,  42134,  85346,  90089,  67686,   8019,   6374,
        18146,   2730, 130126,  59496, 136359,  73320, 131853,  34047,
        73853,  44172,  35340,  71651,  20859,  19914,  37138,  94831,
       104519, 120196,  84882, 100586,  80240,  62669,  29762,  70301,
        73831,  14304, 120319,  57711,  92651,  85287,  16018,  62248,
        75965,  73215, 135112,   4379, 124051, 101783, 136130, 138628,
       147371,  49333,  50665,  26673, 135170,   5432,  13606, 152915,
        73724,  54246, 124794,  14744,   3369,  42994, 147789,  57388,
        73620, 140274, 138479,  48449,  29685, 106590,  58830, 128379,
       117643,  16947,   2511, 138968,   8114,   2450, 101568, 140591,
          249,  43081, 118911,  63259,  14552,  54217,  58710,  54955,
        65172, 135194, 100218, 115691,  37066, 118987,  51014,  38111,
       151983,  80735,  38428, 135278, 150465, 118771, 102930,   9686,
         4282,  48732, 137941, 139228,  52327,  22390,  30874,  20636,
       139834,   1885,  71251,   9663, 141255,  43009,  62061, 120991,
       123289, 114253,  86219,  91515, 135178, 100545,  55715, 129757,
        73982, 118866,  97945, 111833,  58553,  11689,  69808,  42526,
        96099,  64061, 107664,  46762,  29334, 119270, 147283,     44,
        63872,  68430, 130631,  82449,  70904,  22496,  36289,  60809,
        14001, 150888,  55834, 144669, 123003,   8131,  43480, 117811,
       145709, 138385,  61764,   7720,  18930,  86253, 121022,  38224,
        74865,  22589,  63804, 145686,   1752,  46181, 124044,  90672,
       144285,  96204,  99250,  69054,  14119,  79600,  99316,  76114,
        67669, 102832, 125538, 111644,  16225,  95101,  60081,  21198,
        89125,  17530,  72104, 100822,  64491, 104373,  45492,  65940,
       111354,  61232,  31860,  78261, 133031,  73913, 138519,  28662,
        18420,  29469,  90415,  58331, 115893,  97479,  48819, 108438,
        40840, 104594,  43612,  85559,   9687, 129958,  29684, 114268,
        11696, 124235, 132782,  71100, 109449,  57447,  99373,  15850,
        96010,   7665, 146403,  57423,  97920,  86597,  84774,  18094,
        94358, 104539,  87559,  38531,   2967, 123127, 118514, 118368,
       116276,  10859,  48886,  61526, 115673,  75518, 114710,  93140,
       102796,  27443,  35274,  85223,  82799,  54080,  87777,  40593,
        17726,  38818,  93872,  59171, 119289,  42774,  44323,   5381,
        52053,  70847,  15579, 144034,  31487,  84268, 135970, 124219,
        98635, 107667,  81406,  56974,  84472,  82589, 141547, 153152,
        68818,  48082,  63154, 135964,  57078, 153840, 112506,  37367,
       128374,  29826,  90363, 125412, 141016,    248, 108382, 101271,
        47923, 121429, 103217,  58439,  38728,  77045,  61053,  82548,
       140872,  26600,  67251, 149400,  84703, 101572, 118313,  42674,
        70413,  78763,  58463, 142470,  14375,  94874,  55913, 128251,
       134885, 102890,  25301, 100867,  24904,  17934, 101532,  35773,
       133483,  81899,   2099, 122138,  14242,  39329,  42788,  90287,
        44126,   4058, 139260,  92448, 125507,  63015,  72078,   3850,
        95601,  44177, 103615,  27556,  95924, 107321,  60706,  99865,
       133359,  59010,  19636,   8642, 127359,  56316,    723, 123015,
        25511, 136452, 136219]), array([ 55629, 153026,  14767,  40233,  38776,  86640,  30727,   3674,
        77607,  13590,  90292,  54646, 152182, 118121, 110976, 114138,
       131987,   3283, 126395, 122436,   9380, 141385,  62948,  66660,
        43086, 109943,  65084,  92831,  83387,  50070,  79264,  28357,
        24497,  86680, 102522,  37026, 129947,   6086,  62914, 123798,
        85570,  34512,  46653, 149470, 102011,  33127, 100506, 137474,
       105493,  19978,  44507,  34634, 128675,  95151, 130659,  94013,
        66462, 126404,  11294,  13755,  47900,  30432, 115251,  75125,
       129452, 117023, 141498,  74465,   6696,  35160,  52190,  19965,
         9202,  41918, 108331, 137515,  69840, 132694,  98392,  70073,
       116771,  63824,  36045,  11195,  76142,  53413,  68273,  73010,
        44225,  97046,  89786,  46423, 131488,  10255,   7716,  77501,
        55120, 141369, 123292,   7486, 150244,  72388,  76729, 100435,
        99042,  44425, 123684,  16676,  83414,  55020, 108483,  16930,
        18842,  50098, 146613, 112566,  30885,  38748,  19304, 149077,
        58696, 126335, 132978,  45880, 152392, 100011,  38555,  65802,
        41947, 107174, 117035,  80332,  41852,  89378, 133475, 118239,
       129710,  38593, 129551,  95721, 110417,  30480, 146062, 137723,
       110182,  72075, 139159, 111315,  68446,  83292, 102215, 143862,
       134838,  96833,  65900, 126503,  26988,  74858,  88543,  58938,
        78901,  93535,  88930,  43416, 124005,  45176, 121712,  91552,
        19459,  24827, 124562,  61868,  59823, 119065, 142998, 149038,
       128712,  16805, 122480,  17402,  13408, 109785,  46126,  69049,
        24344,  52168, 150089, 148410, 144483,  88371, 129153, 131976,
        98114, 122335,   6959, 119035, 104631,  10362, 148655, 127800,
        49256,  55348, 104871,  39042,  38881,  12567, 116210, 148272,
       109234, 140663,  16052,  57936,  97265,  32721,  63485, 152333,
        34374, 122515,  34376, 149055, 116356,  29716, 130005,  43152,
        41002,   6835, 126739,  78769,  61490,  67272, 131068,  20565,
        42381,  18492, 109039,  11570,   4550,  94637, 138438,  54869,
        87840,  84491,  71710, 134513,  65559,  17634, 106375,   3585,
        24637, 123186,  14875,  55595,  96093,  64539,  59716, 130154,
        54811,  86448, 149605,  15269,  34498,  63181,  49055,  47085,
        91811,   8500,  28282,  21944,  47605, 106585, 112212, 137981,
        50840, 105709,  65049,  13351, 143670,  34722, 118094,  52505,
       145754, 132488,  29518,  39600, 144964, 108680, 101785, 141008,
        55335, 136489,  22818, 140234, 137223, 131801, 146101,  77802,
        15495,  87441,  42683,  56337, 100937,  47978,  86752, 113153,
        36530, 147406, 111284,  92306, 139948,   4108,  86905,   5350,
       145529,  44209,  36483,  40881, 116644,  81334, 111880,  60899,
        15552,  53668,  50519,  76086,  11344,  46206, 120064,  37070,
        83383,  65729, 119781, 109262,  82777,  93869,  40266,    411,
        93914,  26210,  84431,  74745,  13518, 130628,  71505,  95847,
        47939, 103426, 102627, 135609, 130057,  78290, 147997,  99317,
        14061, 124429,  70531, 151902,  17843,  72389,  26341, 124933,
        16999, 150440, 138157, 135723,  64686,  29092, 132021, 111859,
        94916,  80441,  35574,  50471,  33540,  98067,   9336, 107422,
        42914,  41730,  67876,  23763,  22657,  46931, 145661,  13080,
        21084,   5233, 105618,  72264,   7481, 105802,  12286,  19888,
        29543,  72359,  56680,   9327,   6481,  40923,  11409,  76440,
        79513,  86522,  65857,  63157,  12502, 130923,  65498,  94509,
        37369, 151230,  33641,  10499,   1154, 136233, 118959, 146803,
        68196,  64732, 147922, 129579,  76273,  74342,  75874, 117020,
         2740, 115531, 124858, 109410,  62396, 136288,  67771,  90751,
       151748,  67998, 137631,  49901,  11383,  13626,   8832,  68543,
        23723,  26225,   3123, 126204,  50369,  52069,  39515,  97525,
       151065, 143017,  10878,  40684, 124174,   2871,  58100,  20907,
       123239,  32805,  82926, 151990, 101651,  36720,  32494,   6080,
       132715, 130092, 122606, 133219,  16753,  69281,  80186,  79520,
        22832,  88467, 122000, 148676, 118414,  45568, 113175,  18817,
       102516, 116314,  62457,  98296, 140582, 116664,  25853,    682,
       126878,  50533,  95711, 115326,  77682,  48447,  68521, 119334,
        34907, 134647,  91950,  33193, 102829,  63848,  11274,  83855,
        26326,  89655,  82642, 111053,  44570,  83937,  94440, 123141,
        35461,  64481,   6440,  37585, 107573,  23534,  51280,  79273,
        79596,  72696, 110267, 101048,  37651, 147395,  30451, 150561,
        52803,  99269, 136523,  80870, 108710,  60034,  29550,  96973,
       118673, 129245,  31442,  73342,  68900,  26690,   4046, 138005,
        15698,  57185,  89291,  53732, 135736,  63328,  94762,  58195,
        27978,  92236,  74654,  48071,  30101,  17481, 111162, 123189,
        64992,  25152, 153627, 110891,  88873, 143653, 132771, 118041,
       145820,  63337,   7165,  50280,   9887,  34055,  99957, 127000,
        73229, 111470,  37032,  58071,  52286, 110887,   3507,  68882,
       122222,    732, 135461,  69433,  73789, 128131,  39534,  51799,
       107143,  58001,  12373,   5480,  80197, 117415,  99765,  99488,
            5, 101598, 153752,  46454, 126655, 122952, 133571, 124828,
        17181, 111492, 119468, 127735,  58648, 109021,   7555,  58448,
        68371,  93602, 147976,  69430,  56544,  89418, 118478,  40298,
       150201,  49874, 102708,  43911,  66968,  90517,  62456, 151287,
        39759, 101038,   6078,  38397, 111979,  32933, 124438, 134356,
       128309,  95097,  78080,  45650, 116838,  36578,  48641,  44670,
        56954, 128621, 105605, 151117, 100516,   9594,  51414,  19577,
        20308,  37922,  50370, 148637,  77335,  79249,  25404, 107715,
        80935, 120784,  47065,  82752, 129295,  99365, 138321, 122814,
        36845, 137465,  30081,  65871,  79354, 139877,  27498, 100934,
       107271,  39507, 109289]), array([139482,  36102,   9463,  53215,  43203,   9167, 101002,  98802,
       134417, 130796, 122757,  50330, 130024,  82815,  18661, 139741,
        87903,  67599,  84379, 118871,   2074, 119444,  30369,  96107,
       145994,   3888, 118864,  61423,  91904,  16850,  51158, 130389,
        63890,  28121,  34929,  62896, 131527,  79578,   9809,   9207,
        15599,  99930,  66926, 129966, 124529, 131606, 105702, 127814,
         4835,  31494,  49462,  41625,  28814, 121124,  96829, 127644,
       122395,  91203, 146208, 150976,  81689, 146196,   6971,  11825,
        46902, 134499,  56124,  51986, 152096,  64876,   7215,  20007,
        42073,    348,  64959,  48324,  27718, 106770,  86573,  99834,
        26265, 106953, 151144, 132836,   5426,  67729,  41935,   9367,
       139380,  25397,  97041,  28371, 117639,  77317, 130400,  81576,
       126647,  50976,  69990,  35422, 131564,  31048, 120732,  65387,
        53695, 140566,  16365,  93722, 137637, 138548, 117206, 120023,
        71499,  72765, 136138,  68277,  31358, 123275,  96569,  52340,
        27711,  19582,  59122, 112010,  32716,   4744,  44111,  60213,
        41423,  40403,  53631, 152118, 132114,  89819,  75605,  71972,
        94011,  65969,  66992, 139148, 119382,  32312, 119841, 122129,
        78944,  86137,  65812, 134537,  88772,  75514,  44377,  48335,
       150617,  43331,  59737, 110870,  90335,  48952, 118426, 104198,
        59407,  48377,  48346,  28360,  81282,  43003,  87737, 139266,
        10922,  53764,  35423,  91510,  30502,  56587,  69789,  18184,
       136154, 105807,  69174,  24172, 141847,  90704,  66331,  28226,
       144729,  99663, 135095,  15058,  53773,  68138, 123614, 121261,
       138255,  40791, 109046,  90860,  78090,  15344,  30090, 140683,
         1958,   9645,  22784,  12803,   6322,  16408,  76683,  74813,
       109454,  14199,    904,  49314,  40863, 110808, 105299,  42758,
        22114,  73751,  86585,  31584, 139876, 150852, 139030, 100974,
       137582, 134048,  69364,  23239, 127114, 109073,  25243,  48412,
        85589,  80381,  17910,  12657,  41583,  29803, 141631, 100126,
        92322,  66091, 136124,  39852,  31252,   9592, 127334,  79657,
        68048,  22777,  84442,  19266, 102841, 122931,  15127, 119696,
        78123, 140357,  27682,  10997,    353,  55247,  74401,  50948,
       152170, 120922,  19015, 141852,  84028, 126402,  15967,  29961,
        27578, 132494,  50358,  81904,  69560, 104009,  45185, 142117,
        73816, 149517,  20629,  27727,  91063, 129298, 149383,  67019,
         8659,  27351,  74260,  92173, 146245,  17034,  81492,  21251,
       113108, 131815,  16546,  30859, 108265, 111527,  71240, 148393,
        12415,  48057,  78131, 111042, 139541,  48451,  82472, 122439,
        29177,  12483,  48299, 136580,  32233, 103864, 121196,  63653,
       139281, 137448,  35797, 146003,  91733,  43135,  66480, 132111,
        12120,  75093, 108119,  92215,  25351, 111713,  18774,  76195,
       107886,  42918, 127282,  99762,  81907,  65285,  12592,  65935,
        49611,   4883,  90391,  51350,  11782,  80266,  93313,   9580,
        20887,  89470,  90710, 129101,  67353,  97681, 120331,  57436,
        58084,  43036,  27102, 110221,  94991,  50782,  10117,  10300,
        68780, 105420, 104793,  92791, 122126,   8541, 148357, 135332,
        42277,  83366, 143338,  65709,   4480, 124909,  32564,  93459,
        94172, 153284, 132954,    127,    944,  37326, 149266,  34574,
       110958,  89777,  94402, 137283, 128726,  74367,  68921,  14598,
       145064, 128273,  55287,  84478,   3057, 117470,  57547, 114996,
       150884, 119577, 150616, 132812, 138076, 149813, 150494,  88241,
        30694, 132664,  48004,  25677, 114267,  59100, 140829,   5874,
       109059, 136205, 111953,   8135, 128139, 137443, 144182,  26480,
        88530,  71021, 102119,  50480,  33264,  54369, 120698,  79644,
        47621,  40122,  83873, 128109,  67078, 134377,  37292, 101042,
       137975,  43891,  32317,  48747, 142236, 128489,  50740, 123859,
       136587,  72646,  25075,   6262, 127231, 129163, 115048,  11094,
        18763,  74042,  39483,  73161,   6404,  96967,  75208,  64285,
       111723,  97383,  73709,  68308,  52588,  57739,  23343,  56956,
       125998, 108277,  81091,  25612,    623, 150470,   5119,  36212,
        38723,  27389,  73256,  76577,  60344, 147931,   6151,  76144,
        81425,  78532,  81458, 146573, 109514,  86990, 142778,  13628,
        32236,  10331, 120775, 131731,  85409, 129866,  13655, 148544,
        79272,  90453,  16953,  60625,  22887,   4325,  44146, 133835,
       131360,  11780, 135370,  88075,   9657, 153179,  82098,  54647,
       104875,  93564,  39684,  43335,  63241,  86289, 147193,  79849,
        83198,  67129, 133931, 112615, 121126,  86694,  28660,   7058,
        31612, 126848,   4676, 134420,  87895,  84859,  35154,  62612,
         3561, 129612, 153309,  87523, 149829,  38087,  95573,  24521,
        61536,  22511,  64986, 125883, 111374,  67435, 134273,  21483,
        47614,  48067, 111230, 134113,  68542, 151205, 122052, 120636,
        92859, 118132,  88613, 152451,  53078,  42027, 122147,  82077,
        91815, 132640,  80918, 151780, 114746, 121737,  32240, 121902,
        27750, 122570, 121231,  58057,  90557, 122928, 121173,  53155,
        26984,  12457,  66024,  10245,  12790,  89822, 124432,  61349,
       120254, 115208, 152455, 126307,  19470,  75889,   9259, 132155,
        96793,  58451,  21757,   1471,  98866, 132775,   1381,  90964,
        23194,  47510, 121350, 146338, 105749,   5759,  70227,  56179,
        18638,  35029,  83094, 122425,  78230, 149724, 146275, 124779,
        66192, 135473,  95967, 134674, 101302, 143993,  81586, 116609,
       133009, 133875,  34095,  20312,  76979, 108459, 132835,  15669,
       110508,  77577,  90711,  74402,  99219, 129394,  39211, 116192,
       144676,  44408,    951, 114126,  11666, 129709,  10208,  69119,
         7141, 139099, 124841,  56007,  61150, 111168, 146598,  81305,
       120387, 125491,  46340, 116173, 119335,  26380,  53293,  35948,
       135136,  15907,  58226,  89889, 141262,  87970, 104533,   3246,
         8473,  51269,  61408, 150685, 152923, 101410, 110546, 109489,
         9582,  82067, 128562, 143194,  76732,  11861,  71940,  48487,
       106416,  76359,  87525, 111142,  31766,  94007,  45761,  96657,
        65788, 134514,  84457,  28123,  67521,  94315,  58072, 120084,
        25852,    447, 138351, 145594,  35953,  90221,  62875,  66744,
        84572, 137402,  27636,  83141, 129636,  52500,  36489,   1074,
       119058,  90852,  31510,  56021,  37938, 143341,  65082,  70401,
       138423,  98669,   2091,   7509,  67651,  33805,  97571, 101861,
       106685, 148714,  84135, 104267,  48632, 119500,  91481, 113223,
       147926, 124226, 147935,  63319,   6582, 153412,  64852, 115282,
        52187, 140635, 121082,  72939, 100757,  19055,  54829, 136624,
       146602,  61617, 102252,   5148, 105826,  33547,  67198,  40133,
        30862, 141160]), array([119768,  31713, 138042, ...,  79414,  33669, 152526])]
shape of feat_train: (11544, 602)
Mean accuracy: [0.8961398055445114, 0.0032374036561434606]
