Namespace(dataset='reddit', dropout=0, epochs=400, gpu_id=0, hidden=256, inductive=1, keep_ratio=1.0, lr=0.01, method='kcenter', mlp=0, nlayers=2, normalize_features=True, reduction_rate=0.002, save=True, seed=15, weight_decay=0.0)
size of adj_train: (153932, 153932)
#edges in adj_train: 10753238.0
Test set results: loss= 0.4646 accuracy= 0.9393
idx_selected :  [array([13694]), array([97335]), array([67316, 53645]), array([ 36456, 135926]), array([113413,  29314]), array([ 82638, 106042]), array([112977,  95506]), array([132163, 135307]), array([118520,  97693,  43890]), array([ 28638, 132598, 119424]), array([77495, 79580, 71180]), array([103974,  52958,   7651]), array([98249, 32300, 76761, 96145]), array([135952, 145004,  29993, 113085]), array([  8560,  81379, 101400,  19730]), array([25595, 90933, 75217, 41259]), array([ 26937, 150586,  14068, 131945]), array([ 67576, 132008,  87159,  49577]), array([120018, 101879,   2932,  63085, 122251]), array([  1246,  19904, 120272, 117090,   9337]), array([ 97878, 140788,  23206, 137340, 129051]), array([125975, 145463, 129413,  26172,  76981]), array([151566,  92663,   5871,   5919,  80810]), array([ 24760,  62738, 126976,  29692,  69439]), array([114061,  57599, 139145,   3321,  24160,  59452]), array([ 77823,  53371,  59472,  91676,  18747, 115224]), array([ 62477,  90379,  68831, 124143,  78210,  14363]), array([ 12481,  28089, 113444,  38537,  36005,   9729]), array([145649,  68076,  98668,  53205,  24188,  37020]), array([ 79088,  40912,   8077, 128332, 152957,  13611]), array([ 13161,  98306, 151133,  67109,  49339,  33517,  56760]), array([111405,  53191,  23106, 153164,  28469,  60204,  40004,  64592]), array([ 68271, 151598,  89292,  48719, 146717,  10228, 153847, 113222,
        67645, 150211]), array([  3151,  84680,  19877, 153217,  96190,  99508,  28837, 136215,
        62344, 129795,  70592,  64129,  81495,  93766]), array([110587, 128890,  31396,  82505, 129582, 128497,  30803,  12009,
       103315,  24767,  19979,  99358, 141501,  24399]), array([  7832,  76755, 148239,   7009,  29536, 118186,  35964,  85974,
       125461, 151762,  25999,  96983,  97560,   4827, 130256]), array([ 63290,  68909, 101823,  58066,   8924,  60207, 137846,  84048,
       137730,  90249, 110253, 124300, 111826,  25299,  13789, 101506]), array([138053,  37646, 148206,    589,  13188,   6530,  30520, 113302,
       104185, 107037, 107116, 118802,  40734,  24278,  39899, 152512]), array([ 55629, 153026,  30727, 110976,  86640,  40233, 114138,  14767,
         3283, 118121,  13590, 122436, 152182, 150089,  66660,   3674,
       149470,   9380]), array([ 37299,  36102, 129394,  43203,   9463, 134417, 130796,  28121,
       122757,  48324,  18661,  30369,  82815,  50330,   2074, 105022,
        76979,  96303,  67599,   5190,  87903]), array([ 57710,  31713,   7211,  33502,  36932, 138042,  15933, 137629,
       153125, 110536,  88971,  45370, 131519,  32165,  84473, 108532,
        30678,  42151,  79087, 119315,  26579,  66679, 127958,  21160,
       125217,  37668,  20578,  66788, 147112,  35335, 127049, 140990,
        54335,  99638, 115520,  85540,   6338,  47653, 140212,  66880,
       106865, 124161,  14779, 128001, 151350, 129616, 144671,  28240,
       111011, 117622, 144897, 108600])]
shape of feat_train: (307, 602)
Mean accuracy: [0.5810478187009794, 0.01401853282650897]
