Namespace(dataset='reddit', dropout=0, epochs=400, gpu_id=0, hidden=256, inductive=1, keep_ratio=1.0, lr=0.01, method='kcenter', mlp=0, nlayers=2, normalize_features=True, reduction_rate=0.075, save=True, seed=15, weight_decay=0.0)
size of adj_train: (153932, 153932)
#edges in adj_train: 10753238.0
Test set results: loss= 0.4646 accuracy= 0.9393
idx_selected :  [array([ 13694,  38678, 145784,  34327,  74602, 104467, 120283,  11509,
        38924, 119724,  33691, 102772, 147197, 102298, 114040, 120868,
       120970]), array([ 97335,  98628,  20581,  90474,  41998,   6500,   1771, 139578,
        75254, 147387,  60351,  33619, 130846, 102418,  74673,  14176,
        25715,  63266, 107468, 136925,  17381,  31814, 118997,  14043,
        51098, 111160,  10503,  96244,  80718,    167,  42610,  78096,
        38041,  98775,  13162, 145159, 121005,  20631, 143678,  80276,
       145202,  87426,  55748, 121144,  90230, 124358,  85301, 152479,
       107255,  76112,  10856,  37739,  45243,  72206]), array([ 67316,  53645,  35594, 153735,  32777,  56670,  96474,  28828,
        83885,  97922,   7090,  61227, 140396,  51726, 116548, 123421,
        17278,  49533, 121636,   3375,  13154,  39422,  22094, 117826,
        46600, 137249,  40903,  89259,  54681,  46092, 144465, 147901,
       131056,  13008,  70688, 148220,   2662,  17925, 128938,   4090,
        43349,   3900,  52937, 126417,  91245,  31107, 114723,   2093,
        35898,  71575,  36563,  60303,  67377,  31085,  49303, 121906,
        30958, 124829,   3105,  95083,  47411,  60316, 117892,  18789,
        69826,  21987,  65573, 143061, 149993, 113716,  87382,  16691,
       117960, 107538,  84822,  31258,  29544,  63116,   7157,  18979]), array([ 36456, 135926,  30146,  39156,  37840,  21955, 101592,  83405,
        12068,   1518,   7983,  21889, 146664,  52241, 111630,  64414,
        87225,  75911, 119267, 123929,  28575, 128653, 133554,  92463,
       140031, 114220,  34121, 105273,  31245,  84862,  52710, 110833,
        53650,  60146,  47675,  63936,  80567, 102721,  35125,  54357,
       134869,  70061,  46245,  55508,   6620,  85958,  93060,  40261,
        41254,  89944,  86600,  48928, 122883,  27857, 145637,  70644,
        98731, 112656,  63059,  59916, 153546,  97031,  45340, 106662,
        90345,   4014, 114295, 145698,  57539,  22167,  54282, 118954,
        82516,  58020,  71760,  52594, 105466, 153592, 118766,  53763,
       114417,  54116]), array([113413,  29314,   9803,  85208, 131327,  76237,  40787, 124868,
        62006,  78867,  63022,  91296,  52906, 136651,  33419, 145688,
       109630,  94002, 108024,  38269,  12152, 120289, 100508, 142462,
         6599, 115479, 140517, 152533,  42627, 109076,  83143, 139247,
        85998,    765,  54166,  11447,  56704,  19273, 139080,  38421,
         3177,  44065,  18585,  39413,  89219,  74077,  48269,  65754,
         3991, 123174,  29110,  79704,  42414,  24298, 142226,  81323,
        87303,  94082,  47658,  28911,  22871,  38095,   4458,  25600,
        99378, 102392, 122195,  79024,  22888, 103055, 100386,  59996,
       106723, 124170,  76689, 104540,  95525,  31144,  14703,  74964,
        76621, 145451,  51988,  68905]), array([ 82638, 106042, 141692, 151710,   9010,  38791, 123879, 106946,
       147397, 148507,  83191,  43071, 129566, 153827,  45281, 136650,
       114066, 134865,  44066, 135012, 151651,  29387, 115405, 102773,
        46674,  50209,  78695, 127443,  10785,   1478,  74373, 123849,
       113741,  85797,  52390, 108770,  76082,  87415,   5953,  31904,
        20839,  26943,  83479,  68329,   5825,  24534,  75157,  91639,
         2115,  73896,  28072, 110712,  28172,  44551, 113563,  44718,
        69197,  41492,  80279, 124801, 109493, 128322, 141654,  27541,
        40806, 150416,  45948, 119838,  67558,  49661, 104430,   7130,
       106990, 124989,  65708,  86435,  59589,  97039,  38443,  75878,
       138880,  84031, 123022,  40446,  38528, 124994]), array([112977,  95506, 142049, 151991,  20066, 123587,  60928,  87816,
        68787,  87132, 112675,  44774, 135352,  53927, 110815,  51534,
        96237,  46968,  85448,  78865,  88137, 110096, 149920, 112511,
       128623, 135288,  36815,  12702,  68127,  41180,  37995, 148001,
        46306,  47913,  72261,  92821,   4255, 122948,  76292,  63545,
        66153,  61166, 148810,   7946,  93343,   8201,   4724, 103960,
        57950,  61814, 126676, 106418,  97650,  24877,  23055,   3610,
       101971,  40049,  73009,  24748, 141133, 137255,  82261,  18373,
       115589,  38265, 146432, 129196,  95614, 152218,  87929, 141157,
       104611,  77232, 127129,  73172,  51397,  87889,  23734,  81990,
       114806, 115066,  51244,  18000,  90635,  34687,  65942, 104792,
        14315, 127140,  10058, 140855, 132356,  34290,  23021,  60007,
       128971,  97688, 150128, 135209, 146900,  91684,  12071, 106914,
        98698,  46319,  75045,  98855, 137837]), array([132163, 135307, 120175,   2275,  31954, 123652,  17583,  56519,
        54349,  99756,  38447,   5753,  95947, 151013,  54850,  41296,
        28329, 142869,  16096,  87907,  63642,   8120,  21824, 127237,
       148284, 129285, 152894,  62877, 130202,  96633,  97207, 153018,
        29443,  35128,  86347,  73319,  73379,  81579,  36269, 137349,
        61380,  78802,  75619, 124681,  47671,  30144,  76854,  61309,
        89246,  23095,   2476, 115500, 143044, 133249,  32524, 152020,
        54097,  63875,  76742,  40083, 104481,  17035, 147037, 121826,
        75622, 146268, 105050, 113526,  11426,   6441, 123386,  39893,
       117279,  66509, 139052, 107054,  84895,  34534, 101191,  35249,
        18276,  15882,  27839,  65035,    851,  13079,   1920,  20105,
       147596, 127181,  41557,  66231, 120104,  79510, 126831,   1378,
        46866,  89209, 112741,  56910,  12943,  38880,  93509,  68743,
       109686,  71236,  40317, 149629,  12012,   4220, 116865]), array([118520,  97693,  43890,  54845,  89580,  60849, 153409,  49329,
       117592, 124152, 143137, 113086,  71200, 136607,  27342,  60943,
        79863, 131071,   1892, 134980,  39255,  23141,  45684,  43602,
       133426,  96019, 133562,  78231, 139094,  68097,  50900,  52174,
        32829, 132033,  11077,  28535, 133591,  45578,  42495,  85563,
       126928,  33695,  63625,  37282,  94278,  63410,  86245, 107995,
        88829,  31131, 119314, 106450,  44688,  29290,  66899, 105369,
        17899, 115939,  34743,  62184,  65402,  28978,  43706,  52029,
        59808,  92144,  88782, 115789,  85568, 113381,  64425,  63257,
        73957,   7471,   2762, 125611,  26381,  88682, 101136,  82599,
       108997, 125587,  22794,  62032,  90953,   4754,  64265, 124991,
       113663,  26479,  89114, 143536,  62400,  31387,  33285,  42783,
       109953,  83261, 119653,  77952,   5613,  94033, 111862,  41798,
        99500, 106213,  20117,  77634,  75609,  58904,  23660, 147572,
       105938,  68568,  82207,  60827,  35370,  22787]), array([ 28638, 132598, 119424,  41678,  37725, 123268, 112637,  20283,
       103673, 150619,  37838, 141701, 116123,  65983,  95794,  43046,
        59106,  95697,  52523, 103172,  13644, 115933, 118991,   2137,
        52608, 112881,  80609, 101779,  69977,  96226,  53013,  24312,
       138277, 118529,  59014,  64488, 129111, 149772,   3254,  64699,
       113387,  52122,  89759, 119928, 139610, 111565, 127230, 144758,
        24466,  63607,  96784, 144436,  28943,   7823,  68344,   4032,
       129066,  26365,  42153, 117442,  87380,  54611,    772,  53253,
       129857, 146826,  30749,  65939,   6464, 117878,  99745,  73614,
        12590,  73384,  63757,  20535,   3501,  77405,  41402,   7977,
        62002,  42197, 132437,  96352, 135224,   3324, 110990, 147181,
       152866, 128476,  93539,  50233,  71369, 143844,  48079, 129751,
        39672,  93533, 107206, 152004, 132616,  57495,  37437,  23260,
        54737, 113546,  87399, 104999, 110683,   1117, 100078,  56325,
        52357,  15847,  85978, 146034, 136806,  32603,   3598, 109284,
        74371, 118572,  95662]), array([ 77495,  79580,  71180, 121960,  86338, 136178,  66344, 109031,
        82632,  21385, 116132,  86147, 111127,   9935,  78825, 132428,
        70448, 136152, 124420,  45732,   3214, 128537, 150289,  13002,
       153645, 149151,  10162,  88874,  26544,  95102, 142849, 118842,
         2521,  40933,  31006, 114919,  62587,  69705, 111582,  15211,
        88615,  72458,  11418,  29212,    397,  39981, 139351, 146745,
       118338,  53828, 115712, 116636, 147559,  78694, 139635,  33542,
       142731, 140841,  35519,  37288, 140453,  13493,  94524,  60851,
         8873,  42522, 148780,  65120, 111951,  55282,  34607,  63350,
       144142,   6884,  42930, 106174,  64329,  19766,  75182,  52049,
        82053,  75555,  54697,  77386, 139294,  12905, 104257, 112215,
       143182, 142745,   6755, 101114, 102990,  12385,  79907,  82676,
        85811,  37812, 139151,   6019,  51455,  60037,  30942, 122937,
        82456,  42741,  29698,  93256,   9374, 122476, 150076, 114738,
       142232, 133184,  45689, 112067,  38025, 150451,  42928, 147159,
       120830, 131493,  15950,  16197,  35032,  57334,   4554,  26069,
        72409, 131600, 114201,  74081, 139535,  17903,  26905,   1096,
         6622, 125198,  41566,  35885,  16255,  63006]), array([103974,  52958,   7651,  76880,  40262,   9807,  29707, 126289,
        27328,  35469,  53054,  68336,  58764, 135950,  72660,  25928,
       151459,  73694,  41452, 109667,  45774,  76818, 107826,  51291,
        36574,  41021,  24765,  14272, 142025,  76250, 104947,  29335,
        54995, 113648,  28681, 110387,  49544,    910, 107252, 143518,
       146550, 141926,  69709,   6558, 134020,  95371, 143112, 142081,
        29368,  12279,  44763, 135344,  69862,  64749, 111658, 151066,
        39379,  97092,   7822,  83977,  92346,  79842,  27271, 126202,
       117710,  98237, 121037,  14613, 118636,  64658, 145160,  71597,
       117936,  30231, 107328, 108615, 122901, 106623,  49385,   2541,
        90314,  51909, 127732,  34842, 114055, 131041, 105551,  11973,
        55705, 153730, 152074,   4081,  33105,  39250, 100546,  75757,
        59283,   2253, 125874, 128452,  13925, 118401, 152868,  38162,
       138789, 112420, 135155,  55541,  66650, 143726, 107270,  94166,
        92046,  33864, 141479, 128754,  72320,  11564,  31897, 141605,
        47879, 141609,  42253, 112023,  89269,  32271,  17327,  47989,
       146335,  41895, 123366,  54735,  74087,  58934, 109702,   7730,
        78608,  67190,  14368,  38167, 130616, 122924]), array([ 98249,  32300,  76761,  96145,  60884, 106884,  58498,  68180,
         3881, 111970,  49046, 107676,  28287,  89472,  31430,  91479,
       114711, 144253,  12045,  75236,  10164, 131078, 114451, 130904,
         8242, 113732,  76177, 105206, 125813,   5210, 152094,  67144,
       110052,  71798,  80227, 132296, 117140,  94927, 102408,  20242,
       121682,  80799,  53757,  49201,  65688,  42576, 143478,  33688,
       122705, 150358, 115302,  29391, 105902,  62397,  41722,  83710,
       112237, 118301,  17195,  80455,  82455,   7025,  81798,  52726,
       108033,  79134,  79533,  31333,  32878,  97337, 152603, 116764,
        87079, 116447,  63417,  84900,  66084, 133900,  95092,  57444,
        82034,  20198,  20733, 102909,  22815,  99858, 131748, 118503,
       136420,  24515,  28738,  75173,  20758, 118465, 108287, 101549,
        81408,  44546, 126540,  39577,  91224,  46274,  34275,  53827,
        84759,  55038, 133357, 106402, 143563,  50802, 134582,  60262,
        72070,  41424,   5582, 152115, 121287,  82506,  98851,  49836,
       123158,  32821, 116824, 138000, 153241,  40189,  40336,  60977,
         9792,  64865,  86097,  99688, 112357, 118173,  90728,  21081,
        76245,  47039,  88235,  48630,  97021,  77096,  22180, 106654,
        54887, 135521,  90648,  47881,  20773, 122044]), array([135952, 145004,  29993, 113085, 121446, 118377,  37170,  65883,
       114788,  53046, 109497,  50347,  87006,  68288,  54307,  15973,
        10978,  61133,  56786,  55432,  60140, 112625, 117492, 129048,
        60573,  96659,  44039,   2260,  52571, 104751, 105474, 130729,
        69630, 146497, 149889, 148394, 126004, 116377,  46533,  89628,
       119783,  62321,   5705, 152995,  33101,   7782,  22226, 140715,
        16333, 142174, 137391,  56747,  67056,  15001,  22911,  52373,
        19291,  84050,  78572, 118362, 129748,  78949,  17514,  71089,
        48437,  62289,  77702, 129610,  56042,  18973,  67298, 115004,
       135036,  92543,   1873, 120203,  38063, 101697,  92211, 148091,
        60536, 147872,  11002,   4097,  85363, 128710, 143292, 117099,
        60264, 137118,  57155, 130943,  67579,  50691,  21358, 118269,
        34957,  48525,  65325, 136753,  45815,  43805, 128191, 133368,
        52924,  79229, 131363,  17348, 141299, 112168, 130255, 152414,
        83632,  46922,  20057, 141103, 127349, 108898,   7236,  71402,
        19051, 149330, 100857,  50747, 101041,  95393, 134197,  36889,
        48159, 127838, 128080,  65772,  82986,  18790,  19995,  88982,
        10565, 102510,  54672, 124773, 144171,  93689,  24898, 118251,
        30024,  42964,  38821, 138081,  86941,  43636, 106827,  98745,
        30828,   8136,  37850, 148610,   8804,  50858,  11476,  13823]), array([  8560,  81379, 101400,  19730,  12509,  79411, 112381,  37882,
       123433, 121153,  27706,  64925,  86372,  52722,  56077,  87016,
        72363,  62499,  20285, 134215,  39954, 141522,  44475, 100301,
        30185, 146720,  51803, 100411,  34509, 110766,  32875, 146191,
        85089,  89117,  14356, 126456, 144484, 150650, 118580,  97805,
        71064,  69224, 118590,  53571,  18833,  54413,  85419,   8757,
       146484,  11734,  46761, 122793,  27439, 132652,  50984,  72043,
       121963, 145742,  76295,  22822,  19725, 100079,  37586,  74486,
       133471,  41214,  10278,  38857,  70975, 146013,  82962,  14681,
        56730, 134070,  12892,   8176,  86670,  99586,  88540,  51228,
       130657,  27853, 142915, 138541,  41903, 142401,  11114, 146248,
       128036,  58099, 100469, 136890, 147104,  85051,  76864,  30447,
       147617,  37089,   8049,  66956,   9080,  85576,  99110,  83910,
        74304,  96724,  43838,  36644,  44626,  48551,  33002,   6563,
       133737,  89610, 113204,  48301, 108625,  87979,  16558, 142395,
        56064, 141902, 119355,  96836, 132928, 138559, 102853,   1896,
       134285,  49774,  68179, 150118, 109135,  13192,  63514,  32734,
       149820,  49658,  42371, 111904,  50958,  98506, 112273, 137542,
        88517,  63601,   7756, 138331,  56683, 132571,  26462,  59228,
        50525, 153471,  52667, 118627,  24388, 146162,  90665,  45749,
        95570,  28053,  58645, 133424, 124568, 125666,  75424]), array([ 25595,  90933,  75217,  41259,  59563, 151376,  91916,   5242,
       149663, 134743, 140799,  32402, 106853, 150743,  68429, 142326,
         3399,  99616, 141441,  67250,  78103,  29940, 141679,  10919,
        95761, 125766, 109693,   5806,  39115,  25434, 121375,  23596,
        11560, 120236,  42654,  38575,  71888,  34008, 137435,    503,
        50059,  23426,  24640, 145432, 109308,  36706, 147014,   4378,
       130432,  60547,  21726,  56885, 129448, 120934,  74447,  52746,
       148514,   1048, 135094,   8396,  62161,  81639, 119532, 102607,
       129897,  29481,  39936,  35596,  31173,  72453,   7818, 143088,
        20902,  10124,  78718, 140844, 135051, 109597, 108937,  38287,
        67606, 137055, 135254, 102262,  33774,  72236,  22465, 144595,
        23456,  34273,  34248,  26250,  64474,  29042,  56766,  25512,
        22938,  63769,  45115,  15299,  60527,  32205,  42488, 122513,
        13250,  40136,  45160, 108685,  66045,  41549,  15382,  67303,
       145664, 119893,  22834, 151743,  26145,  80321, 137029,  89635,
         4392,  11442,  73137,  54005,   5017, 147904, 144691,   1416,
       114649, 100403, 101303,  51169, 118354, 122977,  33340,  83121,
        52823, 120778,  43452,   8371,  67437,  26452,  41545, 126266,
        53262, 106639,  96321,  99158,  14680,  48280,  99760,  46637,
        45146, 101359,   7434,  15050,  48154,  13357, 116189,  52028,
       142560,  36296, 144689,  22694,  37223,  84255,  63810,  38781,
       137428,   3317]), array([ 26937, 150586,  14068, 131945,  10069, 127598, 107793,  53171,
        48776,  95456, 133395, 129458, 150497,  77201, 139961, 101488,
        24957, 138805,  50949, 129465,  33467, 128909,   9273,  47428,
        73580,  44717,   4819, 144389,  92561, 133679, 113038,  46976,
        46972,  15903,  29030,   1839, 122106,  21069, 137984, 147466,
       149002,  95147,  96439,  96654,  12060,  21797,  37338,  31250,
        94076,  93939,  13169, 119244, 101013,  87526, 143124,  86868,
       134162,  81781,  68438, 140575, 104822, 141152,  38848,  87995,
        88332, 148236,  24234,  22276,  83076, 141279,   2839, 135341,
        64744,  98879,  11642,   6821,   7704,  54051,  31683, 127572,
        95170,  80096,  21544, 149249,  19337, 105783,  74200, 125135,
        11506,   9735,  67637, 107020,  23144,  37703,  28829,  44411,
         4669, 146120, 134019,  55035,  13210, 132270,  26893,  72703,
        92605,  67342,   8466,  59591,  22899, 118500, 138815,   3145,
        15766,   6862, 101246,  76278, 139841, 151730,  34604,  89244,
        35931,  42364,  48558, 100646,  44166, 140903, 133204,  87410,
        59414, 125233,  20099,  16880,  35919,  83290,  45246,  91694,
       135031, 148209,  41643,  95549,  93748,  68078, 151289,  77215,
        38192,  70701,  54556,  69380,  96113, 151100, 136204,  96637,
        20931,  81332,  64367,  10637,   9434,  13070, 103428,   1519,
       118749,  47920, 121165, 118183, 119695,  78484, 102049, 132227,
        35968,  72005,   8101, 131373, 109072, 143368,   3342, 152312,
        25406]), array([ 67576, 132008,  87159,  49577,  64906,  14206,  93298,   4612,
        92600, 125048, 136572, 138212,   4619,  81017, 144590,  27791,
        90763,  48017,  80637,  76182,  68529,  63938,  18654, 101364,
        80997,  89509, 116397,  89503, 127241,  60461,  71390,  65777,
        96614, 106695,  24239, 100562, 113897,  61600,  96922, 146673,
       134467, 140314, 106456,    600, 117050,  56918,  25497, 122397,
       121800,  45759, 122448, 121693,  96767,  95433,  28781, 140893,
        15716, 120450, 117829,  47367,   1828,  16970,   6670, 125842,
        83184,  10775,  75531,  99815,  68768,  12714,  63993, 116826,
       124178,  93474,  88903,  73208,  65520, 137819,  59524,  17071,
        58872, 117299, 143269,  65384,  16661, 130149, 106711,  61934,
        95426, 110918, 150149, 140732, 141110,  50207,  72024,  43836,
        73386,  11460, 124285,  12063,  24433,  49538,  20397,  45072,
        21212,  17384, 143058,  90931,  42913, 120540, 102474,  23736,
       106618, 101557,  69095,  80436,  58294, 105100,   7319, 129726,
        61262,  56307, 109723,  13342, 148768,  81138,  24889,  93977,
       148403,  16906, 143543,   9575, 138398, 110029,  81893,  95886,
       134028,  17223,  30388,  17682,  63775,  52100,  46988,  54731,
        29642,  61479, 145081,  19951,  27875,   2874, 139754,  89844,
       124218, 101937, 146241, 126980, 152324,  64707,  31353,  55353,
       107569,   9942,  85019, 110139,  48831, 140975,  36997,  28336,
       110994, 124686,  66756,  28000,  80734, 103752,  54007, 152623,
        58345,  93483,  35352]), array([120018, 101879,   2932,  63085, 122251,   3005, 139910, 106905,
        86368,  99483,  33088,  69359,  49621,  26722, 129097,  62178,
        51945,  62798, 120251, 135033,  45174,   7138,  26464,  23931,
        59347,  21893, 116969,  51010, 127085,  66757, 116091,  39563,
       121434,  17672, 113601,  36745,  33265,  38361, 132863,  55442,
       141210,  10543, 123639,  68607,  91081, 134842,  46233,  20258,
        42498, 111267,  10460,  13640, 138602,  78422,  89424,  21345,
        59653,   1874, 132212, 140554,  34253,  71770,  56703,  28042,
       134011,  28288,  25045, 131794,  12015, 147203,  17770, 111907,
        53201,  45166, 152466,  97769,  12113, 135053,  28834, 117362,
        59922,   6962,  53361,  27265, 143815,   3764,  27129,   5105,
        33720,  17819,   1552, 104657, 142016,   6618, 110509, 111083,
       149474, 149499, 126267,  64345,  42388,  92835,  14987,  43168,
        89255, 112194, 147188,  53472, 151049, 101270,  43191,  28006,
        32682,  96211, 138506,  79612,  19369, 131827, 100128,  66276,
        84465, 129765, 123891,  16841, 136964,   1830,  37189, 121431,
        38522,   7013,  91974, 100493,  55206,  42105,  40359, 101642,
        23805,  27536,  83321, 136300,  39520,  57874,   2865,  35806,
       117410,  63034, 138060, 113962, 147866,  32324,  96333, 147120,
       128883, 130562, 103797,  42530,   6813, 110005,  23867,  89704,
        85366,  86646,  82248,  69572,  97209,  12302, 148701, 150364,
       133005,  94537,  57189,  77224, 109464, 146442, 125401, 116897,
       145241, 153267, 111984, 138530, 113624, 116574,  91236,   4874,
       125974, 116094,  81938,  76053,  38620,  30261, 109243, 127145,
        68958,  10678,  16751,  27144,  40265, 128009,  51284,  13766,
        81544,  27148,  11813,  76634,  60765,  41267,  87295, 124354,
       115876, 146234]), array([  1246,  19904, 120272, 117090,   9337,  66895,  98964, 107040,
        40397, 132832,  30426, 145051, 129140, 146516, 138545,  89971,
       134412,  26293,  59157, 131703,  67514,  68403, 132829, 134277,
       119627,  61508, 101983,  98290,  91583,   3429,  49213,  83055,
        41357, 135403,  23204, 138173,  22156,  92296,  96135,  34247,
       141384,  98437, 141015, 118825, 138375, 108252,  86069,   7262,
        31076,  52196,  59882,  61604,  92697,  47891,  93445,  25763,
       108164,   8841,  30245, 135772,  27501, 138324, 112140, 149270,
        41285,  11339,  35642, 135305,  21695, 139455, 127831,  61119,
        79887, 140384,  32088,  84420,  90747,  15889,  98222, 100580,
       141088,  33964,  55071, 135148, 130076, 139319, 127967,  86939,
       152755,  67141, 101739,  53701,  64673,  24597, 146992,  80805,
       152997,  45871,  72496,  15722, 106579,  26955, 136728,  25230,
         1911, 118956, 142768,  68421,   4100,  19357,  29632,  14114,
        32095,  42439,  88024,   9075, 140585,  15013,  54471,  40104,
       150631,  87828, 124072,  59969,  44221,  60345, 128366,  70262,
       153406, 135708,  44697,  39967, 153515, 127005, 133076,  96163,
       121696, 112666,  44597, 103034,  46802, 106906, 106067, 104195,
         6144,  56193,  53088,  88964, 118265,    832,  79512,   5529,
        24304,  92015,  61494, 142527,  18904, 117845,   9335,  32032,
       123942, 152076,  14967, 134844,  49954,  55262,  90568, 136732,
        91844,  61623, 125683, 102653,  34307,  60010, 103771, 152428,
        14636, 130857,  59313,  43444,  88579,  90167,  20268,  85736,
        34162,  94581,  14885, 101084, 126457, 102565,  14336, 122958,
        30918,  47897,  73937,  70535,  91658, 108006, 132972,  81005,
        48814, 143752,   3781,  24582,  27447, 139081, 148759,  97320,
       148169,  92386]), array([ 97878, 140788,  23206, 137340, 129051,  86452, 149951,  18728,
        79093, 142992,  86284,  75814,   9539, 143509, 127993, 127516,
       121685, 125053,  67458, 121218, 147139,  14392, 139364, 106957,
       149256,  48087, 114810, 109709,  81832,  19748, 116248,   5389,
        73479,  57483,   5940,  64676,  24782,  74344,  48237,  89504,
        29162, 142642, 111275,   5913, 147168,   2517,  11172,  10874,
        99479,  20471, 122240,  29129, 133668, 116436,  96639, 125783,
       136919, 106718, 128586, 120073,  77005,   6571,  17967,  19732,
        64230,  13806,  32766, 115826,  31557,  95733,  55217, 136179,
       103799,   3735, 131608,  75186, 102060,  74659,  90927,  42780,
        30398,  27206,  87765,  99342, 120834,  67951,  85318, 148712,
       150813,  45951,  60306,  75636,  18495,  67299,  90729,  53261,
         6743,  12062,  29223,  55623,  69856, 132902,  42632, 125267,
        81092, 111322,  79588,  27909,  83701, 111795,  76246, 113887,
        78612,  33352,  55779,  84179,  61846,  30635,  38283, 131682,
       145929,  27926,  66417,  15569,  91036,  75190,  16297, 101643,
        87950,  77065,  59013,  85771,  68840, 124625,  91289,  11561,
       130750, 114335, 139472,  25265, 141171,  76676,  43011, 100017,
        71846,  93825,  91972, 131018, 102222,  22240,  44117, 136113,
       138924, 125126,  82523,  19707,  86499,  45757,  52232,  56865,
       148616,  38209, 107503, 138313, 146584,  42464,  94045, 131065,
       128460,  88535,  36953,  64824,  29820,  90861, 139797,  46113,
       120688,  87569,  73440, 111398, 133442,   8671,  78143, 127302,
       131416,  26789,  60293,  42254, 124759, 147336,  54382,  70256,
        18209,  25722,  41857,  16962, 145057,  50756, 138571,  19592,
       132148,  35679, 125008,  61477, 147010, 138923, 132355, 109826,
        28587,  98826,  25529,  66619]), array([125975, 145463, 129413,  26172,  76981,  98753,  26453, 143842,
       123480, 153466,  81984, 121977,  89856, 120109,   9596, 123073,
       104363, 145520,  67828,  36818, 126319,  82195, 131112, 130195,
        13278, 118790,  50170, 121867,  63490,  82156,  85156,  53905,
       146495,  29298, 106387,  98293,  36813, 136508, 152628, 129236,
        23411,  43621,  81176, 128338,  90368,  73624,  79737,  11203,
       121512, 125270,  52038,  70584,   1650,  19629, 130397, 114187,
        62354, 152239, 125024,  20023,  47992, 125478,  70909,  90206,
        82167,  31049,  12609,  20452,  62253,  67608,  57651, 127803,
       137295, 119900,  41803, 110034, 107867,  46394, 137296,  18504,
        18741, 140647,  99459, 103916,  11282,  11778, 144898, 116788,
        73829,  87608,  22462,  96011, 112225,   4727, 110544,  23870,
        21811,  69162,   1866,  39523, 143241,  37680, 116812,  45893,
        12812,  62816,   4792, 140341,  78254, 152250,  79664, 107494,
       115652, 147880, 111466,  86894, 152659,  44771, 135630,  90378,
        15974, 114337,  41700, 127996,  13262,  94056,  15345,  45865,
        32224,  62139, 123341,  13495,  76019,  77127, 113406, 100890,
         8540, 122673,   5757, 151268, 149351,  31658,  52836,  61666,
        72972,    679,  40591,   3431,  97712, 146317, 140561, 133428,
        81130, 100880, 119920, 124312,   9249,  44168,  48502,  42017,
        67871,  47749, 105227,  87933,  79950,  92370, 126492, 104944,
        71149,  46366,  68633,  22232, 130138,  33111,  77152, 125131,
       106245, 121070,  41720, 101868,  73289,  68954,  72554,  51492,
        81867, 131596,    853,  59274, 113189,  45335, 148448,  58189,
         6729,  61643, 133346,  96913, 145385,  93277,  13217,  54757,
       150326,  91448,  33580, 131255, 136150,  18341,  73058,  28833,
       122021,  39214,  33069,  34271,  87564]), array([151566,  92663,   5871,   5919,  80810, 122200,  45891, 115513,
        95266, 142299, 122294, 101304, 114448, 150008,  80845,  19821,
        86394,  25871, 122876,  57329,  53490,  10277,  37996,  18047,
        77423,  44565,  80392, 108275,   6010, 103241,  94107,  50795,
       132735, 122660,  41244,  98256,   7749, 124160,  88661,  36823,
         1725,  90079,  37163,   2144,  36315,  95134, 143172,  92262,
        86389,  63946, 140719,  51935, 131294,   6293,  87733,  17316,
       103476, 112002,   9677, 116829,  84749, 127132,  50195,  41943,
        23924, 118071, 131764, 142832,  30460, 100997, 138464,  78900,
        12655,   4992,  47960, 151959,  85018, 124268,  11475,  65041,
       148293, 131228,  69006,  13635,   4697,  46004,  22560, 102574,
        37442,  84141,  98402,  12362,  27383,  30412,  33268,  60168,
        23744,  65224,  67976, 105545,  90823,  13455,  61230,  17157,
       140139, 140771,  42146,  17241,  85270,  81838,  17592,  86447,
        93077,   4346,  93330, 130264,  90283,  51752, 122748,  31920,
       135169, 131084,  64166,  95658,  70607, 153057,  15989,  27422,
        75364,  19163,  85733,  45080,  17545,  41129,  54283, 124349,
       109932,  13040,  38660, 142889,  94098,  89386, 115467, 152821,
        91438,  73312, 125180, 126245, 134512, 116579, 110193,  29062,
        23586,  30591,  37375, 107106, 137377,  34001, 146236,  49849,
       101190, 144686, 143650, 136725,  82679,  90179, 118472,  76046,
       111308,  43761,  60780, 132478, 110183,  32743, 144189,  69860,
       153815,  62634,  15735,  18295, 130609,  22127,  83663,  56445,
       122902,  61329,  49465, 137398,  47265,   1158, 103325, 123273,
        93524,  76842,  55092,  86802, 100351,  86177, 110227,  37755,
        86100,  31909, 137838, 121353,  57806,  50908,  23613,  53815,
        12519, 133769,  76362, 106787,  83133,   4962]), array([ 24760,  62738, 126976,  29692,  69439, 109223, 149005,  75659,
       100026, 126979,  58034,  54484, 119425,  84737, 151292, 106584,
         8058, 134560,  73960,  32144,  55473,   7632,  17202, 109938,
        72511,  40301,   4705,  32019,  78310, 146675, 150272, 120828,
        54447,   1513,  76342, 146314, 149186, 140804,  86697,   7485,
        74650, 149029,  81452,  44270,  60648, 113437,  28730,  99506,
        56471,  11864,  48250,  40108,  80919,  44844,   9520,  89549,
        81086,  97013,  94875, 134971,  66614, 115821,  15271,  60559,
        66284, 125129, 119536,  96423, 114143,  47329,  66787, 131075,
        41691,  22629,  34796, 148212,  84406,  37224,  75807, 127205,
        63056,  82976,  42521,  23957,  11994,  80550, 145961,  45725,
        81437, 146212, 106148,  81808,   6263, 122565,  97368,   3891,
       114667, 134317,  16936, 139372,  58484,  52510,  79800,  60858,
       102368,  34721,  24220,  88766,  77374,  79782,  26826,  16551,
       133821,  15684, 132202, 142984,  30030,  71222,  23641,  79567,
        50057, 146572, 102212,   1816, 135936,  11975,   7673,  71555,
        15093,  87353, 113556, 136781, 104580,   1883, 120130, 134510,
        64543,  79788, 110078,  96752, 148363, 111912, 122370,  97701,
        77385,  90691,  25288,  49791,  59643, 137085,  32789,  52878,
        69545,  16614, 111459, 118244,  90981,  11660, 144107,   8695,
        85116, 120407,   4465, 144589, 126662,  16881,  82264,  41758,
        86827,  76937, 145358,  88806,  24059,  39215,  88619,  37773,
       108182, 146128, 115293,  95628, 138412,  75591,  15262,  69603,
       102481,  96452,  91163, 126644,  47571,  41199,  62608, 129052,
       126777, 110001, 126934,  49714,  23227, 128765, 121948,   6113,
         4071,  51796, 147787, 143894,  34235,  68100,  58361,  57537,
       138808,  48987, 143488,  76832, 106107, 127425,  55099,   4634]), array([114061,  57599, 139145,   3321,  24160,  59452,  35851,  76515,
        50953,  69694,  76492, 109910, 113207, 142448, 133054, 140761,
       112788, 122469,  13032,  98409,  27145,  41153,  18223, 139226,
        72443,    957, 141078,  86572, 140509,  27396,  52905, 112239,
        84861,   8313, 147636,  83368,  72493,  16137, 111141,  63099,
       103483,  41497, 121466,  35677,  91444, 113386,  91155, 139707,
        84140, 101916, 147006,  18641,  33976,   5673,  54475,  61181,
       102462,  27127,   4786,  88679, 117436,  73758,  74013,  39425,
       125001,   1463, 109420,  57511,   6356, 135057, 126231, 118666,
       114302, 122348,  88595,  46457, 115792,  73274,  32275,  99519,
        53975, 138213, 140930,  72838,  90816,  50385,  72837,  89994,
        51490,  82423,  66008,  80253,  83727,  59130, 131746,  39642,
        91216, 103679, 126108, 147754,  17594,  36731,  15761, 102437,
        59950,  54284,  40601, 103234, 149512,  17544,  68747, 115850,
       141420,  47358,  41095,  51328,  83544,  72682,  50320, 130858,
       119482,  98641,  50692,  56148, 109920,  45130,  16796, 136906,
        45750,  34980, 127926, 123106,  74186, 100255,  41191,   9385,
        45883,   9797, 151984,   2007,  11804,  40721,  29627,  98243,
       119115,  85096,  59661,   6859,  19722, 112328, 101054,  10320,
       136135,  49176, 104690,   5493,  45845,  74882, 109379, 128789,
        51767,   1517, 130591, 147779,  15483,  42551,  94922,  58187,
       138086, 141275,  62310, 149185,  60332, 145893, 124632,  87974,
        79981, 130251, 131042,  48204, 147403,  38240,  99226, 122991,
       135922, 109158,   6014, 131459, 101111, 102619, 107957, 145658,
       151251, 142082,  31394, 109104, 112590,  59260, 108246,   2164,
        13652,  30714, 130488, 113778,  29409,  64727,  66447,  63686,
        62935, 130902,  88326,  61239,  76039,  54895, 109625, 131152,
        23975,  23340,  45782,  51815,  49500,  16667,  30319, 137547,
       105361,  28589, 124980,  70901,  62146,  35550,  87553,  91524,
       131524,   1599, 101036]), array([ 77823,  53371,  59472,  91676,  18747, 115224,  58228,  34401,
       126995, 129749,   5008, 121008, 126672, 114688,  68395,  54262,
       152398, 118975,  74059, 153513, 137419, 127833,  37873, 129712,
        68343,  65262, 133647,  40953, 136335,  43800, 145234,  48101,
       118166,  34213,  72667,  34590,  24244,  57605, 114682, 151890,
        88377,  69206, 129206, 143683,  91156,  79915, 131516,  83312,
        38033, 132427, 115073,  48837, 146089, 144226,  24518, 124728,
       107713,  66457,  53376, 121389,  64862,  47841, 108105,  41400,
         3159,  37816, 103957,  87639,   8727,  27823, 130938, 122085,
       148660,  75160, 104004,  31825,  39711,  22915,  31517,  81812,
       118378,  43204,  56614,  33977,  87315,   6283,  83226,  45563,
        13234,  12047,  60744,  38712, 135516, 149930,  55449,  30985,
        68698,  91287,  61899,  41640, 111100,  47356,  25625,   2268,
       105337,  92354, 119611,  91557,  43090,  69183, 117156,  71425,
        97421,  45206, 128246,  34593,  31732,   3379,  56810,  68029,
        33051,   4749, 112761,  50817,  68683,  98277,  57252,  63989,
        46553,  74301,  16874,   5698,  99484, 110131,  78663, 141488,
         5286,  26472,  72867, 105401, 141948,  53401,  37775, 145979,
       119894,   6087, 146355, 108184, 125671,  65931,  59708, 112740,
        93321,  18384, 106361,   1064,  81698,  24180, 147772, 121663,
        32186,  78221, 123322, 112882,   8684, 110184,  48396,  17894,
        43570,  10394,  61883,  99084,  71051,  39432,  98680, 139930,
        96089,  11321, 144793, 102190,  36682, 142339, 128138,  84295,
       146340,   8006,  95899,  71791,  15570,  54931,  53423,  51449,
        95269,  27867, 119091,  37283,   3340, 153820,   4066,  56231,
        94621,   4405,  17112,  35651,  20406, 103783,   1900, 133697,
       108623, 150776,  28933, 139601,  53838,  42048, 122557,  28033,
       127845,  55471,  33408,  14609,  88647, 134934, 132667,  60041,
        47304, 144457,  76790, 116852,   5578,  55975, 102934, 117378,
         7068, 124001, 129922,  24683, 152703,   9297, 118361,  14396,
       108028,   5271]), array([ 62477,  90379,  68831, 124143,  78210,  14363,  69310,  31630,
        14383,  33052, 135805,  58275,  52379,  40962,  88106, 105453,
       119713,  52994, 117971,  36689, 110868,   3006, 124491, 118556,
        75886, 138668,  34229, 137025,  73942,  39637,  10640,     74,
        41732,  39868,  51245, 148974,  33172,  38750, 102295,  39536,
        61425, 140401,  45792, 118677, 109123, 109849, 116996, 143039,
       123749,  57908,  41055, 127711,   5295,  25524,  62241, 139129,
       136546, 116755, 118855,  67527,  93571, 112877, 153917,  97180,
       131909,  54311, 109209,  88927,  50911, 137459,  21481,  22230,
        12282,  19957, 123103,  48467,  98737,  97096, 115163,   9685,
        96202, 115265, 127830, 134262, 128744,  27296,  82180,  53040,
         4131,  78462, 151033, 112938,  23042,  72561,  73180,  27022,
        21235,  54276,  13943,  29628, 114023,    616, 108771,  48034,
       137350,  47318,  20724,  71332,  43432,   7540,  51782, 146884,
       128094, 101869,  93180,  44793,  23982,  58495,  19811, 120571,
        62058, 128973, 147666, 137638, 150759,  36093, 127890,  93700,
        65352,  17408,   5303,  83452,  91469,  57298, 115036, 103879,
       101858, 121728,  91254, 134283,  70280,  40193,  34964,   1511,
       123310, 153571, 143695, 123347,  60501,  89135, 153639,  44091,
        92290,  20811,  80920,  50717, 147978, 146998,  36993,  63507,
       143751,  15391, 103502,  82337, 119997,  81529,  84230, 130662,
        53678,  19557, 148340,  43745,  76482, 124716, 151666,   2416,
        45438, 124484,  96737,  33279, 135073,  36356,  56157,  66508,
        95771, 137170,  55274, 141703,  28656,  72095,  56388,  25785,
        89462, 144575,  18030,  76407,  25444,  50037,    800,  64734,
        72465,  77393, 136470,  66948,  68307, 140468, 129889,  53394,
        65379,  27139,   5339,   3061,  96580,  65923,  15266,  85332,
        72771,  18637, 109001,  29266,  41950,   5297,  60019,  36015,
       117603, 144551,  20341,  33383, 124501,  76404,  15396,  73374,
        35071, 133685, 103260,  37550, 107737, 102968, 146453,  23731,
         6998,  88059,  82828,  54721,  84555]), array([ 12481,  28089, 113444,  38537,  36005,   9729,  78615,  73470,
        33908, 116808,  21494, 106397,  52633,  87241, 133841, 147111,
        30934,  80173, 142665, 133126,  40426,  12994,  78476,  85580,
       144748,  32981,  56604, 110689, 133687,  75985,  87391,  72622,
        91177, 137357,  84857, 147118, 132464,  51355, 139335, 144315,
        96207,  14175,  33262,  16352,  74513,  27841,  78623,  21710,
       121793,  95869,   7864,  51560,  88355,  44024, 116497, 116422,
        32526, 132481, 128526, 116036,  71522, 152364, 128135,  81246,
        32259,  44143, 142371, 141034, 149114,  16027,  99247, 144869,
       123904, 111047, 106237,  25023,  36421,  16853,  30573,  98472,
       120380,  62975, 124087, 126430,  44161, 118637,  84242,  41195,
        74973,  47550, 131977,   4451,  57689,   2249,  14617,  16045,
       126661,  21728,  62778, 118330, 113466, 140984,  82610, 145583,
        47607,  58548,   1097,  76076,  68017,  13374,  27059,  74452,
        54408,  86283,  22943,  78182,   9604, 100228,  50714,  13791,
       125868,  48445,  27883,  66807,  20821,   4239,  69269,   8147,
        66645, 113414,  40275, 108454, 118261,  87191,  74537,  68653,
        57084, 127291,  53918,  38067,  39268,  57525,  71813,  63359,
       106771,  88546,  68052,   7911,  16346,  66900, 102899, 100711,
        88728,  53563,  46433,  11929,  58412, 118310,   4087,  43882,
        37332, 134236,  41359,  62903, 138090, 128564,  48105,  24125,
        99717,   8947, 105277,  70284, 129760, 103020,  83083, 112375,
        30650,  66564,  83878,  62435, 143773,  79855,   9328,  83025,
        46343,  79986,   6483,  81132,  50648,  12078, 142424,  21092,
        94515, 145729, 117947,  55896, 100208,  92368,  74711,  98930,
        93774, 115206, 129820, 137645,  67776,  20145,  86854, 147629,
       114400, 152062,   2594,  77433, 110665,  77649,  25952,  46034,
        59113,  80542,  25703, 121549,  26788,  44309,  71859,  55187,
        81028, 152987,  83598,  23286,  70528,  98054, 152384,  15076,
       114003, 126336,  17144,  22260,  88114,  25294,  57277, 115225,
        35499, 132773,  91092,  45570,  27691, 115262, 128347,  51526,
        72207,  86287]), array([145649,  68076,  98668,  53205,  24188,  37020, 149212,  67218,
       130312, 131758, 152093, 133781,  66269, 109422, 134972,  76804,
       136337,  90675,  63303,  14172,  67257, 136927, 149671,  51405,
       102021,  27582, 124512, 137211, 112435, 127202,  72045,  80037,
        66707, 107761,  44775,  38145,  22563, 138062,  39831,  43855,
       129506,  45201, 120953,  95086,  24927,  62633,  55106,  64808,
        19852,  34345,  88516,  66805,  60704,  24007,   8410,  79561,
        65647, 146740, 106761,  16219,   1480, 137853,  29117,  96421,
        70578,  67654,  50508,  18937,   7405,  75155, 118078, 126895,
       134981,  27402, 124620,  69942, 136760, 141885,   2509,  22255,
       131824, 131935,  53629,  74259,  15740, 133417,  21555, 147826,
        35556, 110816,  27413,  46683,   5861, 150263,  97802,  56178,
       151198,  96594, 118037,  24127,  67570,  23772,  58943, 114956,
       140344,  13854, 118366,  23119,  44752, 121646, 117568, 136744,
        60543,  79056,  14551,    285, 145570, 136148,  13402, 103372,
        73926,  88851,  57358,  50053, 101806, 149315, 126067, 117740,
        45558, 142801,  16728, 139349, 136461,  30359, 149773,  67271,
        82332,  96253, 130082,  91611, 108066,  15390,  79942, 117246,
       142197,  20912,  60733, 124422,  56912,  47286, 110357, 139149,
        26045,  85648,  40176,  23153, 142521, 114795,  37351, 115011,
        37870,  25739, 141619, 118348, 145050, 143755, 142943,  56377,
       149491,  87488,   3319,  85854,  85908,  27049,  63129,  55086,
       128905, 130975, 142402, 126224, 141481,  48224, 110761,  98975,
        84796,  25232,  42029,  19948, 130743,  48175,  46492,  18464,
       114463,  56740,  49088,  34124, 113255, 109049, 104756,  46760,
        94680,  97237, 151450,  78307,  33983, 110332, 149902,  18054,
        51984,  34742, 120276,  96087, 123609, 114160,  99220,  72066,
        26465, 117776,  21042,  12517, 147456,  44462,  23733,  61648,
        56643, 134240, 102886, 136984,  50769,  98139,  87200, 109766,
       132034,  43957, 116296,  50633,  15436,  26782, 125393,  12593,
        97843, 122458,  49663,  54273,  14082,  36308, 103534, 127847,
        21469,  17937, 153532,  94743,  47341]), array([ 79088,  40912,   8077, 128332, 152957,  13611,  89669,  14662,
        45216,  74284,  57972,  70276,  67047,  66404,  82031,  33940,
        28976,  43484,  75632,  83375,  87198,    424,  55881,   4965,
        28610,  98178,   9784, 102791,   2400,  78864,  41398, 131497,
       135577, 130097,  40605, 125455,  49672,  73132,  41538,  84331,
         4017,   1535,   4750,  41178, 104872,   2676,  44826, 105323,
        34415, 109821,  14695,  87267,  58787,   1281,  82129,   3663,
        27446,  34492, 141519, 106295,  45985, 113161, 112835, 100935,
       123808, 109775,  72581,  56627, 110100,  88277,  21123,  33591,
       134082,   7189,  78367,  19834, 108570,  83486, 129489, 103698,
       110161, 101979,  55103, 116845, 113703, 124875,  37939,  23790,
        37671,  49806,  11347,  57762,  59836, 114232,  79504,  56400,
        34427, 144495,  71041, 121058,  59047,  85433, 150388,  65771,
        35877, 140390,  91270,  63091,   8599,  98166, 121386, 126053,
       144629,  87354,  81949,  41264, 106993,    924, 102843,   5599,
        83564,  59860,  88492,  14030, 143924,  79032,   1357,  91055,
        33507,  95210,  50856,   7308,  14549,  14246, 141957,  53599,
       142291,  53941,  36324,  44394, 140802, 104103, 104985, 135576,
       120297, 106967,  45939,  33668,  92039, 149583, 110343,  52860,
       146511,  43635, 122090,  13256, 111593, 136997, 114562,  63456,
       104513, 104742, 120747,  20637, 108509, 124024, 118421,  57827,
       119583,  30308,  66830, 106078,  53865,  15532,  19113, 144344,
         9480,  83404,  22175,  60681,  75376, 121243, 132701, 108328,
       136511,  20978, 147124,  76036,   3253,  58041, 135102,  69172,
        76059,  70682,  59342, 121725,  96781, 146225,  11230, 120093,
       145633,  11684, 131438,  60275, 106819,  97521,   3432, 136258,
         5928, 122133, 135100, 122156,  45928, 112320,   2689,  26864,
       130714,  62543, 119188, 108676,  52078,  40171,  63304,  21980,
       137048,  71274,  55036, 106750,  14479, 148674, 141640,  71485,
        40712,  45260,  78525, 134663,  65724, 116725, 147592,  11616,
        13625, 139937,  39528,  84985,  46756,  68098,  65057, 135889,
        19400, 104353,  60821, 134984,  81630]), array([ 13161,  98306, 151133,  67109,  49339,  33517,  56760,  94495,
       117670,  69295,  15846,  67531, 109612,  88023,  99013,  75446,
        80013, 108605,  26799, 118567,   7144,  68085,  86046,  80684,
       112975,  26305,  59921, 111303,  77149, 139827,  53286,  33727,
        63907,  53143, 114605, 145531,  31218,  61246,  22188,  15459,
        26123, 142544,  59402,  97594, 109431,   3862,  11569,  35542,
        13663, 100671,  55231,  73223,  30403,  64947, 126986, 104517,
        21957,  61858,  96934,  70820,  27795, 145963,  13291, 115085,
       112963,  43718, 141087,   9879, 134052, 141575,  17366,  19240,
       103886,  46678,  59705,  15909,  11873, 114678,  48235,   5598,
       145732,  45983,  43572,   3352,  92773, 134912, 145879,  51694,
        30251,  36987,  85968, 144546,  26428,  72316, 119926,  32810,
         3287,  28568,  56122, 110588, 105046,  29439,  65085,  67259,
       144740,  96665,  51489,   4563,  61827,  51724,   2021,  99856,
        64930, 148400, 122464,  79593,  96275, 146956,  59595,  79860,
        32003,  22950, 135859,  61129,  63905,  29028,  29196,  27567,
       130175,  19041,  51922,  12518, 112383,  26666, 125631,  54725,
       117941,   8062,  29564,  28180, 100272,  68767,  83424,    625,
        88198,  39715,  64570,  75558, 136843,  97648,  28542,   6490,
        67646, 104293,  16476, 106704,  75049,  47296,  68305,   5424,
        95352,  91126,  95582,  10463,  52149,  57353,  55765,  24837,
       117297,   7570, 134782,  38456,  23420,  63072, 127460, 127673,
        49140, 118656,  87115,  42905, 102145, 120081,  48167, 125823,
        75453, 148417,  79262,  91152, 149027,  23142, 122994,  18503,
        35662, 114207, 128721,  57359,  40161, 112162,   7976,  78161,
       126342, 122872,  72785,  22048,  88102,  44321,   1323, 114155,
       144730,  59865,  10514,  69225,  23412,  86108,   6716,     54,
         2285,  22635, 146739,  77069,  68593,  71773, 100706,  72099,
        73583,  37059,  92644, 110231, 129860, 142582,  91636,  32470,
       127406,  53132, 108542,  25533,  12210, 147700, 134027,  80695,
       131662, 136323,  50074,   7773,  26314,  68537,  68670,  93555,
       119584, 147024, 111298, 102289, 119266,  49652,   3467,  15022,
       100712,   9274,  22826, 142581, 148000,  76756,  47540, 129705,
        89176,  34266,     80,  43685, 147044, 149592,   5123,  22674,
        23405,  26187, 106285, 113240, 138110,  13160,  33313,  45947,
       120974,  47613, 124753,  10351, 115884,  40147, 133597,  93619,
        76272]), array([111405,  53191,  23106, 153164,  28469,  60204,  40004,  64592,
        11445,  35803,  57503,  85565,  58326, 146914, 102048,   2287,
       141453,  48217, 143952,    218,  40327, 122042,  11356, 128941,
       146124,  89845,  52624, 100604, 117614,  77270, 110947,  85801,
        64875,   6049,  29228, 124115,   2505, 107200,  29250,  78805,
        18940,  61810,  51645,  19045, 143761, 122783,  13095,  79918,
        17273, 151425,  29745, 125906, 100779, 109570,  93201,   7045,
       142736, 107610,  39210, 149904, 130709, 120447, 115324,  52043,
        70696, 129825, 117824, 149986,   5990,  82939,  74340,  34131,
        93281, 153397,  49822, 117715, 149633,  87518, 124261, 142575,
        80445,   3654, 114438,  31274,  15934,  75690,  60793,  98107,
        64908,  49598,  14354,  82510,  65815, 127655, 149198,  93004,
       106116, 102888, 113441,    216,  48725, 147537, 123818,  66471,
       116694,  17944,  35227,  47165,  70726,  80058,  32361, 119197,
        41746,  54717,  98948,  40697,  34027,  42940,  55487, 103988,
       118838, 123437, 105880, 109744,  46376,  50655,  85624,  99192,
        62110,  64372, 106425,  30764,  87991,  60726,  73145, 146609,
         4916,  48562,  39451, 107217,  74369, 124224, 139965, 101046,
       112851, 152408,  28789,  24197,   1762, 144357, 113359,  85970,
        89754, 150176, 150812,  84333, 110951, 137584,  77565,   5395,
       141406,  69137,  34531,   3208,  12611,  86810,  58697,  11196,
        50104, 143575,   5528, 149280, 135901,  92088,  57137,  87590,
       126956, 100206,  30604, 140364, 138510,  84026,  13867, 114487,
         5766, 128857,  89371, 114470,  15752, 139102, 139023,   1409,
        54487,  12957, 153167,  27720, 145237,  94222, 102851, 121720,
       149214,  85373,  60416,  47530,  10879, 117018, 114948, 145112,
        98942,  72245, 139051, 110086,  93301, 136143, 110296, 110618,
         5020, 131664, 121650, 145326,  19082,  48399,  90826, 131730,
       145559,  35191,  79359,  52108,   7733, 113291,  66862,  31744,
       142218,  52234,  10792,  74682, 138190,   1773, 103064,  23444,
        41176,  64752,  73424, 120113, 101929,  90467,  27903,   7250,
        54736, 151314,  18191,  23707,  42527,  91073,  76225,  48375,
        37314,  22187,  88612,  53420, 124165, 113427, 140366,  67829,
        91956,  24141,  36268,   1487, 126312, 103668, 106744,    522,
       121516, 100416, 148523, 137643,  85544,  74697,  56724, 110224,
         9633,  47556,  73287,  68108, 140620, 123857,  92120, 140652,
        99518,  11674,  68868, 118456,   6525, 100364,  76583, 128931,
        51172, 151237, 149392,  50570,  32111,  39671,  45167, 104449,
        25564,  44574]), array([ 68271, 151598,  89292,  48719, 146717,  10228, 153847, 113222,
        67645, 150211,   8448,  44873, 133222,  43159, 127306,  57369,
       121002, 129305, 137194, 129225, 145337,  18963,  82056, 152401,
        11901,  54076, 128578, 126588, 129038, 120330, 145892,  22954,
       143495,  71211, 146161,  16517,  27607,  80133, 145371,  55444,
        92612,  40543, 111537, 129697,  18426,  58570,  31929,  23725,
        24981,  30737,   5016,  57407,  65080,  32227, 110669, 121495,
        66240,  86238, 136033,  48259,  46752, 153134,  87063,  80400,
       132216, 117953,  85727,  90505,   5636, 108148,  59428,  40743,
       125967, 134847,  77604, 147516,  21242,  58667, 145115, 139160,
        33480, 111754, 149916,  84730,  60403, 108478,  20141,  58549,
         6700, 141191, 132429, 128179,  13004,  20445, 109340,  33471,
        10506, 105052, 122109, 140944,  22987,  92124,    163,  73330,
         9408,  38991,  93658,   5925, 133734,  43638, 145360, 138268,
       104689, 127977,  27353,  41403,  67007,  71967,  60755, 148476,
        68202, 109112,  52132,  18353,  24211, 110807, 142278,  45354,
       150983,  39168,   9173,  77799, 133905,   9239, 135526, 112833,
       101093, 153261,  39478, 119070, 127747,  23297,  21356,  61320,
       119447, 103505,  77793, 119365,  12218,  94456,  20964,  58176,
       136155,  10892,  53576,   6613,  93842, 110470,  93749,  31684,
        99022,    341, 118993,  54771,  57156,  37415,  51425,  48848,
       152766,  62385,  72797, 134132,  17730,  32015,  67752,  35563,
       127762, 105725,   8592, 151610,  84738,   3930,  18885, 119300,
         9621, 120852,  19809,  57914,  28665,  51706, 141606,  10111,
        94317,  44629,  87028, 146189, 145777,  39780,  21359,    382,
        39375,   3425,  10825,   2998,  30949,  13152, 100722,  36796,
        36044,  10240,  92264,  49745,  59655,  18118, 138553,  10000,
         2852, 114034, 103845, 145744, 150061,  55914,  84540,  10860,
       124892, 110613, 147085, 131189,  24035,  41941,  71900,  44953,
        87864,   2092, 123933,  28300,  92877,   5211,  46237,  23237,
       141745,  87456,  17089,  66697, 108941,  31393,  26179,  38030,
         7067,   3689, 113474, 125429,  95786,  72621, 142410,  40718,
        81441, 111035, 120001,  34190,  76587, 137338,  35337, 119960,
       127044,  26090,  84804,  12180,  63385,  44545, 108958,  60265,
        98351,   7648,  55326, 142497, 149970, 151928,  48942,  84979,
       133899, 133736,  32189,  52352, 118597,  21725,   8080, 124050,
        59834, 137904,  23069, 152276,  96840,  64823,  88765, 129572,
       103661,  51009,  89449,  66580,  62573, 138234,  45765,  27982,
        16078, 134089, 134580,  11432,  33750, 145231,   3805,  49002,
        24623, 153273,  78257,  94691,  94613, 142751, 115883,  93260,
        57475,  79519,  99920, 148347,  35675,  84064, 120405,  83916,
        37166,  80121,  31963, 134614, 108914, 135599, 125734,  28249,
         8087,  68477,  53960,  59918, 120861, 129662,  13708, 148471,
       105467,   7995,  22491, 132175, 105639,  77930, 129733,  47786,
        94408,  52457,  50778,  74508,  78942,  12856,  71956, 141494,
        68797,  93316, 100278,  21306,  92668,  84664,  66107,  42679,
        86675, 142862,  18448, 121718,  85967, 136783,  59754,  23987,
        92559, 134374,  88415,  49640,  67018,  62135, 107710,  13013,
       125420,  78856,  83875, 114659, 121255,  68615,  15953,  34928,
       100234,  52604, 111040, 130030,  50923, 104551, 126331,  32817,
       106458, 119972,  58832,  34379,  49115, 148751]), array([  3151,  84680,  19877, 153217,  96190,  99508,  28837, 136215,
        62344, 129795,  70592,  64129,  81495,  93766,  99569,  75574,
        64261,   8649, 153121,   5370, 140460,   6326,  38768,  78822,
        91453,  33263, 103340,  87103,  43553,  34170,  34671,  52331,
        65245,  36769,  56803,  76096,  58250,  84745, 139277, 107434,
        26415,  78680,  43834,  24377, 104333,  16940,  91913, 145771,
       120556,  43852, 153058, 114592, 118764, 138713,  50863,  69127,
       117038,  37463,  73739, 139748,  44594,   3383, 132873,  43145,
       121522,  43896,  59466, 104904,  44382,  67884,  33162, 119375,
        73717, 136435,  20324,  68170,  75423,  54402, 132609, 109367,
         8364,  94563,  67811,  62430, 128200,  90326,  25651, 125031,
        26194,  45745, 102283,  78906,  91970,  14690, 147792,  76883,
       148946,   2844, 124071,  77510, 108298, 147795,  37165, 136845,
        74108,  30869,  49443,   1076,  17513, 127974,    359,  36431,
       101666, 127798,  87939, 107355,  36783,  66377,  84824,  42012,
       113851, 127821,    869, 112089,  91017, 112396, 146372, 121744,
        78779,  80783,   7107,  75673,  92672, 144266,  81799,  14529,
        13951,  35310, 143810,   6105,  29847,  33823, 110353, 120177,
        47836,  89459, 111693,  54245,  21897, 102394,  26545,  87749,
        59926, 142994, 135825, 130176,  21682,  33438,  34460,  66822,
        59461, 152678, 105477, 130401,  46384,  18513,  62576,  57344,
       146558, 146728,  83147, 149644, 139667, 110461,   9969,  82277,
         9614,  78938,  69825, 116194,  87026, 135927,   1171, 127339,
       140021,  99949, 146512,  70671,  53582,  49975, 147656,  22005,
        99251,  90966,  40798,  23129,   6179, 108172,  30821,  12065,
        16170, 119313,  90393, 140993, 136372,  45355,  47253,   9144,
         1013,  34397,  72842,  23585, 119543, 153879, 109105,  71941,
        21383,  89858, 136198, 117599,  80080,  23864, 120932,  96455,
        65040,  48675,  78516,  80766, 144631, 101387,  29855,  82226,
       150829, 144500,  66643, 130559,  56461,  31467,  84854,  58091,
        66845, 103489,  23471,  74188,  47222, 132744, 120833,  21765,
        40852, 121664, 133491, 130406,  17755,  14310, 139132,  86929,
        71254,  17668, 104472,  70524,  11164, 135075,  58967, 103167,
        83614,   9025,  27806,  18386,  88350, 142926,  18343, 131423,
        29545, 108313, 112129,  44519,  86692,   1236, 142549, 128798,
         6100,  16514,  59415,  74099,  48199, 132467, 144225,  46455,
        44300,  95810,  65978,  13910,   2857, 127448,  73152, 135000,
        83434,  82493, 101175, 114182,  83209,  86325,  13775, 101188,
        26192,  76343,  50283, 102702,  74595, 138306,   3089, 149281,
         3754,  99019,  84073,  34881, 140714,  49399,  54470,  39439,
       151054,  35374,  77556, 153193,  22125,  78073, 126338, 127421,
       119666,  60924,  77529, 131857,  25257,   2016,  44343, 149318,
        45208,   8712,  19147,  85469,  72814,  55648, 150228,  29841,
        24361,  81578, 136035,  19944, 135784,  93280,   2306,  93350,
        24195,  64940,  10934,  20738, 116459,  23312,  34778,  54454,
        70943, 127308, 130220,  23331, 101406, 126997,  76396,  67997,
        73468, 121032,  25249, 108366,  67719, 148687,   8265,  49781,
        55401,  87083, 140090,  55678,  24135,  94527,  12868,  15200,
        59064,  88450, 124930, 135985,  33638, 129791, 134896,  76148,
        65410,  41672,  10429,  14527, 116287, 130688,  41706, 126585,
        30812,  69491,  36727, 118324,  69332,  41794, 101515,  57134,
       126628, 145638,  68721, 123636, 118259, 105274,  61683, 122823,
          410, 133832,  67738,  28455, 108450, 114671, 101276,  10122,
        79055, 114617, 147160,  85721,  51592,  69282,  33191,  39556,
       119529,  34167,  22076, 109187,  28884, 141845,  16994, 146250,
        39334, 122692, 135533, 107950,  28836,   1703,  86914,  47445,
       147790, 149113,  96615,  41148, 141257,  19039,  74262, 120398,
         8232,   1181, 100085, 119062, 123269, 151731,  55152, 100135,
        72018,  70681, 140645, 125356, 122971,  10184,  18039,   8545,
        17659, 129682, 150789, 152569,  31515,  90348, 141365,  98280,
        75356,  67082, 112149,  72006,  44081,  79144, 128122, 120798,
        59800,  21866, 127194,  22202,  83953,  44023,  86201,  78246,
        12115,  45448, 135346,    124, 135851, 121302,  69682,  88549,
         3267,  88344, 141974,  73664,   5614,  96895,  47870, 148264,
       118752, 105108, 142466,  59244,  98492,  86342, 135991, 134298,
        15691,  71154,  22842,  31647,  51591,  42240, 106296,   7879,
       106922,  15253,  58194]), array([110587, 128890,  31396,  82505, 129582, 128497,  30803,  12009,
       103315,  24767,  19979,  99358, 141501,  24399, 102713,  92617,
        47067,  55773, 123175,  84058, 142954, 115284, 129161, 111779,
        37114,  71816,  52995,  51895,   6682,  15616,  96868,  81765,
       117275, 134371,     67,  39997,  38370,  42518, 149774, 116058,
        85207,  70479, 137097,  25181, 136912, 141546, 122422,  47378,
       100588,  58989,  23983,  53552,  11467, 136419, 142924, 106772,
       115929, 100783,  66690, 108154,  89668,  99697,  75748, 132635,
        86048, 121250,  58033, 140978,   2881,   6781,  80104,  12388,
        37926,  97272, 134018,  57062,  79041,   9630, 116131,  58613,
        51286,   7670,  70155, 123227, 111022,  26571,  66336,  46609,
        48311,  39457,  53798, 129242,  92502,  47941,  52265,   2523,
       111994,  93859, 145013,   8471,  18079,  86908,  81316,  14892,
        37507,  41335, 143084, 132091,  68960,  59565,  86475,  70746,
       134138, 145439,  67864, 134143, 115593,  53001,  22827, 115947,
       110467,  13946,  27064, 104941, 103329, 116196, 151953,  39794,
       128846,  40794, 133007,  41683, 118291,  21690,  77610,  46195,
         8794,  58824,  52342, 100235,  15566,  88730, 146353,  91419,
         2436,  72164,  94679, 133165,  81658,  74901,  73081, 106001,
       122968,  93244,  87407,  99983,  65682, 114415, 144923,  64545,
        74619, 146541, 123315,   1441, 131521, 100568, 112055,  37563,
        49261,  39244,  21671, 130489,  78071,  35848, 112820,  60292,
        39717, 122459,  66662, 110691,   2763,  75830, 149304,  13091,
        58685,  90762,  82119, 122604,  22669, 106414, 110378, 121219,
       111408,  70461,  81875, 153543,  25690,  78365, 108792, 111293,
        29898, 144318,  10672,  84617,  33252, 128035, 138459, 117310,
        93927,    932,  15267,  28525, 102024, 130486, 108206,   4535,
        88985,  11030,   9310, 120060,  38211, 141452,  39275, 138901,
       139696,   2057, 118674,  27735,  85286,  12133, 134874,    768,
        97935, 102401,  21111,  81198,  19281, 141256,  76855, 139370,
       146862, 138741,  37455, 130248,  29569, 130346, 127286,  36789,
       151777,  50131,  21729, 105348,   8456,  37420, 147130, 153829,
        98515,  93450,  26866, 117174,  33646,  26855,  63286,  49139,
       130781,  24337,  84819, 100399, 130234, 131616,   6588, 146318,
        36337,  69660, 131753,  76234, 111345,   2401,  34200,  65283,
        37073, 110827, 107084, 103122,  99185, 112146,  26500,  51307,
        36683, 126799,  67042,  87164,   5126,  93479,  54391, 129565,
        14865, 100217,  34575,  20915, 131779,  35452, 140738,  96513,
        58417, 107946,   3402,  57773,  24178, 137231,  24986,  82592,
        46901,  89836,  36176,  93015, 132287, 128480,  56129,  13283,
        13825, 116300, 106921,   2975, 136678,  47755, 149958,  97003,
        72778,  88629,  92466, 121074,  30260,  20337, 130717,  30010,
       141890,  30036,  80285,  55371, 139864,  97280,  70992,  86366,
        20065,   5192,  89304, 150692,  50552,  18778, 151806,  55254,
       103383, 129168, 132084, 147669, 115027,  20975,  94804,  99800,
        96481, 120595,  21284, 115319,  62025,   8090,  90956,   7192,
        79503, 133810, 149279,  36217,  53402,  76545, 103646, 143614,
        18454, 106472,   6567, 115927, 140729, 145891,  41595, 123095,
        86567,  52961,  42198, 116909,  38422,   3572,  67261, 104247,
       129288, 145005,   8624, 112329, 138625,  32890, 123806, 137472,
        58855,   3937, 133903,  95445, 129500, 143232,  57425,  18522,
        24947,   6279,  81549,  99467,  98742, 143387,  15593,  15861,
        61438,  15538, 121064,  37370,  36362,  13338,  53198,  23892,
       120611, 141290,  92017,    486,  69184, 152126, 130578, 101736,
        20854, 123817,  17560,   3952,  97709,  46285,  35479,   4783,
        72470,  97846,  68199,  45118,  22798,  32151, 100786, 134166,
       150782,  55430,  25830, 142499, 104897, 104435,  45663,   6901,
       101610,  63043,  64092,  55793,  14965, 112543,  70182,  24833,
        15308, 127920,   9087,  91610,  47765,  12451, 113084, 146574,
        23536,  45717, 116457,  47422,  86390, 104820,   9400,  79152,
        98123,  77804,  98226,  20464,  62596,   5642,  42616, 139222,
        39616,  71979,  67404,  42248,  65312,  27474,  64681, 104025,
        80770, 101219, 115700,  54977, 112720, 117696, 143171,  38202,
        19348,  21964,  39472,  43753,  77808,  70741, 114603, 103653,
        20646, 107458,  93375, 113764,  88155,  26747,  33749,  38558,
       129961, 118226,  77199, 111201,  86230,  92129,   8800,   3596,
       141704,  26071,  23192, 132814, 145133,  57715, 127601,  40051,
         5656, 142099, 126605,  36901,  29710,  19396,  12605,  80241,
         9244,  16705,  38859]), array([  7832,  76755, 148239,   7009,  29536, 118186,  35964,  85974,
       125461, 151762,  25999,  96983,  97560,   4827, 130256,  22278,
       129783,  54150, 108887,  99214, 124056,  43721, 148203,  48470,
       123773,  64223, 150355, 120294,  54355,  47357,  82790,  52361,
       138745, 124283,  39380,  40653,  82701, 116877,  14539,  13245,
        31183,   2394,  35534, 147822,  99666, 110202,  38530, 114778,
        80432, 101103,  14080, 127108,  77230,  58883, 133014,  65358,
       150040, 151621,  75739,  76904,  43035,  81149,  45675,  44268,
        22949, 106496,  66642,  90862,  62259, 104630, 129386, 145140,
        69045, 116810,  60013, 137913, 102997,  38912,  30750,  43660,
       152949,  74136, 153150,  19675, 146710, 127063,   5733, 102372,
       127959, 141561, 145655,  91044,  86098,  76566,   9855,    621,
       141080,  47667,   4190, 132382, 152680,  18526,  44441,  87563,
        21105, 106653,  42404,  48312, 118682,  46039, 109345, 128612,
        50246,  50888,  77102,  70599,  82181, 149480, 113034,  30341,
        30935,  92014, 126413,  40628,  92473,  34977,  87501,  60848,
       148587,  47345,  26038,  73048,  96526,  15647, 103962,  81295,
        49748, 136501,  17856, 114871,  65327, 115338,  86552, 131287,
       145534,  23058, 110009,  76005,  32004,  16223,  77812, 107480,
        13675,  14581,  26199, 134807,  70787, 139105,  97346,  71302,
         8463, 138617,  60425,  16583,  12897, 150633,  78941, 125583,
       153911,  25275,  74837, 149417,  22444, 106363, 109326,   6152,
         6459,  94134,  93751, 145164,  60855, 138220, 123844,  36077,
        26822,  34570, 146932, 136973,  67486, 128277,   1224, 116160,
       144205, 143054,  92884, 103609, 114162,  86036,  21314, 107395,
       126936, 148903,  91313,  63525, 106603,  54884,  99171, 111318,
       110032, 136923, 118254, 126538,  39356, 139879,  36028,  95505,
       131164,  64955,  72093, 104972, 131677,  98435, 110140,  36401,
       110092, 124461,  95748, 109509, 118174,  11456,  91145, 130208,
        40142, 118723, 124303,  29801, 106888,  96740, 114339, 138763,
        91193, 115268,   9205,  12569, 130954,  40463,  88938, 113906,
        53234,  78517, 138154, 153844,  97284, 125648,  18969,  32868,
        88630, 146435, 125353, 122835,   3669,  77171,    881, 120795,
       110920,  55082,  41046,  39256,  57979,  93009,  83585,  17789,
       127907,  86094,  51038,  66467, 114017,  19562,   4276, 102257,
        15207,  98887, 139596,  67312,  77515, 141625,  48683,  89063,
       151280,  81631, 112961, 139328,  43971,  65331, 144905,   5726,
       147597,  30622,  91478,  85877,  85158,   8628,  67682,  61986,
       137748,   2585,   1721, 123354, 109071,  67207, 127487, 141057,
       134030, 124220,  81063,  49951, 110321,  72719, 124578,  99255,
        37027, 145486,  84659,  77275,  35110, 100954,   9057, 109501,
       102364, 136398,  78347,  97178, 141638,  42508, 147398, 147192,
       112982, 127811, 133389,  39677, 102560, 122082,  25020,  87045,
       134154, 111438, 100375, 153465, 149810, 124151, 131044,  45138,
        65846, 103072,  82051, 123872,  79701, 108545, 109204,  97847,
        96587, 100153, 117587,  45229,  87282, 110414, 129125,  52485,
       132930, 136200,  13485, 143788, 141096, 135592, 104091,  83530,
        35784,  20871,  68602, 101512, 149886, 102661,  23045,  34075,
       109434,  73600, 139694,  46731,   7760, 152206,  47199, 143744,
        30669,  69540,  88706, 114853, 130783, 127797,  45800,  48326,
       121256, 127703,  92548,  21492,  76592,  94783, 106509,  71326,
        78650,  72614,  20685,  66524,   7790,   4042,  45199, 129805,
        86789,  49899,   5563,  22486,  84790,  20126,   4206,  44529,
        45526,  47148,  51833, 124210,  17784,  62005, 100072,  81735,
       130991, 122494,   1611,  81096,  26385, 118358,  15423, 112990,
       131364,   3790,  67469, 109079,  57286,  59789,  84496,   2138,
         8280,  59126,  35033,  55545,  46745,  88640,  61895,  60956,
       129176, 151040, 138180,   1442,  46663, 146711,  42825, 117853,
        73530, 119367,  62193,  64546,  36829, 127533,  26838, 133517,
       110242,  13411,  48116, 135624,  87065,  77762, 140340,  61314,
        57938,  21364,  15637,  64169,  29424,  50950, 121293, 113687,
        72906,  57927, 121127, 106640,  55804,  81516,  58426,  51993,
        53053,  53340,   3759, 108554, 143003,   7889,  61675,  83470,
       111378,  55522,  99189,  33815, 147563,  24846, 145154, 146931,
        54796,     47,    825, 137797,  83024,  61972, 121683, 105648,
        66596,  50494,  18401,  98613,  95651,  91864,  68694,  73494,
       106029, 152687, 105617,  44078,   6568,  49220, 115976,  10047,
       100092,  70376,  12061,  59261,  11115,  94382, 114385,  60864,
       110313,  22290,  70582,  38314,  48701, 116010,  70493,  51099,
        11730,   5842,  59809,  69307, 141894,  26756,  95693,  28962,
        95901,   6286, 126860,  69128,  29144, 139066, 140393, 153780,
        11458,  77530, 122148,  30748,  82059, 124049,  31866,  45432]), array([ 63290,  68909, 101823,  58066,   8924,  60207, 137846,  84048,
       137730,  90249, 110253, 124300, 111826,  25299,  13789, 101506,
       138502,  47837, 151813,  66268, 138503, 100479, 123435, 112014,
        91290,  85530,  31809,   2650, 136180, 107377,  64950,  77312,
        19422, 150920, 134776, 153649,  81419,  14570, 129067,  66306,
        58207,   8304, 133788, 149548,  16008, 133318, 115061, 101030,
       112925,   7031, 120587, 151146, 114305, 129578, 123259, 106657,
       112622, 108520,  25355, 137977,   8434, 144192, 146595, 137614,
        99820,  24089, 113561,  23378,  68494,  98213,  64650,   8668,
       151197,  64878, 106370, 100197, 112043,   2673,  18542, 120454,
        84624,  86064, 139647,  44349,  78256,  37031,  80388, 138955,
        20551,  39470,  62492, 149837, 151716, 120275,  34180,  67186,
        89038,   4822,  33303, 100071,  54838,  47555,  55832, 126911,
       145441, 134932,  57509,  48838,  18867,  34978,  48029,  37045,
       130356,  35401, 136503,  29565,  81623, 110431,  38184, 111335,
        11848, 126941,  58656,  66802, 128637,  34552,  93126, 100180,
       122505,  31837, 149314,  79385, 115529, 113020,   9314,  32640,
        42999, 146163,  43610,  63327,  79752, 130568,  32751, 131421,
        83350, 132159,  94302, 130733,  95223,   6678,   1135,  82416,
        85069,  11728, 123295, 101741, 132305, 113934,  42429, 125684,
       131836, 135159,    685,  82198,  25626,    844,  48367, 107151,
       138765, 123900, 132559,  77463,  95454,  94376,  80801,  39856,
       143317, 116668,  31862,  37293,  91332,  99083,  53854,  11454,
       150463,  52017,   1743,  99567, 143132,  33484,  99190,  65230,
        68590,  58913,  78258,   2534,  90870, 136447,  78060,  76380,
        45360,  41908,  51589, 138601,  54102,  42875, 128582, 122824,
       124248,  74287,  11441, 111016, 153081,  14561,  60418, 108335,
        24406,  45093, 140122, 121344, 133382,  88247,  27471,  41210,
        97619, 107289,  32355, 126698, 152886,  64797, 108769,  88404,
        52729, 148174,  77426,  62943, 103511,  23071,   1151,  78404,
        20398, 133072, 100116,  64460,  64528, 119556, 120078,  35230,
        12145,   3670, 135567,  32744,   9084,  73988,  72899,  44919,
        39009, 121575,  21861,  30661,   1682, 126315,  67209,  61726,
        42051,  58270, 100238, 131204,  59250, 132572,  92361,   7602,
        17911, 144860, 101166, 109500, 102297, 149413,   5060,  44158,
       113235,  48010,  30083,  88428, 146127,  24783,  93959,  33763,
        25946,  65371,  30517,   6786, 147908, 145048, 137608, 120426,
        56156, 106532,  42648, 114301, 124439,  74413,  47170, 113018,
       120072,  67695,  47752,  28211, 149047,   9391,  28433, 151670,
        49134,  29118,  67284,  87196,  58174,  77914,  78861,  39916,
        45248,  64271, 127193,  63145,  73254,  16247,  12782, 137736,
       103137, 102535,   5683,  22804,  91520, 122717,  77659, 142325,
       104838,  19825,  13039, 110593,   1370,  57560,  20118,  41637,
       110236, 124945,  26667,  72926,  18561,  63623, 132047,  37554,
        91342,  76828, 131398, 125691, 107987,  72122,  82621,  69425,
        32771,   8134,   2451, 144445,  58633, 138323,  61195,  40008,
        29600,   2761,   1079, 117998,  27324,  37973,  40851, 153389,
        73707, 118527,  43534,  19220,  63517,  71687,  36179,  64330,
        35119, 132776,  38451, 133201,  53585,  55551,  89273,  23393,
        92031, 142140,  14883,  87513,   5978,  92819,  59429,  50876,
       135482, 115783, 151137,  12733,  80548, 104917,  89491, 133026,
       124186, 128045,  46167,  21902, 152460,  89720, 112588, 124967,
       136852,    920,  33826,  27493,  33436,  79327,  68910,  80965,
       100157,  23494,  23321,  18436, 152731,  75285, 133972,   3172,
       136772, 121608,  35127,  92530,  62294, 101218,  30128, 137877,
        84210, 134218,  87430,  49111,  64956,   6434,  59030,    309,
        58201, 146443,  49026,   4331, 149945,  86035,  42125, 114097,
        33004,  22697,  70625, 105357,  76846,   7877, 151498, 138938,
        15005,  73480,  46483,  26238,  32899,  32587, 141497, 113234,
        93144,  85664,  68147, 100831,  26860,  80818,  77324,  11735,
       113439,   7631, 127878,  20889,    890, 101513, 133214, 123388,
       148680,  53744, 145024,  44724,  18268,   5867,  34390, 139731,
       143381, 148011, 125027,  25220,  56951, 140456,   6907,  49400,
       105718,  96830,  74966, 111103,  52780,  36770,  67048,  47380,
        51046,  91106,  94818,  31268,   6414,  47753,  34279, 101286,
       111643,  84851,   7725, 142374,  44969,  16808,  56391,  24453,
        34174,  50993, 135679, 126409, 111038,  81171,  71164,  39200,
        20979, 145505, 148269,  86862,  82803,  75264,  74267,  19608,
        67022,  28086,  78585, 144165,  45742, 153621,  83746,   4228,
       140556, 132165, 120432, 133362,  88062,   7534,  14151,  84569,
       147798,  54049,  10049,  10596, 103876,  29082, 140599,  55550,
       125266,  81584,  73411,  91633, 151421,  91118, 126946, 127658,
        46406,    540,  87124,  85863, 122527,  35511,  47539,  99266,
       131409, 129745,  81398, 147661, 153804, 108621,  32976,  75947,
          627,  24454,  64281,  53724,  14070,  83082,  22158,  32687,
       132242,  23894,  89629,  26588,  87702,  40767,  51702,  73767,
       113009,  50271, 125229]), array([138053,  37646, 148206,    589,  13188,   6530,  30520, 113302,
       104185, 107037, 107116, 118802,  40734,  24278,  39899, 152512,
         7545,  31470, 125866,  62479,  15184,  83630, 139998,  69591,
       147805, 142689, 153429,  17134,  88818,  54506,  23099,  54962,
       140591,  35252,    271,  31315, 134013, 148716,   3626,   9390,
       133689,  54705, 138980, 125228, 112764,  30738, 137482, 148367,
       153068,  41786,  54258, 111968,  90603,  93704,  61874, 111831,
        19606, 107445,  62318,  42025,  92277,  91545, 117973, 137869,
       132790,  12781, 144311,  54148,  33679,  59899, 110097,  61811,
        40991,  40997, 113967,  70198, 153187,  20357, 115330,  65462,
        74202,   6017,  97169,  93221,  12828, 145119,  16895,  74297,
       153534, 144184, 104169,    511,  29133,  68643, 122778, 102528,
        31038,  82182,  30370, 134682, 116555, 148427, 139834,  61099,
          281,  36250,  26876, 119812,  34675, 109765, 134151, 133919,
       141220, 126975,  55636,  85619,  33875, 107878,  45126, 143067,
        40758, 114566,  52770, 153334, 103693,  41660,  93496, 119544,
        74783,  47236,  89769, 125707,  59867, 120627,  15230, 104373,
       135112, 123289, 123546, 145331, 118542, 127519, 120315,  64903,
        37041,  72348,  36011,  93084,  97945,  19046,  65172, 151279,
        57078, 137001, 148286, 134222,  71049, 123307,  32397,  40400,
       100406,  94523, 153181, 101576,  70060,   9123,   1859, 124060,
        80749,  40438,  63259,  42057,  34455, 126653, 131387,  67037,
        39734, 151673, 125507,  96274,  53188, 139415, 120134,  61086,
       136591,  42269,  16651, 121325, 104519,  27838,  54025,  73215,
        19914, 130259,  89147,  38502,  57989,  72625,  10176,  70767,
       133162, 118911,  88788,  48886, 100148, 120196,  19668,  71632,
       103422, 133063,  14304, 101265,  18622, 121735,  38428, 101709,
        71542,   3079,  94831,  72548,  19286, 152696, 118987, 119533,
        61442,  22900,  85473,  56008, 126101,   1713,  35340, 138628,
       150888,  14896, 101568, 100545, 104910,  57371,  65380,  27103,
       123786, 113370,  75965,  43554, 135170,  31860,  95612,   7380,
       120319,  17358, 112589,  77830,  56974,  44172,    451,  85346,
       107921,  46834,  43612,  24070,   3673,  64061, 139470,   6929,
       112890,   4379,  62248,     44,  64491,  70847,  13786, 108030,
        70301,   3369, 148550,  39389,  15089,  80735,  49333,   3850,
        27155, 135278,   2730, 106265, 147283, 129757,  16296,  67686,
       130126, 150465,  73724,  72459,   3479,  39571,  84882, 124292,
        17726,  97479,  79256,  70413, 136359,  84762,  23489,   8114,
       136044,  59883,  73853, 117398, 129589,  54217,  13307,   6374,
        96010, 145277, 109960, 108957,  10580,  66210,  43702,  59496,
         1885,  87777,  68818, 118866,  30874,  23891,  43193,  14016,
       107664, 125538,  28662,  73982,  42318,  43809,  62874,   9663,
        61232, 111568,  62669, 133655,  11346,  26673,  33792,  29684,
        17530,  85223,  57998,  86597, 124051,  16018, 101783, 142698,
       137941, 123003,  68430,  28585,  69808, 127409,  61764, 113465,
       153760,  25071, 144669, 119280,  92651, 138561,  42994, 134005,
        92423,  78320,  40593,  93178, 102796,  61053, 149646,  84063,
        40363,  51014,  28014,  54080, 126548,  29685,  30131,  13606,
       135178, 151983, 104724,  18493, 132514, 115673,  45059,  29334,
       136130, 107938, 108438,  59291,  74865,  80240,  93140,  25301,
        63154,   4282, 138519, 101572,  35776, 116279,  71251,  71651,
       106896,  73715,  13466,  78149,    249, 117811,  58830,  82449,
        16783,  90488,  14242,  18930, 145593,  56971,  48805,  20859,
        20908, 138479, 112506,  46181,  57046,  70157, 115691,  29826,
        14241,   2099, 128379,  17373, 125398, 133705,   2511,  39866,
         2450,  62766, 124044,  85559,  22814, 112683, 111354, 151827,
        29412,  78261, 125712,  66315,  14552, 151949,  82589,   2635,
        19636,  79684,  13803, 102930, 115948, 128251,  47923, 117458,
       129958, 142740,  11689,  22496,  14119,  60926,  54955,  98500,
         1752, 125412,  16000,  98509,  70388,  26229,  16246,  85662,
        82548,   7720,  70134, 135410,  58553, 129548,  45429,  43009,
        63665, 107053, 152915,  36677, 135902,  73620,  70793,  14001,
          723,  84472,  22589,  35773, 147467,  76114, 121022,  92404,
        46665,  32267, 118977,  69065, 129424, 145686,  16376, 111644,
        82799, 135964, 121429,  21198, 141547,  43092,  25899,   7810,
       146592, 115103,   3587, 104539,  70904, 147789,  43480,  58112,
        18420,  57447, 138385, 109449, 118289,   8651, 118368,  38932,
       110968, 134885, 114577,  91319,  58331,  90672,  40840, 144150,
       117643,  56316, 133031,  61293, 148282,  26600,  49416, 133569,
          454, 150525, 146575,  66579,  13531,  18094,  87116, 100586,
       115893,  20476,  86219, 139260,  22390,  84703,  34047, 119270,
        97995,  52053, 106457,  59352,  75518,  47965,  95727, 139228,
        32320,  70526,  92712, 114268,  92022,  15850,  70487, 109396,
       116161,  60612, 142936, 116676,  60184, 149325,  97500, 113761,
        90142,  20636, 118197,  98011, 136658, 149861,  86242,  41099,
        44553, 114087, 124751, 139010,  90363,  44356,  89125,  83554,
        38224, 103816, 152885,  51781,  98751,  64616, 108513, 102788,
         6165, 122611, 108507, 144770,  61526,  51708,  99373,  44935,
        66951, 107667,  48075,  32328, 118216, 135970,  71765,   2938,
        37138,  78844, 150003]), array([ 55629, 153026,  30727, 110976,  86640,  40233, 114138,  14767,
         3283, 118121,  13590, 122436, 152182, 150089,  66660,   3674,
       149470,   9380, 137474,  77607,  62948,  38776,  43086, 130659,
        24497,  50070,  54646,  92831,  83387, 102522, 126395,  95721,
        90292,  62914,  44507, 131987,  28357,  86262,  86680,  19978,
        37026,   6086, 129947,  33127, 124005,  66462, 123798,  94013,
       100506, 128675, 127735,  46653,  11294, 105493,  65084,   6696,
        34512,  69840, 126404,  95151, 102011, 116771,  13755, 115251,
        19965, 110417, 129452,  86815, 141498,  97046,  47900, 148655,
       120784,  52190,  57936,  74465,  35160,  41918, 108331,  68273,
        70073,  63179,  55120,  11195, 123292, 132694,  44425, 104631,
       127800,  53413,  72075, 131488, 149077,  67489,  72388,  30432,
        76729, 137723,   6959, 129153,  98392,  16930, 117023,  55020,
        83414,  16676,  41730,  79264,  77501, 108483, 123684,   9887,
       146613, 110182, 107174, 111714,  18842,  24637,  44225,  80332,
        38748,  74858,  61868, 133475,  10255, 141369, 143990,  65802,
        12567, 112566,  83292,  63157, 149112, 117035, 107422,  68446,
        26988,  38555,   7716,  45176,  16805, 126503,  41947, 152333,
       129710, 119065, 124562, 132978,  12100,  89378,  40298,  30885,
        58696,  11819, 144964, 150244, 149038, 141385,   6835,  89786,
        99042,  11570, 149055, 129551,   3507,  88617, 101048, 109039,
        88543,  18206,  19304, 139159,  88930,  98114, 148410, 119781,
       142998,  96833,  14139,  34722,  59823, 118239,  35574,  50098,
       131068,  93535,  40881,  10362,  45880,  17634,  34634,  13408,
       137606, 137223,   7486,  17402, 109943, 104871,  18492, 113873,
        19459,  96398,  68521, 134513,  78769, 126335,  52069, 147922,
        64992,  55348,  42381,  43152,  47085, 106585, 128712, 122335,
        55335, 116644,  52168,  76273, 109785,  49256,  63485,  38881,
        94352, 107403,  33193, 118673, 144550,  34374,  47605,  37369,
       141008,  12286,   4108, 126739, 116356,  43416,  13351, 138438,
       151065,  54869,  74745,  54811,  88371,  21944, 147997,  86905,
        24344,  38397, 121712,  79631, 113153, 106375,  86963,  63824,
        14875, 140234,   3585,  70027, 122480, 100011,  65559,  39600,
        20565,  57691, 101911,  22818, 148272,  38593,  36483,  94509,
        94325,  67272,  43495,  75000,  24827,  98578,  32721,  55990,
        15495,  42511, 102215, 131801,  29716, 111880,  36045,  44209,
        11383,  19775,  65049,  25974,  11344,  63181,  29518,  53732,
       130005,  16052, 135609, 147406, 130057,  30480,  34498,  94916,
       136288,  53668, 131367,  64686,  15552,  61889, 118094, 145604,
       137617,  52505,  96973,  86752,  65900,  46423,   7555,  40923,
        28282, 127000,  98544, 124294,  72389,  16348, 103736,  29092,
        46206, 134647,  71710,  75024,  98910,   5350, 130628, 124933,
        40541, 118959,  81334,  30451,  68380, 111859,  44361,  87840,
        13518, 124158, 123225, 106631,  69281,  70531,  82777,  11409,
       146803,  98067, 139877,  76086, 134838, 105802,  42092, 142151,
        86448,  76142,  10499, 108680, 126725,    411,  14061, 140663,
        79513, 151230, 105618, 105605, 115531, 144483, 123141, 145529,
        76440,  12502, 108710,   3123,  17481,   9336,  94808,   4550,
        97265,  50471, 135723,  29543,  98112,  33641,  96093,  93602,
       112782, 110267, 145540, 136170,  61149,  50533,  93869,  95519,
       146101, 143670,  56097, 119334,  82926,  56680,  80441, 136233,
       140582,  54426,   6481, 129295,  18642, 144411,  25152,  51835,
        62396,  29550,  69049, 102708,  37070, 151748,  34407, 141055,
        50519,  16212, 132021,  69433,  37585,  99957,  98699,  39042,
        72696,  16384, 110721,  63536,  90751, 124429,  19993,  16700,
       112430,   9522, 134461,  76231,  58001, 151902,  85668,  36701,
        77802,  16950,  79947,  79596,  11274, 103047, 130092,  39534,
        58100,  63337, 109696, 107439,  34829, 128780,   6080,  63848,
        53980,  65857,  79643, 117556,  84236,  46931,  72317,  60034,
        74342,  82003,  40859, 105709,  72359,  46126,  86522, 102516,
        87336,  21084,  83855,  80197,  31505, 145754,  79249, 136523,
        70169, 151990,  48554, 135461, 111470, 137631,  52540,   8832,
        46857,  51982,  87441, 115116,  17363,   5100, 135815, 116314,
        92287, 122222,  46454,  40266,  98296, 130923, 142124,  83188,
        99269, 149802, 138197,  92716, 135354,  75874,  72264,  84901,
        99317,  78901,  68352,  67998, 124174, 143653, 109262,   6440,
        26210, 143434,  57384,  57253,  52339,  37032, 117680,  23723,
        74654,  77750,  19185,  52443, 119551, 122279, 137177,  82752,
       140749, 100435, 118414,  88687, 118041,  63176,  48447, 105443,
        23534, 113464,  37651, 148059, 132715, 138551,  26326,  68586,
       148676,  64732,  83160,  56464,  10210,  78829,  97525,   8068,
        33167,  99365,  47939,   6078,  55595,  33540,  31442,  74558,
       138563, 133219,  82730,  47046,  13626,  52286,  30101,  54421,
        22657,  93730,  19216,  61490,   9202,  65498,  56544, 115949,
       149156,  13080,  68163,   3011,  19888,  34055,  41002,  91950,
        83433,  95847,  71742,  29649,  38643,  16528, 116210,   1154,
        36578, 141516,   9419,  79520, 124858,  53680,  58648, 119991,
        53186, 101785,  32676, 130154,  49772,  79273,  36328,  86632,
        54925,  34907,  24426,  51693,  45568,  12373, 123405,  37969,
       117020,  50370,  65336,  99792, 144593, 150039,  39537,  71492,
        47306,  94440,  15698,   9327, 119828, 123011,  62457,  75081,
        50169,  71505,  40684,  81603,  21653,  93914, 145429, 127876,
        73010,  52803, 131704, 153752, 114128, 107143, 150440,  57185,
       139753,  69742,   9866,  36273,  92355, 120564, 119923,  15898,
        35981, 110978,  56954, 137981,   1906,  54783,  64539,  18982,
        16999,  31317, 130727]), array([ 37299,  36102, 129394,  43203,   9463, 134417, 130796,  28121,
       122757,  48324,  18661,  30369,  82815,  50330,   2074, 105022,
        76979,  96303,  67599,   5190,  87903, 130024, 145994, 139741,
         9167, 130389,  84379,  16850, 131376, 107287,  67494,  61423,
       120023,  62896,  31358,  98802,  31584,  91904,  46902, 144676,
       129966,    944, 147926, 105702, 146245,  53773,  66926,  28104,
         9207,  15286, 122092, 138255, 150976, 127644,  15058, 146196,
        75605, 137164,  79578,  31612, 140566,  81689, 131606,  75093,
        84028, 119382, 118864,  39852, 134499, 152096,  99834,  91203,
        63890,  96569,  12803, 146573, 148357,   2091,  87273, 109046,
         6971,    348,   9367, 150617, 106770,  53764, 127261,   7215,
        90391,  44807,  32858,  52340,  34929,  22114,  75514,  87737,
       137637,  81904,  20007,  65812, 151144, 146208,  60213, 142117,
       136124, 108265,   6906,  63653,  53695,  87525,  28371,  64876,
        51986,  88772,  90335,  16408, 131541,  25397, 153284,  32312,
       104198, 139148,  48952,  35423,  10300,  69990,  61539,  44111,
        94011,  91510,  31494,  19582, 149158,  46014, 153412,  56124,
        67729,  29961, 132836,  27750,  17910, 138548, 111804,  77331,
         5148, 117152,   4835, 138365, 151205,  61536, 107886,  60344,
        19015,  73210, 118871, 136154,  21374,  91063,  43331,  65387,
        31048,  11825,  25243,  50976,  27718,  68277,  56007, 146003,
        27711, 110221,  71413, 123275, 109857,  16546,  41625,    353,
        27351, 119841,  65969, 137695,  92791,  18774, 100126, 106953,
       121261, 139266, 106757,  49611,  73156,   4603, 126647, 100974,
       148920,  17356,   3561,  88613,   8640, 102841,  59407,  69789,
       134048, 144827, 132812, 138258,  69174, 150949,  42758,   4744,
         8659,   5426,  96829,  99930, 110003,  92077,  52583, 109059,
        66331,  59779,  76033, 122928, 150494,  27578, 132114, 118535,
        12483,   9259, 122052,  83223,  90860,  30502,  22784,  87523,
        93564,  23757,  10945,  42277,  28360,  81492,  12657,  75684,
       150852,  10997,  49314,  74813,  85720, 119696,  99663,  36212,
        33416, 149390,  85909,  83902,  48346, 136624, 137582, 132664,
        32236,  53155,  97041, 139380,  24023,  73161,  66024, 117979,
        78385,  43135,  41291,  30701, 150685,  78399, 121196, 122129,
       111953,  68138, 130400, 104009, 114267,  43036,  79272,  66091,
       136698, 125998,   9645,  71021, 112010,  40863, 117438,  62162,
        36277,  48067,  50358,  83028,  10245,  89241,  32564,  32209,
        16652, 132954,  34974, 127118,  69364,  32716,  33264,   3154,
        31252,  78152, 152451, 149517,  72765,  10155,  13751,  45185,
       139876,  29803,  81907,  20371, 119848,  50021, 143338, 122425,
          630,  56106,  18024, 141847, 128273, 120304,  37276,  30859,
          830, 129709,  20629, 108787, 123859,    951,  94172,  32102,
        38723, 148816,  80381,  67078,  33043,   8541,  92173, 123296,
       108119,  35264, 131001,  30199,  84442,  68125,  71595,  12415,
       113066, 135655,  67019, 133931,  79880, 115151,  83366, 118132,
       117639,  28872,  40122,  55918,  69560,  41423,  66480, 131564,
        20793, 134571, 135332, 126307, 122126,  59122,  55287,  11879,
        98998,  36119,  19287,  74401, 119685, 132494, 127282,  48242,
        17034,  44377, 123614,  11925,  66992, 111142,  35797,  44146,
        82472, 108227,   4480, 125051,  67353, 131433, 149829, 119493,
       132775,  15043,  48335, 141631, 108277,  36023,  59737,  48962,
        55267, 139541, 136059, 127944,  99762, 146155,  96808,  35154,
        76481,  64852,  12387, 129724,  97383,   6404,  47510, 150555,
        93055,  18638,  83536, 116438,  20312, 130708,   7058, 122570,
       121786,   3116,  27921, 101975,  13201,  12846,  27102, 122439,
        58455, 120614, 150610, 121107,  47621,  42027,  85589, 122516,
       114022,  69261,  46599,  73924, 152738,  89819, 145405,  13655,
         5759,  39703, 101861, 122395,  49462, 101302,  90704, 138567,
        83930, 108815,  26941,  61848, 150521,  94991, 126848,  56587,
        58861,  71972, 148796, 136138,   7060, 148670,  24477,  20887,
       153325, 125483, 124093, 117206,  75164, 150895,  33898, 121126,
        21251,  12592,  62275,  64096,  64409, 139803, 148653,  11095,
         3263, 148029, 135554,  40403,  76359, 111936, 125589,  41583,
        22511,  78895,  60711,  18763,  54369,  70227, 105807,  72048,
       145099, 146602, 152771, 150530, 140357, 117910, 144729, 128327,
       130525, 106340,  24521,  63319,  42073, 122147,  48057,  69477,
       146170,  95686,  78123,  70742, 104875, 148544,  15967,  80479,
        30694,  81981, 132096,  76683, 130615, 134420, 150884, 147785,
       113092, 106918, 144719,  71499, 139373, 130773, 107221, 113223,
       105749,   7141,  85529,  41991,  93177,  36542,  62936, 114608,
       113407,  41752, 122205,  26265, 105234,  56101, 112708,  37326,
         3246,  43769,  20069, 148832, 142298, 127002,  48632,  48299,
        74643, 137513,  86990, 133009,  45695, 143009, 142778,  91481,
       121309,  50237,  65082,   5663, 121221,    816, 105420,  66682,
       151797,  21430, 104148, 139030,  81576,  75208,  15080,  84572,
       121913,    904,  27668, 143194,   3697,  25580, 138076,  79644,
       134113,    447, 146287,  67198,  81282,  60090,  97880,  79995,
        60869, 109514, 124779,   6262,   5874, 101216,  36786,  56179,
        61349,  11782, 145943, 152118,  61446,  61617, 110965, 135136,
       119931,  69446,  32440,  48412,  93267,  48377, 134674,  27397,
        67435, 103684, 140271,  83275,  82849,  64557, 115282, 131360,
        61150, 104533,  97343, 149000, 102422, 108499,  32317,  70347,
        48451, 127999,  58629,    623, 140683, 115048,  51350,  15342,
        62875,  94980,  91235,   4803, 119528, 106685, 151319,  67878,
        65801, 153683,  24863,  90557, 140711, 151003,  51302, 137454,
        39756, 120387, 129118, 133309,  30368, 130247, 140836,  64961,
       137283,  25075, 152956, 129866,  38256,  17992, 101772, 146251,
       142651,  67379,  15599, 112311, 120954,  82067, 127814, 122433,
         9809, 153881,  68780, 141803,  10161,  44420,  22745,   4767,
       132640,  81546,  14003, 144410, 129101,  44408, 143435,  54173,
        27389,  43891,  50948,  81586, 150470,  77416, 146985, 140066,
        99155,  28660, 135473, 146338, 149266, 106416,  76837, 148515,
        92050,  40973,  20228,  93143,  53136,  15011,  48747,  41708,
       133835, 151272,   8357, 118153,  15669, 148575,  92859,  89889,
        12120, 124593,  49531, 107953,  59492, 122410,  69865, 144612,
       131815,  26343,   7150,  78230,  53538,  70846,  19135,  90221,
       130950,  21071,  66692,  96327,  17806,  94207, 129807, 138918,
       112365,  63342,  73709,  99672,  84188,  77637,  63501, 122920,
        90478, 130327, 146991,  27322,  52090,  32221, 152708, 129612,
       122298, 144418]), array([57710, 31713,  7211, ..., 99325, 35204, 29180])]
shape of feat_train: (11544, 602)
Mean accuracy: [0.8968410019156396, 0.00329421493262245]
