Namespace(dataset='reddit', dropout=0, epochs=400, gpu_id=0, hidden=256, inductive=1, keep_ratio=1.0, lr=0.01, method='kcenter', mlp=0, nlayers=2, normalize_features=True, reduction_rate=0.01, save=True, seed=1, weight_decay=0.0)
size of adj_train: (153932, 153932)
#edges in adj_train: 10753238.0
Test set results: loss= 0.4898 accuracy= 0.9398
idx_selected :  [array([ 13694, 145784]), array([ 97335,  98628, 136925,   1771,  90474,  41998, 139578]), array([ 67316,  28828,  35594,  53645, 153735,  56670,  32777,  83885,
        97922, 128054]), array([ 94720, 135926, 101592,  39156,  84862,   1518,  37840,  87225,
       146664,  35125,  64414]), array([123541,  29314,   9803,  85208, 131327,  38269,  40787, 124868,
        63022,  78867,  33419]), array([ 82638, 106042, 134865, 151710,   9010,  38791, 123879,  45281,
       147397, 136650,  83191]), array([ 38313, 151991, 142049,  95506,  53927, 123587,  44774,  68787,
        87816,  20066, 110815,  87132,  51534, 135352]), array([132163, 135307,  16096,  38447, 129285,  54850,   2275,   5753,
       153018,  56519,  54349, 142869,  99756,  95947]), array([ 78624,  60849,  49329, 124152, 117592, 136607,  89580,  54845,
        27342, 153409,  43890,  71200,   1892,  60943,  97693]), array([110337, 132598,  41678, 119424, 116123, 112637, 123268,  80848,
        37838, 150619,  20283,  37725, 141701, 103673,  65983, 138277]), array([ 56748,  79580, 111127, 136178,  82632, 147559, 121960,  86338,
        66344, 132428,  78825, 128537,  21385,  40933,  86147, 153645,
        45732,  33542]), array([118869,  29707, 107826,  40262,  76880,  53054, 107252,  52958,
         7651, 126289,  27328,  35469,  36574,  44763,  28681,  41452,
       135950,  47240]), array([ 98249,  60884, 112357,  96145,  32300,  58498, 106884, 103309,
        17195,   3881,  28287,  49201,  30528, 107676, 145207,  31430,
        12045, 114711, 150358, 137972]), array([ 74183, 145004, 118377,  11002,  29993, 121446,  53046,  55432,
        95393,  10978,  87006, 114788, 113085,  50347,  89628, 148394,
       129048,   2260,  69630, 146497,  60573]), array([  8560,  81379, 101400,  86372,  19730,  79411,  12509, 123433,
       121153,  37882,  62499,  27706,  52722,  44475, 112381,  72363,
        87016,  56077,  64925, 100411,  20285, 141522]), array([ 25595,  90933,  75217,  59563,   5242, 151376,  32402,  41259,
        91916, 149663, 134743, 140799, 106853, 150743, 138184,   3399,
       141441, 118346, 147904,  99616,   5806, 123584]), array([135092, 150586,  14068,  53171, 127598,  10069,  24957, 131945,
        48776, 150497, 133395, 139961, 128909, 129458,  95456, 101488,
       129465,  77201, 138805,   6047,  44717,  50949,   9273]), array([114075, 132008,  87159,  49577,  14206,  93298,  64906,  92600,
       136572,  48017, 144590,   4612, 125048,  90763,  81017,   4619,
       138212,  68768,  60461,  80637,  89503,  63938,  76182]), array([ 58287, 101879,   2932,  63085, 122251,   3005, 139910,  99483,
        86368,  49621,  62178, 106905,  62798,  33088,  69359,  26722,
        26464,  45174, 129097,   7138, 120251,  21893, 116969,  51010,
       135033, 116091, 112194,  23931]), array([  1246,  19904, 120272,   3429,  61508,  66895,  91583,   9337,
       132832,  98964,  40397, 129140,  68403, 134412, 117090,  89971,
        27501,  77524, 138545,  67514,  59157, 145051, 131703,  83055,
       132829,  98290,  49213,  75685]), array([131943, 140788,  23206, 129051, 121685,  18728,  86452, 106957,
       149951,  67458, 142992, 127516, 137340,   9539,  81832,  86284,
        75814, 125053, 121218, 127993, 114810, 143509,   5940, 139364,
        19748, 147139,  89504,  14392]), array([ 22128, 123480, 121977,  98753, 145463,  76981,  82195,  26172,
       153466, 129413, 143842, 104363, 123073,  89856,  26453,  46749,
        81984, 120109,  67828, 130195,  13278, 126319, 131112,  36818,
       145520, 118790,  63490, 121867]), array([145640, 122200,  80845,   5919,  80810,  95266,  19821,  45891,
        92663, 101304,   6010, 122876,  57329,  77423, 122294, 115513,
         5871, 114448,  86394,  53490,  37996,  25871, 142299,  80392,
        18047, 150008,  50795,  10277]), array([ 24760,  62738,   8058,  29692, 100026, 109223, 149005,  32019,
       126976,  54484,  75659, 126979,  32144, 151292, 119425,  84737,
        17202,  49791,   1513,   7632,  69439, 146675,  55473,  73960,
        72511, 150272, 109938,  86697]), array([132513,  24160, 139145,  76515,  57599,   3321,  35851, 133054,
        52905,  50953,  69694, 109910, 142448, 113207,  76492,  59452,
        13032,  83687, 112239,  98409,  83727, 141078, 139226,  61181,
          957,  27145,  98325,  72493,  27396,  84861,  89994]), array([  9298,  53371, 129749,  18747,  91676,  68395,  58228, 153513,
       152398,  34401, 121008, 137419, 115224,  37873, 118975, 147772,
         5008,  59472,  74059,  40953, 127833,  68343, 133647,  43800,
       126672,  54262, 114688,  65262,  48101,  34213, 145234, 126995]), array([ 62477,  69310, 124143,  78210,  68831,  40962,  90379,  33052,
        14363,  57298, 105453,  52379, 135805,  58275,  45792, 105174,
       100995,   3006,  34229, 117971,  70280, 119713,   7540, 142771,
       106322,  22230,  14383, 124491, 108178,  16182, 102295, 147630]), array([102016,  28089,  38537,  36005,  21494,  48445,  73470, 116808,
       113444,  33908, 106397,  91177,  40426,  80173,   9729,  78476,
        70892,  12994,  30934,  87241, 144748, 133126, 110689, 137357,
        96207, 144315,  85580,  52633, 133841,  51355,  32981,  75985,
       116497]), array([139760,  68076,  98668,  53205,  24188, 134972,  66269, 133781,
       149212, 109422, 149671,  67218, 131758, 130312, 152093,  27582,
        14172,  90675,  37020, 107761,  22563,  67257, 102021,  63303,
       124512,  51405, 120953,  76804,  39831,  44775, 138062,  43855,
       112435]), array([ 79088,  40912,   8077, 128332,  89669,  45216,  14662,  74284,
        66404,  41398,  75632, 152957,  67047,  13611,  78864, 102791,
         4965,  55881,  70276,  73132,  87198,  28976,  82031,  33940,
        57972,  49672,    424,  40605,  98178,  58787,  84331,  83375,
       135577]), array([ 82755,  33517,  69295,  49339,  63907,  67109,  15846,  80013,
       151133,  94495,  75446,  61246, 117670,  99013,  59402, 108605,
       139827,  59921,  26799, 112975,   7144, 109612,  98306, 111303,
       100671,  21957,  31218, 145531, 118567,  80684,  86046,  53286,
        53143, 114605,  68085,  77149,  26305,  56760]), array([111405,  53191,  64592,  40004,  11356,  58326, 153164,  28469,
       115324,  35803,  23106, 100604, 102048,  85565,  11445,  28789,
        89845,  48217,  51645, 117614,    218,  29250,  52624, 141453,
       143952, 146914, 130709,  77270, 118838,   6049, 143761,  78805,
       128941, 125906,  64875,  29745,  79918,  93281,  85801,  57503]), array([  2105,  48719, 129305, 113222, 133905,  54076, 150211,  10228,
       153847,  89292, 151598,  67645, 129225,  11901,  44873,  18963,
        82056, 133222,   8448,  43159, 111754, 127306,  18426, 129038,
       121495,  57369,  40543, 152401,  58570,  27607,  86238, 105052,
         5016,  92612, 120330, 121002,  32227, 117953,  24981, 126588,
       146161,  72621,  48259, 110669,  38991,  85727, 128578,  27353,
        23725,  66240,  80133, 134847,  52132,  58667]), array([ 16910,  99508, 129795,  84680, 153217,  91453,  19877,  78680,
        75574, 127421,  62344,  70592,  81495,  28837,  93766,  38768,
        65245,  96190,   8649, 153121,  64129,  43852,  62430,  78822,
        56803,  34170,  87103,  73739,  34671, 132609, 103340,  43834,
        91913,  68170,  59466,  43553,  54454,   6326,  43145, 140460,
       153058,  24377,  58250,  64261, 136215, 145771, 139277,  67884,
       120556, 104333, 118764,  26415,  76096,  37463,  45745,  33263,
        84745,  43896, 139748, 128200,  25651,  78906, 109367,  16940,
        91970,  17513,  52331,  36769,  44382,  94563]), array([136391, 128890,  19979,  47067, 129582,  30803, 102713,  12009,
       128497,  31396,  92617,  55773, 141501,  99358,  24767, 103315,
        82505,  81765, 142954,  24399, 123175,  37114, 149774,  89668,
         6682,  51895, 111779, 129161,  38370, 115284,     67,  15616,
        52995, 122422,  96868, 116058,  71816,  58033,  12388,  85207,
        25181,  39997,  42518, 115929, 106772,  70479, 137097, 100588,
       136419,  86048,  53552,  92502, 117275,  11467,  41335, 140978,
        75748,  66690, 141546,  58989, 132635,  84058,  99697, 116131,
       108154, 136912, 142924, 134371,  58613,  47378,   6781, 123227]), array([148370,  76755, 148239,   7009, 108887, 151762,  35964,  29536,
        43035,  97560,   4827, 124056,  85974, 118186, 130256, 125461,
        25999, 148203, 129783,  64223,  54150,  43721, 123773,   2394,
        81149,  52361,  82790, 114778,  99214,  45675, 138745,  14080,
       120294,  54355,  82701,  40653,  14539,  39380, 150355,  77230,
        22278, 110202, 116877,  35534,  80432, 150040, 147822,  22949,
       127108, 124283,  48470,  38530,  13245, 133014,  44268,  31183,
        75739,  58883,  96983,  47357, 101103,  76904,  65358, 116810,
        99666, 151621,   4042,  66642, 152680, 103922, 145140,  77514,
       102997,  91044, 129386, 104630]), array([100794,  68909, 137730,  84048,  66306,  90249, 137846,  58066,
       124300,  13789,  25299, 100479,  47837,   2650,  25355, 110253,
        19422,  60207, 151813, 101823,   8304,  64950, 107377, 101506,
       153649, 138502, 115061,  31809,  84624,  64650,  85530,  66268,
       134776,  79385, 111826,   8924, 150920, 129067, 111335,  14570,
       114305,  18542, 108520, 123259, 112014, 100180, 137614, 133788,
        55832, 129578,  33303, 120454,  99820,  34180, 120587,  23378,
       151197,   8434,  29565, 106370,  39470, 101030,  81419, 149548,
        35401, 123435, 106657,  62492, 100197,   7031,  34552,  47555,
       149837,   8668,  98213, 100071,  91332,  80388, 112622,  91290,
       137977]), array([138053,  37646, 113302,  31315,  13188, 148206,  30520,    589,
       125228,   7545,  39899, 139998, 104185, 142689, 107116,  15184,
        62479, 117973,  61402,  31470,  22900,  24278,  54705,  88818,
       152512, 148716, 153429,  35252,  62318,  23099,  83630,  69591,
        41786, 134013, 133689,  40734, 137869,   3626,  54962,  90603,
        16895, 136044,  92277, 125866,  54506,  93704,  93221,    271,
       144184, 148367, 138980,  33679, 137482,  61874,  97169, 112764,
       107037, 153068,  59899,  91545,  54148, 147805, 132790, 110097,
        31038,  12828,  54258,  19606,  40997,  71049,   9390,  34675,
        17134, 144311, 118581,  40991,  30738,  70198, 102528, 111968,
        12781,  65462, 107445, 153534]), array([ 55629, 153026,  14767,  40233,  38776,  86640,  30727,   3674,
        77607,  13590,  90292,  54646, 152182, 118121, 110976, 114138,
       131987,   3283, 126395, 122436,   9380, 141385,  62948,  66660,
        43086, 109943,  65084,  92831,  83387,  50070,  79264,  28357,
        24497,  86680, 102522,  37026, 129947,   6086,  62914, 123798,
        85570,  34512,  46653, 149470, 102011,  33127, 100506, 137474,
       105493,  19978,  44507,  34634, 128675,  95151, 130659,  94013,
        66462, 126404,  11294,  13755,  47900,  30432, 115251,  75125,
       129452, 117023, 141498,  74465,   6696,  35160,  52190,  19965,
         9202,  41918, 108331, 137515,  69840, 132694,  98392,  70073,
       116771,  63824,  36045,  11195,  76142,  53413,  68273,  73010,
        44225,  97046,  89786]), array([139482,  36102,   9463,  53215,  43203,   9167, 101002,  98802,
       134417, 130796, 122757,  50330, 130024,  82815,  18661, 139741,
        87903,  67599,  84379, 118871,   2074, 119444,  30369,  96107,
       145994,   3888, 118864,  61423,  91904,  16850,  51158, 130389,
        63890,  28121,  34929,  62896, 131527,  79578,   9809,   9207,
        15599,  99930,  66926, 129966, 124529, 131606, 105702, 127814,
         4835,  31494,  49462,  41625,  28814, 121124,  96829, 127644,
       122395,  91203, 146208, 150976,  81689, 146196,   6971,  11825,
        46902, 134499,  56124,  51986, 152096,  64876,   7215,  20007,
        42073,    348,  64959,  48324,  27718, 106770,  86573,  99834,
        26265, 106953, 151144, 132836,   5426,  67729,  41935,   9367,
       139380,  25397,  97041,  28371, 117639,  77317, 130400,  81576,
       126647,  50976,  69990,  35422, 131564,  31048, 120732,  65387,
        53695]), array([119768,  31713, 138042,  33502, 127049,  84473, 127958, 153125,
        15933,   7211, 137629,  39049,  30678,  36932,  37668, 110536,
        20632,  66679,  66880,  85540,  21160, 140212, 108532,  32165,
       119315,  66788,  45370, 144785, 144897,  20578,  42151,  88971,
        18583, 129616, 125217, 106865, 128001,   6338,  47653, 140990,
         1554, 147112, 115520,  14779,  54335, 151668,  71655,  79087,
        26579,  99638,  82593,  54695,  97214,  59465,  36406, 151350,
        49116, 108600, 111011, 127294, 128826, 117622, 111418,  95084,
       124161,  26103, 127793, 112053, 131519,  41112, 137413,  87760,
       117773,  71090, 116283,  72613,  33274,  53797, 131305,  86566,
       124221,  73919,  20036,  88354,  63333, 101254, 105186,  26954,
        55542,  75375, 147715,  25790,  50924, 121257, 151935,   1231,
        91016,  51032, 149852, 151501,  52293,  27484,  85524,  41899,
        63404,  67812,  81248,  12275, 148253,  69087,  63408,  14765,
       118134, 132404,  11944,  63851,  63916,   8299, 106505,  92748,
        71478, 103648, 135821, 109409, 140813,  55858, 102624, 135761,
        13470,  71383, 126489, 104845,   4925,  32294,  15775, 147522,
        97420,  11852, 127038,  16857,  70449, 122198,  97002, 119423,
       102229, 126115,  35335,  48504, 137749, 148323,  28240,  17200,
       101817,  76294,  81669, 124109,  86119, 100537,  77467,  99028,
       138768, 139483,  45808,  50025,  70837,  89608, 148859,  22043,
       141065, 129106,  33070,  42102,  89100,  49880,  39233,  32702,
        13251,  91541,  59948,  32191,   1176,   1665, 104361,  75501,
        48473,  79170,  87474,   4691])]
shape of feat_train: (1539, 602)
Mean accuracy: [0.7503198756641486, 0.010282026538039335]
