Namespace(dataset='flickr', dropout=0.0, epochs=400, gpu_id=0, hidden=256, inductive=1, keep_ratio=1.0, lr=0.01, method='kcenter', mlp=0, nlayers=2, normalize_features=True, reduction_rate=0.01, save=True, seed=85, weight_decay=0.005)
size of adj_train: (44625, 44625)
#edges in adj_train: 218140
Test set results: loss= 1.5489 accuracy= 0.4692
idx_selected :  [array([20803, 20890,  8546, 29916, 43717, 23333, 14164, 12001, 10925,
       21821, 31330, 36617,  2474, 17133, 38850, 12221, 19153]), array([23596,  2982, 35160, 24663, 29426, 13930, 44441, 39885, 29848,
       24749,  6023, 13910, 33536, 41041,  6275, 35365, 40209, 38720,
       14596, 41057, 22161,  1494, 10782,   190]), array([10631, 29542, 40441,  2675, 10400,  6298, 38847, 39213,   894,
       12809, 20990, 40973,  3375, 31037, 27061, 30665, 42063,  5254,
       19268, 35065, 15997, 35757, 39860, 32204,  6795, 28436]), array([34029, 19760, 42206, 27633, 19094, 34896, 39041, 41660, 20572,
        4386, 13791, 11995, 14444, 14871, 26252, 13064, 38602,  8395,
       31125, 17722, 22059,  2381, 33588, 35162, 38616, 12882, 11508,
        4906,  1137, 37883, 20230]), array([43567, 27957, 43519, 15289, 32924, 40001, 37675, 21715, 39519,
       33255, 29329, 24640, 42044, 36157,  6783, 37100, 27357, 17529,
        7753, 11104,  8017, 40898, 42152,    62, 37932,  6931, 29125,
       38570, 19008,  7072, 42617, 22748, 32889, 32171, 28418,  4641,
       29072,  4969, 19518, 16387, 11089, 32076, 29143]), array([18025, 17983, 11338, 31326,  3370, 41119, 16139, 24469,   116,
       13425, 21176, 19671, 22583, 12557, 11308, 40140,  7893, 16995,
       39686, 11119, 19077, 27005,  4129,  2728, 19039, 32370,    18,
       33566, 32614, 35707,  8108, 18809, 32007, 14360, 20783,  3757,
       20495, 25005, 32229,  1302, 33201, 41725, 32505, 36488, 36316,
       26794, 36977, 40115,  2677, 16580, 41193,   168, 42688, 29599,
        2704, 37121, 12400,  3801, 23202, 16213, 36068, 16933,  6906,
       13946,   889, 30006,  2856, 29894, 28521, 22043, 30269, 20978,
       10245,  5712, 25618, 44067, 31203, 41674,  5984, 10090, 14033,
       40877, 21919,  1029, 40417, 30809, 16048, 32154, 13689, 11348,
       32850,  4940, 31779,   330, 20840, 39326, 34874,  4519, 42897,
        4130,  3997,  8112, 13591, 34473, 26088, 13971, 13871, 14206,
       31175, 40776, 32988, 43278, 16281,  8687, 32145]), array([19139, 23279,  2069, 27918, 37339, 11607, 17249, 30219, 38206,
       19492, 17390, 33988, 25982,  1083, 19579,  2905, 13761, 16878,
        7159, 21663, 36312, 16285, 41942, 27108, 33826, 20518, 42931,
        8486, 18866,  4019, 26149, 14463, 28286,  4718, 22670, 44623,
       31267, 14195, 11541, 35998, 31274,  2820, 27457, 20022, 18018,
       16581, 24448, 15260, 22619, 17000, 12148, 33630, 22280, 17370,
       12445, 13681, 43821, 34933, 32417, 37537, 42930, 32028, 27555,
       18086, 39046, 40152, 13649, 17157, 20364,  7045, 37773, 41658,
        9136, 24418,  5318, 38941, 27938, 43783, 17059, 15284, 10570,
       30727, 43830, 27756, 42426,  3715, 27616, 25111, 19194,  6890,
       10070, 24078, 16396,   479, 10858, 24299, 35218, 37595, 25480,
       16054,  2350, 18743, 12725, 40462, 11289, 31133, 22717, 22176,
       17729, 42314,  6495, 30888, 29747,  8269,  7528, 27923, 23826,
       24693, 10639, 11821, 21321,  5722, 41063, 13313, 12955, 41341,
        1930,   256, 32547,  1420, 25769, 30930, 36513, 16964,  9876,
        1974, 29033, 32633, 36782, 31352,  9041, 30970, 22426, 20531,
       43623, 22735, 34508,  6339, 24335, 31836, 15658, 19968, 29486,
        2535, 14300,    19,  4955,  2046, 21890, 39704, 20356,  9284,
       28889, 32859, 18894, 13600, 23909, 32582, 11777, 30987, 35932,
       15215, 21530, 30570, 22128,  4731, 44110, 43166, 14395, 37827,
       43468,  6981, 37966,  3856, 17668, 37185, 17345,  9623,  7788,
       34401])]
shape of feat_train: (446, 500)
Mean accuracy: [0.4442477479496258, 0.004614500201298417]
