Namespace(dataset='flickr', dropout=0.0, epochs=400, gpu_id=0, hidden=256, inductive=1, keep_ratio=1.0, lr=0.01, method='kcenter', mlp=0, nlayers=2, normalize_features=True, reduction_rate=0.01, save=True, seed=120, weight_decay=0.005)
size of adj_train: (44625, 44625)
#edges in adj_train: 218140
Test set results: loss= 1.5502 accuracy= 0.4715
idx_selected :  [array([10109, 20890, 29916, 43717, 18828, 23333, 12001, 25221, 10925,
       39775, 31330,  7925, 36617, 38850,  8546, 17133, 21964]), array([23596,  2982, 35160, 24749, 30039, 44441, 41057, 33536, 39885,
       35614, 29426, 41041,  6275, 24663, 34175, 22161, 38720, 13930,
       35365, 40209,  1494, 14596, 29848,     8]), array([10631, 35065, 31037, 10400,  6298, 39860, 39213, 29542, 20990,
       12809, 40441,   894,  2675, 27061, 25586, 27093, 42063,  4080,
       10343, 30665,  5096, 19268, 15997,  2711,  6294, 38847]), array([ 3810, 19760, 42206, 27633, 29752, 38616, 20572, 41660, 39041,
        2381, 10426,  4906, 34820,  8395,  9459, 24983, 43509, 12882,
       31936, 11995, 30460, 41736, 17722,  3939, 11508,  8999,  4262,
        4280,  4386, 40832, 19012]), array([12561, 27957, 43519, 21715, 32924, 42044,  6931, 37675, 42152,
       10993,  9764, 28418,  7598,  7753, 33255, 36157, 32171, 15289,
       17529, 11104, 27357,  6783, 29125,  8471, 37100,  1049, 16387,
       10568, 14825, 40484, 41146, 24640,  4634, 40194, 32889, 29329,
       42617,    62, 22748,  7072, 41483, 19518, 41756]), array([35026, 36977, 11338,  3370, 13689, 31326, 42897, 32614,  3801,
        4129, 32370, 19426, 32007, 27005, 19671, 18809, 26794, 20495,
       28491, 16244, 19077, 27367, 16995, 22598, 32505, 14206, 14033,
       22043, 42688,    18, 34253, 30425,  3895, 11119,   116,  8108,
       13425, 30006, 15753, 17983,  5776,  2728,  1301, 41182, 42937,
       42258,  5712, 32850, 40417, 44067, 16358, 36316, 39531,  1895,
       37522,  7893,  7453, 41674, 20828,  3030, 32229, 41119, 21176,
        5606, 26403,   168, 34155,   889, 18944, 27365, 34967, 12060,
       34874,  2639, 11761, 40546, 21691,  3997, 11047, 22949, 13659,
       38836, 20131, 26019, 31830, 22347, 35707, 39066, 26088,  8288,
       11397, 11348, 20840, 12557, 17289, 10090, 16088,   608, 26460,
       19039, 30761,  7129, 25005, 40140, 13871, 24469, 38891, 16748,
       36001, 15498, 40686, 19379, 19020, 36152, 32531]), array([ 5948, 17390,  2069,   470, 30219, 27918,  8486, 17370, 25111,
       16054, 40754, 20518, 16878, 33988, 18066, 26149, 15260, 40462,
       13761, 25982, 10070,  4245, 37773, 33826, 22670, 43758,  9876,
       11541,  4955,  1083, 28560, 42931, 12118, 12445,  5318, 19492,
       36312, 38424, 22280, 18086, 43309, 30970, 42930, 18596, 39573,
        2350, 44623, 20364, 14195, 32417, 14463, 32452, 20531,  2820,
       34947, 10570, 26797, 21566, 40152, 20356, 17000, 17249, 32028,
       30074, 24078, 18319, 23279, 17157, 23909, 13600, 12148, 16572,
       27555, 39046, 13681, 38206, 24448, 42426,  9284, 43992,  3715,
       11679, 25480, 13857, 19194,    57, 36663, 38426, 24176, 43830,
       17621, 11777, 19651,  6890, 20022, 18743, 12955, 23151,  6802,
        4718, 44061, 31274, 29747, 37595,  3389, 44294,  3795,    25,
       29430, 34933, 37339, 15427, 20805, 10639,  6731,   274, 16850,
       35998,  6425,  2905, 22594, 25531, 17668,  7197, 16964, 43325,
       38232, 16432, 19106, 25769, 17729, 31836, 27923, 29720, 40876,
       37253, 23826,  7159,  2520, 16581, 25204, 26326, 32415, 20491,
        2946, 44110,  6586,  8433, 11289, 38735, 27457,  6798, 15724,
        6495,  6235,  9041, 31258, 27087, 28889, 22011, 19579,  2614,
        6339, 42821, 37685, 31242, 16418, 27895, 24299, 26473, 36496,
       22619, 28978,   865, 36758, 15555, 31352, 37827, 18943, 22260,
       39521, 22907, 33935, 41033, 15215, 35677, 22717,  3422,  2110,
       27938])]
shape of feat_train: (446, 500)
Mean accuracy: [0.43571908752745037, 0.003947086215373125]
