Namespace(dataset='reddit', dropout=0, epochs=400, gpu_id=0, hidden=256, inductive=1, keep_ratio=1.0, lr=0.01, method='kcenter', mlp=0, nlayers=2, normalize_features=True, reduction_rate=0.005, save=True, seed=120, weight_decay=0.0)
size of adj_train: (153932, 153932)
#edges in adj_train: 10753238.0
Test set results: loss= 0.4640 accuracy= 0.9409
idx_selected :  [array([13694]), array([97335, 98628, 25715]), array([74959, 28828, 35594, 53645, 97922]), array([ 60223, 135926,  39156,  30146,  75911]), array([113413,  29314,   9803,  85208, 131327]), array([ 82638, 106042, 141692,   9010, 151710]), array([112977,  95506, 142049, 151991,  68787,  87816,  20066]), array([  2758, 135307,  63642,   2275,  54349,  56519,  95947]), array([ 78624,  60849,  43890, 117592,  89580, 143137, 153409]), array([ 15991, 132598, 119424,  41678,  37725, 112637, 123268, 116123]), array([ 72880,  79580, 128537,  82632,  66344,  40933, 136178, 121960,
       132428]), array([103974,  52958,  53054,  76880,  29707,  40262, 107826,   7822,
        35469]), array([ 98249,  60884,  96145,  42332,  32300,   3881,  58498, 141271,
       101721, 106884]), array([ 74183, 145004, 118377,  61133, 121446,  29993,  60573,  56786,
        54307,  10978]), array([  8560,  81379,  27706,  19730,  12509,  86372,  37882,  72363,
       101400,  79411, 134215]), array([ 25595,  90933,  75217,  59563, 151376, 118346, 134743,  32402,
       140799,   5242,  91916]), array([ 97827, 150586,  14068, 127598, 139961,  10069,  53171, 133395,
       138805, 150497,  48776]), array([114075, 132008,  93298,  14206,  49577,  87159,  64906,   4619,
       136572,   4612, 125048]), array([ 58287, 101879,   3005, 139910,   2932, 122251,  63085,  45174,
        99483, 106905,  33088,  69359,  86368,  26722]), array([  1246,  19904, 120272,  67514,  66895, 132829,   9337,  61508,
       132832,  40397,   3429,  98964, 117090,  98290]), array([  5012, 140788,  23206, 129051, 121685,  86452,  18728, 149951,
       147139,  67458, 127516, 127993,  73479, 137340]), array([125975, 123480,  98753, 123073, 145463,  26172, 143842, 129413,
       153466, 121977,  76981,  81984, 104363,  89856]), array([ 24352,  92663,   5871, 122200,   5919,  80810,  45891,  19821,
        95266, 101304,   6010, 122294, 142299, 115513]), array([ 16865,  62738, 126976,  69439,  29692, 109223, 149005,  75659,
         8058,  54484, 151292,   7632, 126979,  58034]), array([114061,  24160,  35851,   3321, 139145,  57599, 109910,  76515,
        69694,  50953, 117436, 142448, 113207, 133054,  59452]), array([141971,  91676, 129749,  53371, 121008, 145234,  68395,  37873,
        34401,   5008,  18747,  58228, 115224,  59472, 152398, 114688]), array([ 62477,  90379,  14363,  33052,  68831,  78210,  69310, 105453,
       151718, 135805,  31630, 103432, 119713,  40962,  39868,  52379]), array([110507,  28089, 131977,  36005,   9729,  30934,  38537,  73470,
       113444,  12994,  88355, 152364, 147111,  21494,  80173, 144315]), array([139760,  68076,  98668,  67218,  24188,  22563, 130312,  53205,
       149212,  66269,  44775, 133781, 131758,  37020, 134972,  76804]), array([ 79088,  40912,   8077,  75632, 152957,  14662,  40605,  33940,
        74284,  57972,  66404,  45216, 131497, 128332,  13611,  82031]), array([ 15834,  98306,  69295,  33517, 117670,  15846,  63907,  67109,
        49339,  94495, 151133,  75446,  31218,  80013,  99013, 108605,
       109612, 112975,  67531]), array([111405,  53191,  64592,  11356,  40004,  48217,   2287, 130330,
        89845, 125906,  58326,  23106,  28469, 107200,  52624, 118838,
        85565,  35803, 115324,  11445]), array([  2105,  10228, 121002, 151598, 113222,  67645,  48719, 127762,
         8448, 152401, 150211,  54076, 153847,  44873, 145337, 129225,
        43159,  40543, 146161,  57369, 129305,  82056, 129038,  18963,
        11901,  89292, 111754]), array([141571,  84680,  19877,  96190, 153217,  99508, 129795,  14690,
        93766,  62344,   8649,  78680,  28837,  70592,  91453,  75574,
       117038,  81495,   6326,  73739, 139277,   5370,  34170,  24377,
        43896,  34671,  91913,  43852, 153058, 139748, 153121,  76096,
       120556,  64129,  16940]), array([120687, 128890,  31396,  37114,  19979, 129582,  30803,  12009,
       102713, 103315, 128497,  99358,  82505, 142954,  92617,  15616,
        55773,  24399,  47067, 123175,  89668, 141501,  51895,   6682,
       111779,  24767, 129161,  39997,  96868,  52995,  81765, 149774,
       137097,  38370,  71816,  12388]), array([148370,  76755, 148239,   7009, 108887,  29536,  52361,  85974,
        35964, 125461, 151762,  25999, 124056, 130256,   4827,  97560,
       129783, 118186,  99214,  43721, 148203,  64223,  39380,  54150,
         2394, 114778,  38530, 120294,  82790,  54355,  48470,  82701,
       110202,  13245, 150355,  22278, 150040, 123773]), array([ 90286,  68909, 137730,  58066, 108520,  90249,  47837,  13789,
        66268, 100479, 137846, 101506,  60207,  84048, 110253,  25299,
       124300, 112014,  79385, 111826,   2650, 151813, 129067,  98213,
        19422,  31809,  66306, 138502, 101823,   8924,  18542,  14570,
       153649, 150920, 129578, 120587, 134776,  64950, 107377, 101030]), array([123083,  37646,  35252,  39899, 125228,   7545,   6017,    589,
       125866,  13188, 148206,  61402, 113302,  24278, 104185,  16895,
         3626,  15184,  40734,  30520, 152512,  31470,  88818,  83630,
        31315,  62479, 107116,  69591, 139998, 144184,  30738, 147805,
        23099, 136044,  54962,  54705,  62318,  54506, 148716,  92277,
       134013, 112764]), array([ 55629, 153026,  13590,  86640,  40233, 152182,  30727,   9380,
        54646, 110976, 114138,  28357,   3674, 118121,  14767,  38776,
        62948,  62914, 149470,  86680,  77607,   3283, 150089,  24497,
        50070,  43086, 129947, 137474,  92831,  33127,  83387, 102522,
        66660,  66462, 109943, 131987, 130659,  85570, 141385, 128675,
       126395,  95151,  19978,  90292,   6086]), array([ 37299,  36102,   9463,  43203, 122092, 122757,  18661,  38541,
        98802, 130796,   2074, 139741,  50330,  82815,  30369, 134417,
        67599,  84379, 144827,  34454,   9167,  87903,  61423, 132664,
        84107, 118864, 150976,  16850, 130389,  28121, 145994, 130024,
       136124, 130400, 146196,   9809,  66926,  42277,  91904,  44434,
        56124, 139373,  70234,  34929, 127644, 121124,  62896,  28414,
        11825, 132836,  28814,  49462]), array([ 47535,  31713, 119315,  33502,  30678, 129616,   7211, 138042,
        84473, 110536,   6338, 153125,  21160,  20578,  45370,  15933,
       140212, 147112,  85540,  36406, 127958,  42151, 106865,  36932,
        37668,  66679,  99638, 128001,  26579,  47653, 127793, 137629,
        14779, 108532, 111011,  32165,  66788, 116283,  88971,  79087,
        63851, 127049, 125217,  18583,  91016,  54335,  55542, 115520,
       144897,  20632, 144785,  66880,  82593, 121257,  39049,  49116,
        75375,  91541,  97214,  26954,  59465, 151350,  72613,  71655,
        50924, 140990,  13470, 126489, 111418, 131519,  86566,  12275,
         8299, 124221, 117622, 124161,  15775,  93879,  55858,  20036,
       108600,  51032,  85524,  27484, 127294,  63333, 118134,  11944,
       101254,  73919,  92748,  26103, 149852, 117773, 128826,   1176,
       137413, 105186, 147715,  89100, 102624])]
shape of feat_train: (769, 602)
Mean accuracy: [0.6534933314056457, 0.020838148790275186]
