Namespace(dataset='reddit', dropout=0, epochs=400, gpu_id=0, hidden=256, inductive=1, keep_ratio=1.0, lr=0.01, method='kcenter', mlp=0, nlayers=2, normalize_features=True, reduction_rate=0.002, save=True, seed=1, weight_decay=0.0)
size of adj_train: (153932, 153932)
#edges in adj_train: 10753238.0
Test set results: loss= 0.4898 accuracy= 0.9398
idx_selected :  [array([13694]), array([97335]), array([67316, 28828]), array([ 94720, 135926]), array([123541,  29314]), array([ 82638, 106042]), array([ 38313, 151991]), array([132163, 135307]), array([78624, 60849, 49329]), array([110337, 132598,  41678]), array([ 56748,  79580, 111127]), array([118869,  29707, 107826]), array([ 98249,  60884, 112357,  96145]), array([ 74183, 145004, 118377,  11002]), array([  8560,  81379, 101400,  86372]), array([25595, 90933, 75217, 59563]), array([135092, 150586,  14068,  53171]), array([114075, 132008,  87159,  49577]), array([ 58287, 101879,   2932,  63085, 122251]), array([  1246,  19904, 120272,   3429,  61508]), array([131943, 140788,  23206, 129051, 121685]), array([ 22128, 123480, 121977,  98753, 145463]), array([145640, 122200,  80845,   5919,  80810]), array([ 24760,  62738,   8058,  29692, 100026]), array([132513,  24160, 139145,  76515,  57599,   3321]), array([  9298,  53371, 129749,  18747,  91676,  68395]), array([ 62477,  69310, 124143,  78210,  68831,  40962]), array([102016,  28089,  38537,  36005,  21494,  48445]), array([139760,  68076,  98668,  53205,  24188, 134972]), array([ 79088,  40912,   8077, 128332,  89669,  45216]), array([82755, 33517, 69295, 49339, 63907, 67109, 15846]), array([111405,  53191,  64592,  40004,  11356,  58326, 153164,  28469]), array([  2105,  48719, 129305, 113222, 133905,  54076, 150211,  10228,
       153847,  89292]), array([ 16910,  99508, 129795,  84680, 153217,  91453,  19877,  78680,
        75574, 127421,  62344,  70592,  81495,  28837]), array([136391, 128890,  19979,  47067, 129582,  30803, 102713,  12009,
       128497,  31396,  92617,  55773, 141501,  99358]), array([148370,  76755, 148239,   7009, 108887, 151762,  35964,  29536,
        43035,  97560,   4827, 124056,  85974, 118186, 130256]), array([100794,  68909, 137730,  84048,  66306,  90249, 137846,  58066,
       124300,  13789,  25299, 100479,  47837,   2650,  25355, 110253]), array([138053,  37646, 113302,  31315,  13188, 148206,  30520,    589,
       125228,   7545,  39899, 139998, 104185, 142689, 107116,  15184]), array([ 55629, 153026,  14767,  40233,  38776,  86640,  30727,   3674,
        77607,  13590,  90292,  54646, 152182, 118121, 110976, 114138,
       131987,   3283]), array([139482,  36102,   9463,  53215,  43203,   9167, 101002,  98802,
       134417, 130796, 122757,  50330, 130024,  82815,  18661, 139741,
        87903,  67599,  84379, 118871,   2074]), array([119768,  31713, 138042,  33502, 127049,  84473, 127958, 153125,
        15933,   7211, 137629,  39049,  30678,  36932,  37668, 110536,
        20632,  66679,  66880,  85540,  21160, 140212, 108532,  32165,
       119315,  66788,  45370, 144785, 144897,  20578,  42151,  88971,
        18583, 129616, 125217, 106865, 128001,   6338,  47653, 140990,
         1554, 147112, 115520,  14779,  54335, 151668,  71655,  79087,
        26579,  99638,  82593,  54695])]
shape of feat_train: (307, 602)
Mean accuracy: [0.565635956193299, 0.013155024259496472]
