Namespace(dataset='reddit', dropout=0, epochs=400, gpu_id=0, hidden=256, inductive=1, keep_ratio=1.0, lr=0.01, method='kcenter', mlp=0, nlayers=2, normalize_features=True, reduction_rate=0.01, save=True, seed=15, weight_decay=0.0)
size of adj_train: (153932, 153932)
#edges in adj_train: 10753238.0
Test set results: loss= 0.4646 accuracy= 0.9393
idx_selected :  [array([13694, 38678]), array([97335, 98628, 20581, 90474, 41998,  6500,  1771]), array([ 67316,  53645,  35594, 153735,  32777,  56670,  96474,  28828,
        83885,  97922]), array([ 36456, 135926,  30146,  39156,  37840,  21955, 101592,  83405,
        12068,   1518,   7983]), array([113413,  29314,   9803,  85208, 131327,  76237,  40787, 124868,
        62006,  78867,  63022]), array([ 82638, 106042, 141692, 151710,   9010,  38791, 123879, 106946,
       147397, 148507,  83191]), array([112977,  95506, 142049, 151991,  20066, 123587,  60928,  87816,
        68787,  87132, 112675,  44774, 135352,  53927]), array([132163, 135307, 120175,   2275,  31954, 123652,  17583,  56519,
        54349,  99756,  38447,   5753,  95947, 151013]), array([118520,  97693,  43890,  54845,  89580,  60849, 153409,  49329,
       117592, 124152, 143137, 113086,  71200, 136607,  27342]), array([ 28638, 132598, 119424,  41678,  37725, 123268, 112637,  20283,
       103673, 150619,  37838, 141701, 116123,  65983,  95794,  43046]), array([ 77495,  79580,  71180, 121960,  86338, 136178,  66344, 109031,
        82632,  21385, 116132,  86147, 111127,   9935,  78825, 132428,
        70448, 136152]), array([103974,  52958,   7651,  76880,  40262,   9807,  29707, 126289,
        27328,  35469,  53054,  68336,  58764, 135950,  72660,  25928,
       151459,  73694]), array([ 98249,  32300,  76761,  96145,  60884, 106884,  58498,  68180,
         3881, 111970,  49046, 107676,  28287,  89472,  31430,  91479,
       114711, 144253,  12045,  75236]), array([135952, 145004,  29993, 113085, 121446, 118377,  37170,  65883,
       114788,  53046, 109497,  50347,  87006,  68288,  54307,  15973,
        10978,  61133,  56786,  55432,  60140]), array([  8560,  81379, 101400,  19730,  12509,  79411, 112381,  37882,
       123433, 121153,  27706,  64925,  86372,  52722,  56077,  87016,
        72363,  62499,  20285, 134215,  39954, 141522]), array([ 25595,  90933,  75217,  41259,  59563, 151376,  91916,   5242,
       149663, 134743, 140799,  32402, 106853, 150743,  68429, 142326,
         3399,  99616, 141441,  67250,  78103,  29940]), array([ 26937, 150586,  14068, 131945,  10069, 127598, 107793,  53171,
        48776,  95456, 133395, 129458, 150497,  77201, 139961, 101488,
        24957, 138805,  50949, 129465,  33467, 128909,   9273]), array([ 67576, 132008,  87159,  49577,  64906,  14206,  93298,   4612,
        92600, 125048, 136572, 138212,   4619,  81017, 144590,  27791,
        90763,  48017,  80637,  76182,  68529,  63938,  18654]), array([120018, 101879,   2932,  63085, 122251,   3005, 139910, 106905,
        86368,  99483,  33088,  69359,  49621,  26722, 129097,  62178,
        51945,  62798, 120251, 135033,  45174,   7138,  26464,  23931,
        59347,  21893, 116969,  51010]), array([  1246,  19904, 120272, 117090,   9337,  66895,  98964, 107040,
        40397, 132832,  30426, 145051, 129140, 146516, 138545,  89971,
       134412,  26293,  59157, 131703,  67514,  68403, 132829, 134277,
       119627,  61508, 101983,  98290]), array([ 97878, 140788,  23206, 137340, 129051,  86452, 149951,  18728,
        79093, 142992,  86284,  75814,   9539, 143509, 127993, 127516,
       121685, 125053,  67458, 121218, 147139,  14392, 139364, 106957,
       149256,  48087, 114810, 109709]), array([125975, 145463, 129413,  26172,  76981,  98753,  26453, 143842,
       123480, 153466,  81984, 121977,  89856, 120109,   9596, 123073,
       104363, 145520,  67828,  36818, 126319,  82195, 131112, 130195,
        13278, 118790,  50170, 121867]), array([151566,  92663,   5871,   5919,  80810, 122200,  45891, 115513,
        95266, 142299, 122294, 101304, 114448, 150008,  80845,  19821,
        86394,  25871, 122876,  57329,  53490,  10277,  37996,  18047,
        77423,  44565,  80392, 108275]), array([ 24760,  62738, 126976,  29692,  69439, 109223, 149005,  75659,
       100026, 126979,  58034,  54484, 119425,  84737, 151292, 106584,
         8058, 134560,  73960,  32144,  55473,   7632,  17202, 109938,
        72511,  40301,   4705,  32019]), array([114061,  57599, 139145,   3321,  24160,  59452,  35851,  76515,
        50953,  69694,  76492, 109910, 113207, 142448, 133054, 140761,
       112788, 122469,  13032,  98409,  27145,  41153,  18223, 139226,
        72443,    957, 141078,  86572, 140509,  27396,  52905]), array([ 77823,  53371,  59472,  91676,  18747, 115224,  58228,  34401,
       126995, 129749,   5008, 121008, 126672, 114688,  68395,  54262,
       152398, 118975,  74059, 153513, 137419, 127833,  37873, 129712,
        68343,  65262, 133647,  40953, 136335,  43800, 145234,  48101]), array([ 62477,  90379,  68831, 124143,  78210,  14363,  69310,  31630,
        14383,  33052, 135805,  58275,  52379,  40962,  88106, 105453,
       119713,  52994, 117971,  36689, 110868,   3006, 124491, 118556,
        75886, 138668,  34229, 137025,  73942,  39637,  10640,     74]), array([ 12481,  28089, 113444,  38537,  36005,   9729,  78615,  73470,
        33908, 116808,  21494, 106397,  52633,  87241, 133841, 147111,
        30934,  80173, 142665, 133126,  40426,  12994,  78476,  85580,
       144748,  32981,  56604, 110689, 133687,  75985,  87391,  72622,
        91177]), array([145649,  68076,  98668,  53205,  24188,  37020, 149212,  67218,
       130312, 131758, 152093, 133781,  66269, 109422, 134972,  76804,
       136337,  90675,  63303,  14172,  67257, 136927, 149671,  51405,
       102021,  27582, 124512, 137211, 112435, 127202,  72045,  80037,
        66707]), array([ 79088,  40912,   8077, 128332, 152957,  13611,  89669,  14662,
        45216,  74284,  57972,  70276,  67047,  66404,  82031,  33940,
        28976,  43484,  75632,  83375,  87198,    424,  55881,   4965,
        28610,  98178,   9784, 102791,   2400,  78864,  41398, 131497,
       135577]), array([ 13161,  98306, 151133,  67109,  49339,  33517,  56760,  94495,
       117670,  69295,  15846,  67531, 109612,  88023,  99013,  75446,
        80013, 108605,  26799, 118567,   7144,  68085,  86046,  80684,
       112975,  26305,  59921, 111303,  77149, 139827,  53286,  33727,
        63907,  53143, 114605, 145531,  31218,  61246]), array([111405,  53191,  23106, 153164,  28469,  60204,  40004,  64592,
        11445,  35803,  57503,  85565,  58326, 146914, 102048,   2287,
       141453,  48217, 143952,    218,  40327, 122042,  11356, 128941,
       146124,  89845,  52624, 100604, 117614,  77270, 110947,  85801,
        64875,   6049,  29228, 124115,   2505, 107200,  29250,  78805]), array([ 68271, 151598,  89292,  48719, 146717,  10228, 153847, 113222,
        67645, 150211,   8448,  44873, 133222,  43159, 127306,  57369,
       121002, 129305, 137194, 129225, 145337,  18963,  82056, 152401,
        11901,  54076, 128578, 126588, 129038, 120330, 145892,  22954,
       143495,  71211, 146161,  16517,  27607,  80133, 145371,  55444,
        92612,  40543, 111537, 129697,  18426,  58570,  31929,  23725,
        24981,  30737,   5016,  57407,  65080,  32227]), array([  3151,  84680,  19877, 153217,  96190,  99508,  28837, 136215,
        62344, 129795,  70592,  64129,  81495,  93766,  99569,  75574,
        64261,   8649, 153121,   5370, 140460,   6326,  38768,  78822,
        91453,  33263, 103340,  87103,  43553,  34170,  34671,  52331,
        65245,  36769,  56803,  76096,  58250,  84745, 139277, 107434,
        26415,  78680,  43834,  24377, 104333,  16940,  91913, 145771,
       120556,  43852, 153058, 114592, 118764, 138713,  50863,  69127,
       117038,  37463,  73739, 139748,  44594,   3383, 132873,  43145,
       121522,  43896,  59466, 104904,  44382,  67884]), array([110587, 128890,  31396,  82505, 129582, 128497,  30803,  12009,
       103315,  24767,  19979,  99358, 141501,  24399, 102713,  92617,
        47067,  55773, 123175,  84058, 142954, 115284, 129161, 111779,
        37114,  71816,  52995,  51895,   6682,  15616,  96868,  81765,
       117275, 134371,     67,  39997,  38370,  42518, 149774, 116058,
        85207,  70479, 137097,  25181, 136912, 141546, 122422,  47378,
       100588,  58989,  23983,  53552,  11467, 136419, 142924, 106772,
       115929, 100783,  66690, 108154,  89668,  99697,  75748, 132635,
        86048, 121250,  58033, 140978,   2881,   6781,  80104,  12388]), array([  7832,  76755, 148239,   7009,  29536, 118186,  35964,  85974,
       125461, 151762,  25999,  96983,  97560,   4827, 130256,  22278,
       129783,  54150, 108887,  99214, 124056,  43721, 148203,  48470,
       123773,  64223, 150355, 120294,  54355,  47357,  82790,  52361,
       138745, 124283,  39380,  40653,  82701, 116877,  14539,  13245,
        31183,   2394,  35534, 147822,  99666, 110202,  38530, 114778,
        80432, 101103,  14080, 127108,  77230,  58883, 133014,  65358,
       150040, 151621,  75739,  76904,  43035,  81149,  45675,  44268,
        22949, 106496,  66642,  90862,  62259, 104630, 129386, 145140,
        69045, 116810,  60013, 137913]), array([ 63290,  68909, 101823,  58066,   8924,  60207, 137846,  84048,
       137730,  90249, 110253, 124300, 111826,  25299,  13789, 101506,
       138502,  47837, 151813,  66268, 138503, 100479, 123435, 112014,
        91290,  85530,  31809,   2650, 136180, 107377,  64950,  77312,
        19422, 150920, 134776, 153649,  81419,  14570, 129067,  66306,
        58207,   8304, 133788, 149548,  16008, 133318, 115061, 101030,
       112925,   7031, 120587, 151146, 114305, 129578, 123259, 106657,
       112622, 108520,  25355, 137977,   8434, 144192, 146595, 137614,
        99820,  24089, 113561,  23378,  68494,  98213,  64650,   8668,
       151197,  64878, 106370, 100197, 112043,   2673,  18542, 120454,
        84624]), array([138053,  37646, 148206,    589,  13188,   6530,  30520, 113302,
       104185, 107037, 107116, 118802,  40734,  24278,  39899, 152512,
         7545,  31470, 125866,  62479,  15184,  83630, 139998,  69591,
       147805, 142689, 153429,  17134,  88818,  54506,  23099,  54962,
       140591,  35252,    271,  31315, 134013, 148716,   3626,   9390,
       133689,  54705, 138980, 125228, 112764,  30738, 137482, 148367,
       153068,  41786,  54258, 111968,  90603,  93704,  61874, 111831,
        19606, 107445,  62318,  42025,  92277,  91545, 117973, 137869,
       132790,  12781, 144311,  54148,  33679,  59899, 110097,  61811,
        40991,  40997, 113967,  70198, 153187,  20357, 115330,  65462,
        74202,   6017,  97169,  93221]), array([ 55629, 153026,  30727, 110976,  86640,  40233, 114138,  14767,
         3283, 118121,  13590, 122436, 152182, 150089,  66660,   3674,
       149470,   9380, 137474,  77607,  62948,  38776,  43086, 130659,
        24497,  50070,  54646,  92831,  83387, 102522, 126395,  95721,
        90292,  62914,  44507, 131987,  28357,  86262,  86680,  19978,
        37026,   6086, 129947,  33127, 124005,  66462, 123798,  94013,
       100506, 128675, 127735,  46653,  11294, 105493,  65084,   6696,
        34512,  69840, 126404,  95151, 102011, 116771,  13755, 115251,
        19965, 110417, 129452,  86815, 141498,  97046,  47900, 148655,
       120784,  52190,  57936,  74465,  35160,  41918, 108331,  68273,
        70073,  63179,  55120,  11195, 123292, 132694,  44425, 104631,
       127800,  53413,  72075]), array([ 37299,  36102, 129394,  43203,   9463, 134417, 130796,  28121,
       122757,  48324,  18661,  30369,  82815,  50330,   2074, 105022,
        76979,  96303,  67599,   5190,  87903, 130024, 145994, 139741,
         9167, 130389,  84379,  16850, 131376, 107287,  67494,  61423,
       120023,  62896,  31358,  98802,  31584,  91904,  46902, 144676,
       129966,    944, 147926, 105702, 146245,  53773,  66926,  28104,
         9207,  15286, 122092, 138255, 150976, 127644,  15058, 146196,
        75605, 137164,  79578,  31612, 140566,  81689, 131606,  75093,
        84028, 119382, 118864,  39852, 134499, 152096,  99834,  91203,
        63890,  96569,  12803, 146573, 148357,   2091,  87273, 109046,
         6971,    348,   9367, 150617, 106770,  53764, 127261,   7215,
        90391,  44807,  32858,  52340,  34929,  22114,  75514,  87737,
       137637,  81904,  20007,  65812, 151144, 146208,  60213, 142117,
       136124]), array([ 57710,  31713,   7211,  33502,  36932, 138042,  15933, 137629,
       153125, 110536,  88971,  45370, 131519,  32165,  84473, 108532,
        30678,  42151,  79087, 119315,  26579,  66679, 127958,  21160,
       125217,  37668,  20578,  66788, 147112,  35335, 127049, 140990,
        54335,  99638, 115520,  85540,   6338,  47653, 140212,  66880,
       106865, 124161,  14779, 128001, 151350, 129616, 144671,  28240,
       111011, 117622, 144897, 108600,  55858,  97214,  91016, 116283,
       144785,   1554, 111418,  18583,  39049, 102624, 101254, 137413,
       149852,  59465,  11944,  71655, 124221, 127793,  86566,  92748,
        13470,  26954,  49116,  26103,  50924,  73919,  20632, 151501,
        27484,  52293,  20036, 105186,  70449,  15775,  12275,  63916,
       151668,  55542,  25790,  72613, 126489, 127294,  33274,  39233,
        63404,  88354,  97002,  63333,  14765,  41112,  89047,  63851,
       131305, 128826, 135761,  32191, 119593, 117773,  16857,  51032,
        75501,   1231, 147522,  95084,  82593,  99122,  97420,  41899,
        76294,  59948, 121257,  71478, 118134, 104845,  48504,  94454,
       119423, 102229,  89100,  49880,   8299, 132404, 147715,  67812,
       124109,  75375,  85524,  50025,  71090,  17200, 122198, 140813,
        81248, 106505,  71383,  87760, 129106,   4925, 100537, 122025,
        54478,  33070, 151935, 119034, 126115,  87474, 137449, 137749,
       139483,  54695, 148859,  86119, 148323,  58064,  13150,   4185,
        79170,   1176, 148253,  49777,  53797, 109409,  32294, 104361,
       138768,  35322,  74261,  28070,  63408, 135821,  91541, 132927,
        89608,  88863,  22043,  43212])]
shape of feat_train: (1539, 602)
Mean accuracy: [0.7717949181335165, 0.009230680006171258]
