Namespace(dataset='reddit', dropout=0, epochs=400, gpu_id=0, hidden=256, inductive=1, keep_ratio=1.0, lr=0.01, method='kcenter', mlp=0, nlayers=2, normalize_features=True, reduction_rate=0.005, save=True, seed=1, weight_decay=0.0)
size of adj_train: (153932, 153932)
#edges in adj_train: 10753238.0
Test set results: loss= 0.4898 accuracy= 0.9398
idx_selected :  [array([13694]), array([ 97335,  98628, 136925]), array([ 67316,  28828,  35594,  53645, 153735]), array([ 94720, 135926, 101592,  39156,  84862]), array([123541,  29314,   9803,  85208, 131327]), array([ 82638, 106042, 134865, 151710,   9010]), array([ 38313, 151991, 142049,  95506,  53927, 123587,  44774]), array([132163, 135307,  16096,  38447, 129285,  54850,   2275]), array([ 78624,  60849,  49329, 124152, 117592, 136607,  89580]), array([110337, 132598,  41678, 119424, 116123, 112637, 123268,  80848]), array([ 56748,  79580, 111127, 136178,  82632, 147559, 121960,  86338,
        66344]), array([118869,  29707, 107826,  40262,  76880,  53054, 107252,  52958,
         7651]), array([ 98249,  60884, 112357,  96145,  32300,  58498, 106884, 103309,
        17195,   3881]), array([ 74183, 145004, 118377,  11002,  29993, 121446,  53046,  55432,
        95393,  10978]), array([  8560,  81379, 101400,  86372,  19730,  79411,  12509, 123433,
       121153,  37882,  62499]), array([ 25595,  90933,  75217,  59563,   5242, 151376,  32402,  41259,
        91916, 149663, 134743]), array([135092, 150586,  14068,  53171, 127598,  10069,  24957, 131945,
        48776, 150497, 133395]), array([114075, 132008,  87159,  49577,  14206,  93298,  64906,  92600,
       136572,  48017, 144590]), array([ 58287, 101879,   2932,  63085, 122251,   3005, 139910,  99483,
        86368,  49621,  62178, 106905,  62798,  33088]), array([  1246,  19904, 120272,   3429,  61508,  66895,  91583,   9337,
       132832,  98964,  40397, 129140,  68403, 134412]), array([131943, 140788,  23206, 129051, 121685,  18728,  86452, 106957,
       149951,  67458, 142992, 127516, 137340,   9539]), array([ 22128, 123480, 121977,  98753, 145463,  76981,  82195,  26172,
       153466, 129413, 143842, 104363, 123073,  89856]), array([145640, 122200,  80845,   5919,  80810,  95266,  19821,  45891,
        92663, 101304,   6010, 122876,  57329,  77423]), array([ 24760,  62738,   8058,  29692, 100026, 109223, 149005,  32019,
       126976,  54484,  75659, 126979,  32144, 151292]), array([132513,  24160, 139145,  76515,  57599,   3321,  35851, 133054,
        52905,  50953,  69694, 109910, 142448, 113207,  76492]), array([  9298,  53371, 129749,  18747,  91676,  68395,  58228, 153513,
       152398,  34401, 121008, 137419, 115224,  37873, 118975, 147772]), array([ 62477,  69310, 124143,  78210,  68831,  40962,  90379,  33052,
        14363,  57298, 105453,  52379, 135805,  58275,  45792, 105174]), array([102016,  28089,  38537,  36005,  21494,  48445,  73470, 116808,
       113444,  33908, 106397,  91177,  40426,  80173,   9729,  78476]), array([139760,  68076,  98668,  53205,  24188, 134972,  66269, 133781,
       149212, 109422, 149671,  67218, 131758, 130312, 152093,  27582]), array([ 79088,  40912,   8077, 128332,  89669,  45216,  14662,  74284,
        66404,  41398,  75632, 152957,  67047,  13611,  78864, 102791]), array([ 82755,  33517,  69295,  49339,  63907,  67109,  15846,  80013,
       151133,  94495,  75446,  61246, 117670,  99013,  59402, 108605,
       139827,  59921,  26799]), array([111405,  53191,  64592,  40004,  11356,  58326, 153164,  28469,
       115324,  35803,  23106, 100604, 102048,  85565,  11445,  28789,
        89845,  48217,  51645, 117614]), array([  2105,  48719, 129305, 113222, 133905,  54076, 150211,  10228,
       153847,  89292, 151598,  67645, 129225,  11901,  44873,  18963,
        82056, 133222,   8448,  43159, 111754, 127306,  18426, 129038,
       121495,  57369,  40543]), array([ 16910,  99508, 129795,  84680, 153217,  91453,  19877,  78680,
        75574, 127421,  62344,  70592,  81495,  28837,  93766,  38768,
        65245,  96190,   8649, 153121,  64129,  43852,  62430,  78822,
        56803,  34170,  87103,  73739,  34671, 132609, 103340,  43834,
        91913,  68170,  59466]), array([136391, 128890,  19979,  47067, 129582,  30803, 102713,  12009,
       128497,  31396,  92617,  55773, 141501,  99358,  24767, 103315,
        82505,  81765, 142954,  24399, 123175,  37114, 149774,  89668,
         6682,  51895, 111779, 129161,  38370, 115284,     67,  15616,
        52995, 122422,  96868, 116058]), array([148370,  76755, 148239,   7009, 108887, 151762,  35964,  29536,
        43035,  97560,   4827, 124056,  85974, 118186, 130256, 125461,
        25999, 148203, 129783,  64223,  54150,  43721, 123773,   2394,
        81149,  52361,  82790, 114778,  99214,  45675, 138745,  14080,
       120294,  54355,  82701,  40653,  14539,  39380]), array([100794,  68909, 137730,  84048,  66306,  90249, 137846,  58066,
       124300,  13789,  25299, 100479,  47837,   2650,  25355, 110253,
        19422,  60207, 151813, 101823,   8304,  64950, 107377, 101506,
       153649, 138502, 115061,  31809,  84624,  64650,  85530,  66268,
       134776,  79385, 111826,   8924, 150920, 129067, 111335,  14570]), array([138053,  37646, 113302,  31315,  13188, 148206,  30520,    589,
       125228,   7545,  39899, 139998, 104185, 142689, 107116,  15184,
        62479, 117973,  61402,  31470,  22900,  24278,  54705,  88818,
       152512, 148716, 153429,  35252,  62318,  23099,  83630,  69591,
        41786, 134013, 133689,  40734, 137869,   3626,  54962,  90603,
        16895, 136044]), array([ 55629, 153026,  14767,  40233,  38776,  86640,  30727,   3674,
        77607,  13590,  90292,  54646, 152182, 118121, 110976, 114138,
       131987,   3283, 126395, 122436,   9380, 141385,  62948,  66660,
        43086, 109943,  65084,  92831,  83387,  50070,  79264,  28357,
        24497,  86680, 102522,  37026, 129947,   6086,  62914, 123798,
        85570,  34512,  46653, 149470, 102011]), array([139482,  36102,   9463,  53215,  43203,   9167, 101002,  98802,
       134417, 130796, 122757,  50330, 130024,  82815,  18661, 139741,
        87903,  67599,  84379, 118871,   2074, 119444,  30369,  96107,
       145994,   3888, 118864,  61423,  91904,  16850,  51158, 130389,
        63890,  28121,  34929,  62896, 131527,  79578,   9809,   9207,
        15599,  99930,  66926, 129966, 124529, 131606, 105702, 127814,
         4835,  31494,  49462,  41625]), array([119768,  31713, 138042,  33502, 127049,  84473, 127958, 153125,
        15933,   7211, 137629,  39049,  30678,  36932,  37668, 110536,
        20632,  66679,  66880,  85540,  21160, 140212, 108532,  32165,
       119315,  66788,  45370, 144785, 144897,  20578,  42151,  88971,
        18583, 129616, 125217, 106865, 128001,   6338,  47653, 140990,
         1554, 147112, 115520,  14779,  54335, 151668,  71655,  79087,
        26579,  99638,  82593,  54695,  97214,  59465,  36406, 151350,
        49116, 108600, 111011, 127294, 128826, 117622, 111418,  95084,
       124161,  26103, 127793, 112053, 131519,  41112, 137413,  87760,
       117773,  71090, 116283,  72613,  33274,  53797, 131305,  86566,
       124221,  73919,  20036,  88354,  63333, 101254, 105186,  26954,
        55542,  75375, 147715,  25790,  50924, 121257, 151935,   1231,
        91016,  51032, 149852, 151501,  52293])]
shape of feat_train: (769, 602)
Mean accuracy: [0.6736707991469982, 0.01923264355879244]
