Namespace(dataset='reddit', dropout=0, epochs=400, gpu_id=0, hidden=256, inductive=1, keep_ratio=1.0, lr=0.01, method='kcenter', mlp=0, nlayers=2, normalize_features=True, reduction_rate=0.002, save=True, seed=120, weight_decay=0.0)
size of adj_train: (153932, 153932)
#edges in adj_train: 10753238.0
Test set results: loss= 0.4640 accuracy= 0.9409
idx_selected :  [array([13694]), array([97335]), array([74959, 28828]), array([ 60223, 135926]), array([113413,  29314]), array([ 82638, 106042]), array([112977,  95506]), array([  2758, 135307]), array([78624, 60849, 43890]), array([ 15991, 132598, 119424]), array([ 72880,  79580, 128537]), array([103974,  52958,  53054]), array([98249, 60884, 96145, 42332]), array([ 74183, 145004, 118377,  61133]), array([ 8560, 81379, 27706, 19730]), array([25595, 90933, 75217, 59563]), array([ 97827, 150586,  14068, 127598]), array([114075, 132008,  93298,  14206]), array([ 58287, 101879,   3005, 139910,   2932]), array([  1246,  19904, 120272,  67514,  66895]), array([  5012, 140788,  23206, 129051, 121685]), array([125975, 123480,  98753, 123073, 145463]), array([ 24352,  92663,   5871, 122200,   5919]), array([ 16865,  62738, 126976,  69439,  29692]), array([114061,  24160,  35851,   3321, 139145,  57599]), array([141971,  91676, 129749,  53371, 121008, 145234]), array([62477, 90379, 14363, 33052, 68831, 78210]), array([110507,  28089, 131977,  36005,   9729,  30934]), array([139760,  68076,  98668,  67218,  24188,  22563]), array([ 79088,  40912,   8077,  75632, 152957,  14662]), array([ 15834,  98306,  69295,  33517, 117670,  15846,  63907]), array([111405,  53191,  64592,  11356,  40004,  48217,   2287, 130330]), array([  2105,  10228, 121002, 151598, 113222,  67645,  48719, 127762,
         8448, 152401]), array([141571,  84680,  19877,  96190, 153217,  99508, 129795,  14690,
        93766,  62344,   8649,  78680,  28837,  70592]), array([120687, 128890,  31396,  37114,  19979, 129582,  30803,  12009,
       102713, 103315, 128497,  99358,  82505, 142954]), array([148370,  76755, 148239,   7009, 108887,  29536,  52361,  85974,
        35964, 125461, 151762,  25999, 124056, 130256,   4827]), array([ 90286,  68909, 137730,  58066, 108520,  90249,  47837,  13789,
        66268, 100479, 137846, 101506,  60207,  84048, 110253,  25299]), array([123083,  37646,  35252,  39899, 125228,   7545,   6017,    589,
       125866,  13188, 148206,  61402, 113302,  24278, 104185,  16895]), array([ 55629, 153026,  13590,  86640,  40233, 152182,  30727,   9380,
        54646, 110976, 114138,  28357,   3674, 118121,  14767,  38776,
        62948,  62914]), array([ 37299,  36102,   9463,  43203, 122092, 122757,  18661,  38541,
        98802, 130796,   2074, 139741,  50330,  82815,  30369, 134417,
        67599,  84379, 144827,  34454,   9167]), array([ 47535,  31713, 119315,  33502,  30678, 129616,   7211, 138042,
        84473, 110536,   6338, 153125,  21160,  20578,  45370,  15933,
       140212, 147112,  85540,  36406, 127958,  42151, 106865,  36932,
        37668,  66679,  99638, 128001,  26579,  47653, 127793, 137629,
        14779, 108532, 111011,  32165,  66788, 116283,  88971,  79087,
        63851, 127049, 125217,  18583,  91016,  54335,  55542, 115520,
       144897,  20632, 144785,  66880])]
shape of feat_train: (307, 602)
Mean accuracy: [0.5662955868001591, 0.017093724948421242]
