Namespace(dataset='reddit', dropout=0, epochs=400, gpu_id=0, hidden=256, inductive=1, keep_ratio=1.0, lr=0.01, method='kcenter', mlp=0, nlayers=2, normalize_features=True, reduction_rate=0.005, save=True, seed=1000, weight_decay=0.0)
size of adj_train: (153932, 153932)
#edges in adj_train: 10753238.0
Test set results: loss= 0.4835 accuracy= 0.9394
idx_selected :  [array([13694]), array([ 97335,  98628, 139578]), array([ 67316,  53645,  35594, 153735,  32777]), array([ 94720, 135926,  30146,  39156, 101592]), array([113413,  29314,   9803,  85208, 131327]), array([ 82638, 106042, 141692, 151710,  46674]), array([150745,  95506, 123587, 151991,  87132, 142049,  51534]), array([110367, 135307,  16096,   2275, 129285,  54850,  54349]), array([118520, 136607,  43890,  54845,  89580, 124152, 131071]), array([110337, 132598, 119424,  41678,  37725, 141701, 112637,  20283]), array([ 56748, 136178, 132428, 121960, 147559,  82632,  79580,  66344,
        86338]), array([118869,  29707,  72660,  76880,  35469,  52958,  27328, 151459,
        40262]), array([ 72677,  60884,  32878,  96145,  32300,  58498,  89695,  82455,
       106884,   3881]), array([135952, 145004, 118377, 117492, 121446,  29993,  37170,  53046,
       114788,  60573]), array([  8560,  81379,  27706,  19730,  12509,  79411, 101400,  20285,
        37882,  72363,  62499]), array([ 49569,  90933,  75217,  41259,  59563, 134743,   5242,  91916,
       149663, 151376,  32402]), array([ 92122, 150586,  14068, 127598,  10069, 139961,  53171, 101488,
        48776, 131945, 150497]), array([114075, 132008,  64906,   4612,  49577,  93298, 144590,  87159,
         4619, 136572, 125048]), array([112097, 101879,   3005,   2932, 122251, 139910,  86368,  63085,
       106905,  99483,  69359,  33088,  26722,  26464]), array([  1246,  19904, 120272,   3429,  61508,   9337,  66895,  98290,
       117090,  40397, 129140, 132832,  98964,  77524]), array([103635, 140788,  23206, 129051, 121685,  18728,  86452, 142992,
       106957, 127516, 121218, 114810, 149951,   9539]), array([137920, 123480, 129413,  76981, 145463, 121977,  98753, 126319,
        26172, 153466,  81984, 143842,  36818, 145520]), array([145640, 122200, 114448,  92663,   5919,  95266, 115513,  80810,
        45891, 101304,  19821,   5871, 122294, 142299]), array([119609,  62738,   8058, 149005,   7632,  29692,  54484, 109223,
       151292, 126976,  75659, 126979,  58034,  69439]), array([114061,  24160,  35851,   3321,  76515,  57599, 139145, 109910,
        50953,  69694, 109624,  59452, 113207, 133054, 142448]), array([141971,  18747, 153513,  53371, 133647,  91676, 115224,  58228,
       121008, 129749, 152398, 127833,  37873,  68395,  43800,  59472]), array([ 62477,  69310, 135805,  78210, 124491,  33052,  14363,  52379,
        90379, 105453,  58275, 140401,  50867,  45792,  40962,   3006]), array([110507,  28089, 106397,  38537,  36005,  73470, 113444,  87241,
       116808,  21494, 108259,   9729,  12994,  70892,  33908, 133841]), array([139760,  68076,  98668,  66269,  24188, 149212, 112435, 131758,
        67218, 152093, 120953, 130312,  53205,  90675, 133781,  14172]), array([ 79088,  40912,   8077,  82031,  66404, 152957,  14662,  89669,
        45216,  67047,  74284, 102791,  84331,  13611, 128332,  75632]), array([ 13161,  98306,  94495,  33517,  15846,  49339,  26123, 117670,
       151133,  67109,  80013,  75446, 109612,  69295,  67531,  59921,
       108605,  99013, 118567]), array([  9166,  53191,  64592,  11356,  48217,  85565,  29228,  89845,
        40004, 153164, 130330,  58326,  57503, 102048,  28469,   6049,
        23106,   7045, 109570,  52624]), array([  2105,  10228, 127306, 151598, 120330, 113222,  48719,  67645,
       150211,  54076, 121002, 153847,  44873, 133222,  18963, 129038,
        18426,  89292, 129225, 129305,   8448, 126588, 146161,  27607,
        11901,  82056,  43159]), array([141571,  84680,  19877, 153217,  56803,  99508, 129795, 136215,
        62344,  93766,  34170, 117038,  28837,  70592,  33263,  64129,
        52331, 140460,  64261,  81495,  91913,   8649,  76096, 139277,
         5370,  96190,  43852,  36769,  91453, 153121,  54259,  87103,
        75574,  73739,  58250]), array([110587, 128890,  19979,  24399, 129582,  30803,  25181,  31396,
        37114, 128497,  24767,  15616, 142954,  81765,  99358, 103315,
       102713,  55773,  71816, 111779, 123175,  51895,  92617, 122422,
       141501,  82505, 137097,  84058,   6682, 149774,  12388,  47067,
        96868, 129161, 116058, 115284]), array([148370,  76755, 148239,   7009, 129783,  29536,  35964, 151762,
         4827, 101103, 130256,  54150, 118186, 125461,  85974, 148203,
        25999, 124056,  97560,   2394, 108887,  99214,  38530, 124283,
        64223,  22278, 127959,  81149, 120294,  39380,  40653,  52361,
        82790, 123773,  43721,  54355, 116877, 150355]), array([100794,  68909,  19422, 137846, 124300,  58066, 134776, 110253,
        60207,  84048,  13789,   2650, 100479,  25299,  90249, 137730,
       138502, 101506,  85530,  24089,  47837, 101823,  64650, 129067,
       111826, 149548,  14570, 130733, 150920, 151813, 108520,  66268,
       133788,  31809, 115061,  64950, 153649,  66306, 123435,   8304]), array([ 87186,  37646,  13188,  93704,  35252, 125228,    589,  91545,
       139998, 148206,   7545, 113302,  61402,  83630, 117973, 104185,
       107116,  24278,  54506,  61086, 147805,  15184, 152512,  30520,
        40734,   3626,  12828,  41786,  31470,  39899, 142689, 132790,
        62479, 125866,  88818, 153429,  62318, 153068,    271,  23099,
       133689, 134013]), array([ 55629, 153026,  54646,  40233,  86640, 129947,  14767,  13590,
         3283,  30727, 114138,   3674,  77607,  83387,  46653, 118121,
        37026,   9380, 110976, 149470,  62948, 102522, 152182,  19978,
        92831,  86680, 130659,  28357,  66660, 150089, 131987,   6086,
        38776,  90292,  43086, 126395, 123798,  24497, 124005, 128675,
       137474,  85570,  44507,  95721,  66462]), array([ 37299,  36102, 134417,  43203,  48324,  66331,   9463, 122757,
        91904,  18661,  87903,  50330,   9167,  82815,  67599, 139741,
        20371,   8108,   2074,  90221,  30369,  61423, 145994,  84379,
         4767,  16850,  28121, 130024,  62896,  27578, 136124, 134499,
       127644, 130389, 130400,  98802,  96829,  87737, 131376, 105807,
        79578, 130796,  22114,  91203, 129966, 107287,  27718,  66926,
        61617, 146196, 121124,   9809]), array([ 47535,  31713,   7211,  33502,  79087,  30678,  15933, 153125,
       138042, 110536,  36932,  20632,  45370,  84473,  66679, 137629,
        42151,   6338, 127958, 108532,  32165, 125217, 128001,  21160,
       119315, 106865,  85540,  39049, 140990, 147112,  66880,  37668,
        26579,  20578,  88971,  63851, 115520,  66788, 127049,  47653,
         8299,  99638,  41112,  95084,  91016,  59465, 144897,  26954,
       101254, 116283,  92748, 151350,  51032,  14779, 140212, 131519,
       127793,  81248,   1554, 111011,  36406,  49116,  50924, 129616,
        54335, 126489, 144785,  81669,  71090, 117622,  17040, 111418,
        25790, 149852,  26103, 124161, 105186,  91541, 151501,  86566,
       124221,  63408,  97214,  82593,  87760, 108600,  11944,  75375,
        12275,  73919, 127294, 121257,  71655,  33274,  15775,  88354,
        63916,   1231,  55542, 102229,  14765])]
shape of feat_train: (769, 602)
Mean accuracy: [0.7030686377272564, 0.011027575019324158]
