Namespace(dataset='reddit', dropout=0, epochs=400, gpu_id=0, hidden=256, inductive=1, keep_ratio=1.0, lr=0.01, method='kcenter', mlp=0, nlayers=2, normalize_features=True, reduction_rate=0.002, save=True, seed=85, weight_decay=0.0)
size of adj_train: (153932, 153932)
#edges in adj_train: 10753238.0
Test set results: loss= 0.4403 accuracy= 0.9413
idx_selected :  [array([13694]), array([97335]), array([67316, 28828]), array([ 36456, 135926]), array([123541,  29314]), array([ 82638, 106042]), array([150745,  95506]), array([ 92259, 135307]), array([78624, 60849, 43890]), array([110337, 132598, 119424]), array([ 77495, 136178, 153645]), array([118869,  52958,  72660]), array([98249, 60884, 96145, 58498]), array([115565, 145004,  29993,  10978]), array([132162,  81379,  27706,  62499]), array([25595, 90933, 75217, 59563]), array([ 26937, 150586,  14068, 127598]), array([ 67576, 132008,  92600,  64906]), array([120018, 101879,   2932,  63085, 106905]), array([  1246,  19904, 120272, 117090,  66895]), array([131943, 140788,  23206,  18728, 121685]), array([ 50727, 145463, 129413, 153466, 123480]), array([ 24352,  92663,  19821, 122200,   5871]), array([ 91023,  62738, 126976,  29692,  69439]), array([114061,   3321,  50953,  24160,  69694,  35851]), array([ 77823,  91676,  58228,  53371, 115224,  34401]), array([ 62477,  69310, 105453,  78210,  14363,  68831]), array([ 12481,  28089,  38537,  36005, 106397,  73470]), array([139760,  68076,  98668, 149212,  24188, 130312]), array([79088, 40912,  8077, 75632, 66404, 14662]), array([ 13161,  98306, 151133,  33517, 117670,  26799,  69295]), array([  9166,  53191, 143952,  85565,  40004,  29745, 128941,  11445]), array([ 68271,  10228, 129305,  48719, 153847, 149916,  54076,  89292,
       113222,  67645]), array([  3151,  84680,  19877, 153217,  58250,  99508,  91453, 129795,
        28837,  64129,  94563,  62344,  64261,  96190]), array([110587, 128890,  19979,  24399, 129582, 128497,  92617,  24767,
        12009,  37114,  31396, 102713,  55773, 103315]), array([  7832,  76755, 148239,   7009, 108887,  29536,  35964, 151762,
        99666,   4827, 124056,  25999, 130256,  97560,  54150]), array([100794,  68909, 101823,  84048, 100479,  58066, 134776,  13789,
       124300, 137846, 137730,  90249,  47837, 110253,  64650,  25299]), array([138053,  37646, 125228,    589, 148206,  15184,  31470,  13188,
       113302,  61402, 125866,  88818, 152512,   7545,  30520, 104185]), array([124341, 153026,   3674,  86640,  40233, 152182,  14767, 114138,
        92831,  30727,   3283,  13590, 110976, 118121,  86680,  90292,
        54646, 129947]), array([ 37299,  36102,  11378,  43203,   9463, 130024, 134417, 130796,
        98802, 122757,  50330,  18661,  67599,   7708,  82815,   2074,
       139741,  90221,  84379, 150261, 100126]), array([ 57710,  33502, 137629, 147112,  31713,  15933, 138042,  84473,
         7211,  45370,  36932, 110536,  30678,  97214, 153125,  85540,
       127958,  66679,  42151, 140990,   6338,  37668,  92748,  21160,
        26579,  14779, 108532,  91016,  20578, 119315, 129616, 128001,
        79087,  32165,  88971, 127793, 116283, 125217, 106865,  47653,
        72613,  59465, 140212,  51032,  95084, 127049,  33274,   1554,
        45808,  20632, 115520,  99638])]
shape of feat_train: (307, 602)
Mean accuracy: [0.5775870170238913, 0.01123920065727785]
