Namespace(dataset='reddit', dropout=0, epochs=400, gpu_id=0, hidden=256, inductive=1, keep_ratio=1.0, lr=0.01, method='kcenter', mlp=0, nlayers=2, normalize_features=True, reduction_rate=0.075, save=True, seed=120, weight_decay=0.0)
size of adj_train: (153932, 153932)
#edges in adj_train: 10753238.0
Test set results: loss= 0.4640 accuracy= 0.9409
idx_selected :  [array([ 13694,  38678, 145784,  34327, 104467,  94123, 120283, 119724,
        38924,  11509, 147197,  33691,  28612, 102772, 140994, 114040,
        99549]), array([ 97335,  98628,  25715,  90474,  60351,   1771,  63266,  20581,
         7381,  74673,  75254,  33619, 107468, 139578,  10503, 136925,
       102418, 138970,  41998,  14176,  68084, 118997,  63955,  38041,
        80718,  31814,   6500, 130988,  32301,  96244,  37823, 121005,
        20631,  49010,  42610,  98775,  98870,  68021, 135420, 143678,
          167, 127505,    681,  87426,  55748,   3519,  96427,  14043,
        28672, 143537,  37739, 122534, 152479,  45243]), array([ 74959,  28828,  35594,  53645,  97922,  83885,  32777,  96474,
        56670, 153735, 140396,  70688, 121636,  51726, 123421,  46092,
         3375,  85017,  13154,  88984,  61227,  17278, 131056, 117826,
        43571, 130159,  40903, 147901,  54681,  18979,  89259,  83034,
        13654,  13008,   7090, 135186, 128938, 126226, 106788,  43349,
        10217,  22094,  31107,   2093, 148220,  44295, 111115, 126417,
         4090,  13369,  71575,  49303, 117960,  31085,  17247,  36563,
       126958,  60316,  18153,  91245,   3237,  46407,   6238,  21987,
        16691, 113716,  29655,  43908,  63116, 138684, 142903,  18789,
        29544, 150267, 125953, 153240, 149993,  71952,  65573, 151896]), array([ 60223, 135926,  39156,  30146,  75911,   1518, 101592, 123929,
        37840, 146664,  21889,   7983,  21955,  87225, 128653,  35125,
        52241,  31245,  34121,  92463,  64414, 114220, 105466,  28575,
        47675,  40261, 140031, 111630, 152391, 110833,  12068,  83405,
       100896, 133554,  63936, 102721,  80567, 116510, 119267, 112656,
        60146,  86600,  34844, 105273,  70644,  55508,   3854,  98731,
        49939, 122883,  52710,  46245,  54357,  88441,  48928,  57539,
        22167, 153546,  63059,  27857,  16343,  65026,  69894,  90345,
        23696,  49240,  52594, 109161, 114295,  97031,  84862,  51007,
        82516, 105340,  53763, 106088, 153592,  93060,  28677,  54116,
       118766,  98543]), array([113413,  29314,   9803,  85208, 131327,   6599,  97202,  63022,
       124868,  78867,  33419, 136186, 115479, 145688, 136651,  29110,
        76621, 150410,  83143, 126177,  48269,  38269, 100508,  27398,
       103055,  68905,  94646,  76237,  37618,   3901,  94002, 144735,
       148757,  31144,  84795, 104540, 124123,  24298,  16887,  98416,
        85396,  35939,  19273, 152042,   6146,  89219, 139408,  35000,
       128354,  11706, 112755,  74077,  38421,  18585,  25600,  14284,
         3177,  21812, 110421,  28911, 142226,  18051,  26738, 117469,
       102392,  52906,  94082, 104246, 111314,  22881,  71665,  38095,
        44833,  73408,  26625,  88920, 151888, 122195,  81323, 143335,
        42414,  92438,  11447,  32803]), array([ 82638, 106042, 141692,   9010, 151710,  38791, 123879, 106946,
       147397, 134865, 148507,  44066,  43071,  83191, 136650, 114066,
        26254, 151651, 129566, 135012,  46674, 153827,  29387, 102773,
        74373,  45281, 127443,  78695, 115405,   1478, 113563,  20839,
        91639,  10785, 113741,  73896,  76082,  93629,  69160, 108770,
       134487,   5953,  28072,   5825,  89501,  29615,  28172,  39919,
       138880,  98817,  50447,  41492, 136509, 110712, 110670,  40806,
        27541,  80279,  44551, 150416,  67558,  24534,  47181,  41523,
        85797, 114355, 104430,  21261,  75878,  40446,  36182,  87415,
        65708, 134505,  97039,   8066,  55114,  41004, 120915, 106990,
        19106,  69197, 146205,  70349,  68329,    993]), array([112977,  95506, 142049, 151991,  68787,  87816,  20066, 123587,
        44774,  60928,  53927,  87132, 125281,  85448, 110815,  51534,
       149920,  57950,  96237,  46968,  88137, 135288, 103960, 112675,
        93826,  72261,  36815, 110096,  47913,  92821, 147709,  68127,
        61166,  66153,  63545,  12702, 122948,   4255,  41180,  37995,
       128623,  76292,   8201,  24877, 131304, 131603,   7946, 101971,
        78865,  38265, 141133, 106418,  81990,  96516,  82261,  93343,
       148001,   3610, 106165,  87929, 129196,   4724, 123729, 145244,
        73009, 115589, 137586,  95614,  23055,  18373, 127129,  25628,
        83871,  66358,   9447, 114745,  34687,  47004,  47213, 141157,
        90635,  36743,  51397,  65942, 104792, 152218,  15489,  18000,
        97688,  98855, 119098, 146432,  94605, 119877,  89811,  75045,
        44870, 147191,  64519,  78509, 137837, 146900,  86708,  10058,
        48132, 132356, 106914,  89436,  71928]), array([  2758, 135307,  63642,   2275,  54349,  56519,  95947,  54850,
        31954, 123652,   5753, 153018, 142869,  21824,  16096,  28329,
        38447,  24776,  99756,  41296, 129285, 130202,  17583, 120175,
         8120, 148284, 151013,  97207,  29443, 152894,  62877, 127237,
        35128,  96633,  15051,  81579, 121826,  79318, 108292,  30144,
        39893,  89246,  78802,  54097, 146268, 137349,  85609,  61309,
       123386, 113526,  36269,  40083, 133249,  91887,  35249,  64911,
       127181,  21904,  83985,  61380, 115500,  17035,  47671,  61269,
       110229,  30277, 105050,  76742, 147037,  34534, 147596, 113615,
       149629, 152020, 101191,   1378,  75622,  25794,  23095, 123356,
        11426,   5215, 126831,    851, 105012,  74191,  86347, 118775,
         1974,  27839, 139052,  79510,  89209, 118499, 136710, 107054,
        84895, 136914,  48342,  42676,     82,  48223, 115167,  73072,
        66231,  37413, 104781,  93509,  92577, 116865, 132120]), array([ 78624,  60849,  43890, 117592,  89580, 143137, 153409, 124152,
        54845,  97693, 133426,  71200,  49329,   1892, 136607,  27342,
        60943, 131071,  60827, 134980,  79863, 113086, 133562,  45684,
       113381,  39255,  32829,  50900,  29102,  52174,  68097,  46279,
        43602, 132033,   7471,  28535, 139094,  31131,  45578, 107995,
        86245,  59808,  73957,  85563, 108997,  97786,  37282, 133591,
       126928,  64265,  42837,  63625,  49558,  63410, 115939, 105369,
       126320,  79878, 119653,   7894,  85568,  26381,  44688,  66899,
       100677,  88829,  97190,   5613,  77634,  42783,  28978, 144117,
        52029,  89114,  56920,  88682,  20049,   5503,  65402,  86277,
       113663,  94278,  30286, 124991,  11077,  62184,  88414,  63257,
        83261,   4754,  35431,  26479,  29290, 106213,  33971,  90953,
       111862,  88782,  35226,  56402,  94033, 143536,  74239,  23141,
       125587,  22633, 149282, 146517,  67143,  34804, 118684, 109953,
        82207,  62400, 126873,  31387,  35475, 121430]), array([ 15991, 132598, 119424,  41678,  37725, 112637, 123268, 116123,
       103673, 150619, 104644,  20283, 141701,  37838,   7823,  95697,
        65983,  59106,  25693, 103172,  52608,  54611,   2137, 115933,
        95794, 112881, 118991,  65939, 101779, 139610,  68344, 113387,
        12590, 142344,  59014, 117419,  52357,  64488, 149772,  69977,
       129111,  30749, 135224,  43046, 123762, 127230,  50435, 144436,
        24312,  99745,  64699,  24466, 119928,  18992, 138277,  89759,
        39917, 106142,   3254,  53253,  28943, 129857,  87380, 129066,
         1671,   8606,  43590, 111565, 117442,  28153, 134012,   4032,
       102615,  77405,  26365,   7977,  72656,   6464, 141427, 136926,
        57495, 153318, 118572, 128476, 122583,  19981, 108446,  41402,
        93533,   8561,  93661, 144675,  31008, 143624, 136806,  71369,
        43530, 146034,  80609, 100078,  93397,  50233,  73614, 110990,
        56780, 123699,  85978, 132437,  22612,   9356,  96784, 102363,
        57430,  67638, 109284,  88569, 123427,  21774,  30392, 152866,
        91424,  62002, 101982]), array([ 72880,  79580, 128537,  82632,  66344,  40933, 136178, 121960,
       132428,  86338, 140453,  21385,  70448,  86147, 116132, 124420,
        45732,  78825,  88874,  42930,    397, 153645, 150289, 111127,
        62587, 149151,  69705, 114919, 118842, 109031,  33542,  11418,
       146745, 139351,  71180,  53828,  34607, 142849,  72458,  35519,
       139294,  60851,  39981,   2521, 112215, 142731,  13002,   3214,
       111582, 136152,  31006,  37288, 142745,  88615,   9935,  52049,
        26544,  95102,  78694,  82053, 131493, 139635,  13493,  94524,
        10162, 106572,  64329,  65120, 147559, 116636, 148780,   6884,
        63350, 106174,  15211,  12905, 115712,  85811,  55282,  42522,
        77386, 144142, 143182,  29212,  81192,   8873,  19766,  75555,
       116527, 111951,  75182,  29698,   6755,  79907, 114738, 104257,
        30942, 102990,   6019,  83669,  82676,  15950,  51455,  37812,
       149630,  83821, 150076, 140841, 114201,  16470, 101114, 139151,
        93256,  72409,  13335, 122937, 115596,  26069,  45689,   1096,
        42928,  62944, 112067,  96790, 122476,  35032, 139535, 120830,
         2583,  42741,  17903,   9374, 123481, 142232,  25002,   3768,
         9187, 133184, 150451, 110992,  80694,    131]), array([103974,  52958,  53054,  76880,  29707,  40262, 107826,   7822,
        35469,  27328,  45774,   7651,   6558, 126289,  41452,  28681,
        76250,  73694,  29335, 142025,  72660,  27271, 135950,  76818,
        24765,  29368,  54995, 104947,  14272,  39379, 109667,  97092,
        95371,  25928, 117710,  44763,  79842,  12279,  58764, 143518,
          910, 113648,  69709, 117936, 146550,  51291,  49544, 141926,
       135344, 142081, 143112,  36574,  68336, 151459, 111658, 110387,
        69862,  41021,  64749, 145160, 134020,  83977, 126202,  92346,
       121037, 108615, 118636,   9807, 107252,  14613,  71597,  30231,
        90314, 151066, 106623, 122901,  51909, 107328,  49385,  64658,
        98237,  21702, 114055, 105551,  55705,  25093,   2541, 107812,
        11973, 130616,  33105, 152074, 143726,  39250,  26240, 137703,
        66650, 152868,  59283, 141479, 138789,  89390,  34842, 135155,
       122924, 113683,  58934, 153730,  55541, 113208,  45397, 107270,
       125874,   2253,  67190, 107856,  47879, 100546, 116501,  95219,
       112420, 144865, 138693,  47989,  25499,  40123,  94117,  11564,
        75288, 141609,  74087, 126787, 125723,  13925,  92046, 118401,
        72320,   7614,  44556, 146335,  33864,  14368]), array([ 98249,  60884,  96145,  42332,  32300,   3881,  58498, 141271,
       101721, 106884,  28287,  98266,   5210,  89472,  51008, 126027,
        12045, 114711,  60434, 131078,  79134,  60262, 151261, 107676,
       114451, 130904, 113732,  53757,  34385, 146730, 105206,  56597,
        67144,  49201,  20242,  80799,  90728, 116764,  84777, 118810,
        80227,  91205, 121682,  63417, 144253, 122705,  62397,  17195,
        66084, 138327,  65688,  85616, 110755,  86209, 118301,  75236,
       126337, 105902,  87477,  81798,  82034, 112237, 152603,  23732,
       116447,  29391,  11438,  55038,  68221, 118431,  86097, 108033,
        95092,  90648,  51231,   1548,  80455,  53670,  76177,  20733,
       125813, 143843, 143059,  32878,  52726,  68180,  48630, 139980,
        81408,  30528, 115302,  47808,  50097,  59663,  98851,  33688,
         8692, 133357,  48474,  89695,  95036,  24515, 101600, 135521,
        52923, 118168,  41574, 106402, 131748, 112932,  51233,  45932,
       140205,  35216,  91224,  97623, 149235, 149523,  60977, 138000,
        19140,  64865,  45511,  82455, 134582, 128919,  69516,  15492,
       146133, 141214,  65066, 150358, 149980,  49836, 117501,  32821,
       145207,  64415,  77967,  20840, 118727, 121287, 152094,  77096,
        82506, 112357,  45930, 140358, 123597, 114145]), array([ 74183, 145004, 118377,  61133, 121446,  29993,  60573,  56786,
        54307,  10978, 105474,  53046,  15973,  65883,  95393,  50347,
         2260,   7782,  87006, 114788,  77702,  37170, 149889,  15001,
        55432, 112625, 109497,  85363, 104751,  60140,  46533, 129610,
        11002, 129048, 148394, 113085,  68288, 119783,  16333,  71089,
       117492, 137118,  84050,  17514,  92211,  38063,  48159, 129748,
        67579,  56747, 152414, 142174, 152110, 146497,  65325,  46922,
        52373, 134197,  22226,  89628, 152995,  22911, 140703,  79229,
       101697,   1873,  69630,  56042,  43805, 101041, 130729, 135036,
       133368, 148091, 118362,  33101, 127349,  96659,  21358, 128080,
       147872,  93689,  52924, 130943,  45815,  62321,  62289,  20057,
       116377,  52571,  19995,  92543,  67056, 115004, 137391,  57155,
       149330, 141299, 138081,  37850,  67298,  70346,   4097,  82986,
       128710,  42964,  48525,  38821, 118269,  48437, 130255,  17348,
        66804, 108898,  18973,  60264,  65772, 131363,   7236,  98745,
        64420,  19051,  30828,  44039,  34957,  18790,  24898,  71402,
       140715, 141103, 133045, 127838,  24385,  10565, 106827,  43636,
       151682,  54672, 148610,  50691, 144171,   9860, 136753,  31062,
        60536,  86941,  83632,  67281, 120203,  70562,  88982, 100857,
       143292, 124773, 128191,  99296,  30788,  30024,  12073, 102510]), array([  8560,  81379,  27706,  19730,  12509,  86372,  37882,  72363,
       101400,  79411, 134215,  62499,  52722, 144484, 123433,  56077,
       121153,  87016,  39954, 112381, 141522,  64925, 146720, 100411,
        34509,  51803,  20285, 140763,  32875, 100301,  44475, 146191,
        14356,  85089,  24503,  69224,  97805,  89117,  71064, 118580,
        28639, 126456, 118590,   2151,  53571,  53241,   8757,  54413,
        27853,  85419,  11734,   2328, 146484, 100079,  56683,  76295,
        82962,  68654,  18833, 138541,  58223, 134070,  71913,  14681,
       146248,  87979, 124377,  26462,  33002,  83910,  30185, 100086,
       129371, 146013, 125666, 121963, 106140,  38857, 133471, 142847,
        37089,  19725,  85412, 100469, 108625,  74486,  12892, 106124,
        96916,  16558,  68179,  56064,  85576, 142401,  58099,  70975,
        77811,  28053,  75121, 141902,  58976,  82829,  34819,  27115,
        90665,  98506, 102853,   8176,  96724, 137542,  51228,  41903,
        72043,  44626, 113204, 113144, 135899, 149043,  97361, 102126,
       101005,  42662,  89444,  50528, 128036,  79493,  50525, 138559,
       147104,  90388,   9080, 146162, 120117, 133737,  75221,  64002,
       129561, 130657,  45749, 149820,  32816,  91408, 144407,   3612,
        50984, 122793, 136890, 113055, 153471, 140378,  56386,  43365,
        63601,  51790,  15681, 127698,  74304,  63514,  56730, 112273,
        48301, 135972,  82812,  83153,  48551,  22822, 101732]), array([ 25595,  90933,  75217,  59563, 151376, 118346, 134743,  32402,
       140799,   5242,  91916, 106853, 150743,  41259,  94266, 149663,
        10919, 141441, 142947,  49821,  57390,  46884, 141679,   3399,
         5806,  52746,  25434,  46200,  89868,  38575,  60547,  66772,
        71888,  56885, 121375,  60362,  82193,  38820, 109308, 102607,
        23596,   1048, 101303,   4378,  46637,  29940,  99471, 129448,
       152691, 120236,  11560,  81639,  72236, 109452,  97322,  36706,
        23426,  21726,  20902, 134220,  95761, 128410, 152393,  70593,
        39936,  79017,  50059,  96138,  21731,  72453,   8396, 140844,
         7818,  22834, 121471,   8371,  33774,   3940,  45160,   4392,
        85369,  23456, 102262, 136670, 145664,  32205,  31380, 119893,
       144691,  10773, 130332,  54739,  56766,  41549,  10235,  19610,
        29712, 135094, 129897,  26250,  78718, 135051,  16030, 137029,
       144583,  10124,  38287,  61343,  80321,  25512,  22938,  54005,
       128253, 137055, 151876,  25716, 101974, 135254,  99616,  24785,
        67303,   5775, 118354, 125766,  63240, 119562,  49563,  99807,
        89635, 123250,  82867, 109597, 135411,  44581,  38781,  74569,
       101359,  31173,  77404, 142839,  45115,  48280,  31830,  84255,
        42654,  51169,  59615,  37277, 105051, 143088,   1416,  96346,
        41545,  83516,   4054,  44512, 120934, 150024, 134686,  99158,
         5017, 131988,  43678, 105440,  56017,  78103, 147573, 121632,
        85694,  83149]), array([ 97827, 150586,  14068, 127598, 139961,  10069,  53171, 133395,
       138805, 150497,  48776, 128909, 129458, 131945, 101488,  24957,
        77201,  95456,  47428, 129465, 104822, 137984,  44717,  50949,
         9273,  73580, 144389,  92561, 113038,   1875,  85957, 122106,
       133679,  31422,  12060,  21069,  31683, 121821,  46976, 147466,
        95147,  43831, 149002,  55243,   7704,  86868, 101013, 148236,
        83076,  87995,  37338,    277,  68438,  94076, 119244,  93939,
       134162,   1839,  21797,   4819, 107793,  46150,  96439, 131385,
       141152,  80096, 141279,  10637,  28829, 140575,  46972,  64744,
       118735,  31250,  88332,  23144,  45246,   8466,  11506, 146823,
        91488,  36519,   2839, 105783,  35931,  37703,  38192,   6821,
       134019,  22899,  21544, 102585,  26247, 143691,  81191,  82113,
       100489, 146120,  44411,  55035,  15766,  19337, 143124,  74200,
       102727,  92605, 103428, 130500, 100646, 151730, 139841, 132270,
        37389, 135031,  50615, 149249,  67637,  77995,  77953, 125135,
        34604,  87410,  59591, 125233,  67444,  72560,  65094,  72703,
        32116, 104710,  44166,  66042, 104463, 118500,  54051,  22276,
       121209, 137519,  42210,  82994,  38848,  59414,   3145, 118749,
        83290, 125590,  16880, 115269, 102352,  91694,  93748,  51768,
        33467,  11642,  19384, 123147, 127782,  77057,   6862,  54594,
        13326,  20931,  17128,  47920,  67342, 140949, 137400, 109072,
       105385,  77215, 118183,  88078,   6047,  60618,  32176,  26893,
        93648]), array([114075, 132008,  93298,  14206,  49577,  87159,  64906,   4619,
       136572,   4612, 125048, 144590,  92600,  90763, 138212,  81017,
        48017,  68768,  80637,  76182,  63938,  25497, 132164, 101364,
       127241,  89509,  89503,  68529,  27222,  96614, 134028, 106695,
        95433,  60461, 116397,  71390,  56918, 106456, 146673, 134467,
       140434, 113897, 100562,  24239, 117050,  61600,  17153, 110139,
       106711,  51837, 101155,  10775,  54731, 116826,  48831,   8093,
        28781, 125842, 124178,  15716,  63993,  80734,  75531,  45818,
        46689, 121693,  93474,  84747, 140732,   1828,  10993, 117829,
        49538,  53269,  33469,  65384,  83073,  73208,  47367,  12714,
       130149,  99815,  45793,  27791,  74086,   6670,   8329,  73386,
        93975,  50207, 128551, 148403, 143269, 117299, 143058,  39023,
        52100, 112535, 117147,  95886, 141110, 120540,  20397,  59524,
         7319,  24889, 110918, 102474,  45072,  23736,  93089, 109723,
         3971,  95988,  69095,  84500,  17384,  41145,  37927,  88903,
       138398,  36997,  95717, 121800,  54385, 135032,  53899, 141350,
       110358,  55353,  66749,  62054, 137819,  81893,  61188, 115383,
        59448, 152623, 147685,  78521, 105100,  58345, 123918, 145081,
        77256,  17223,  30770,  11460,  30388,  29642, 112409,   6773,
        16906,   9799,  61479,  92816,  61392,  93290,    600,  93971,
        46988,  59366, 110029, 126649,  38147, 104843,  49856,  12063,
        95426, 111259,  33102, 101937, 128633, 139006,  61934, 136247,
       145767,   2899, 132662]), array([ 58287, 101879,   3005, 139910,   2932, 122251,  63085,  45174,
        99483, 106905,  33088,  69359,  86368,  26722,   7138,  12015,
       120251,  26464,  51010,  62798,  49621,  21893, 127085, 116091,
       116969, 129097,  51945,  59347, 135033,  66757,  33265,  23931,
        27673, 121434, 113601,  91081, 132863,  38361, 135053,  17672,
        42498, 141210,  39563,  38522,  89424, 134842,  21345,  10543,
        28288,  20258, 134011, 138060,  78422, 140554, 111267, 132212,
        46233,  59653, 151049,  25045, 147203,  27265,  97769,   1874,
       131794, 149499,  45166,  40359, 101539,  62178,   3764,  91974,
       109464,  68607,  56703, 121431,  43168,  28042,  91183,  42105,
         1552, 142016,  13640,  96211, 112194, 109243,  52855,  17770,
       152466,  79612,  48994,  81947,  62867,  81522, 101270, 149474,
        37189, 138602,  42388, 101642,   2865,  25663,  36745,  43191,
        14987,  89255, 111907,  28834,   6962,  19369,  83321,  55442,
        53361,  76634,  71770, 136964,  12302,   6618,  57874,  57640,
        84465,  61538,  38620,  56699, 126267, 100128,  16841,  93149,
        23805,  42530, 129765,  82248,   8603,  28006,  39520, 148701,
        27129,  97156,  55206,  89351, 111083,  71448, 146442,  98465,
        41267,  98206,  63034,  27012,  72426, 113962,  53472, 110005,
        57189,  23867,  91236,  32682,  27148,   6813,  97665,  67847,
        27536, 136608,  87295,  90165, 123639,   7013, 125401, 100493,
       115876,  96333,  56579,  95332, 117379, 143815,  33991, 152485,
        68958,  17280, 102525, 116094,  86646,   1559, 131827, 116574,
       120594,  27144, 111984,  30300,  18227, 117362,  94537, 124354,
       123891,  57071, 147188,  81544,   5456, 113624, 127145, 128883,
       103797, 150364, 115211, 117410,  19035, 139919, 144938,  85366,
         1701,  50045]), array([  1246,  19904, 120272,  67514,  66895, 132829,   9337,  61508,
       132832,  40397,   3429,  98964, 117090,  98290, 129140, 138173,
        83055,  89971,  30426, 131703, 134412,  68403, 134277, 138545,
        15889, 101983,  91583,  59157,  96135, 145051,  26293, 135403,
        49213,  14925, 107040, 119627,  41357, 138375,  98437, 108252,
        22156,  47891, 118825,  24597, 120031,   7507,  53771, 112140,
        31076, 127967,   8841,   7262, 146757,   9075, 138324,  59882,
       133650,  30245,  61604, 108164, 135305, 135237,  29632,  34247,
        21695,  25763, 139455,  89057,  31269, 149270, 124072,  90747,
        45871,    203, 142392, 101739,  53701, 139319, 150631,  91911,
        25230,  33964, 146516,  32088,  84420,  27501, 117199, 140384,
         1911, 134844, 140407, 135148,  15013,  92697, 138480,  48755,
       146992, 130076, 142768, 152997, 106579,  86939,  86461,  67528,
        60010,    832, 152755,  23067,  73126,  14336, 117719,  49276,
        89661,  72496,  32095,  55071, 115662, 131147,  67141,  97320,
        92296, 139433, 135708,  11339,  18106,  35642,  73790, 141088,
        79512,  45383,  87023,  47897,  88964,  73937, 142527,  59313,
        54471, 102653, 143752, 128366, 106067,  55385,  88024,  61926,
       103771,  61494, 118265,  44597,  91777, 123942,  91844,  23477,
        24304, 150876, 133795,  96024,  42809,  30918, 123063, 117845,
        14967,  14636, 140585,  38822, 136732,  25017,  93644,  14885,
       122078, 148759,  95334, 107127,  59969, 116734,  90568, 124127,
        46802,  87828,   2842,  91423,  81005,  56193,  45685,  79887,
        42439,  55262, 125683,  81534, 124696,  40104,  39967,   9335,
        98210, 130857, 139104,  23204,  49954,  18466, 115043,  24529,
        20268,  85736, 114730,  34307,  78122,  68740,  91658,  77438,
        90703,   3781]), array([  5012, 140788,  23206, 129051, 121685,  86452,  18728, 149951,
       147139,  67458, 127516, 127993,  73479, 137340,  75814,   9539,
       121218, 143509, 149256, 139364,  86284, 106957, 111275,  48237,
       114810,  24782,  64676, 142992,  57483,   5940,  14392, 116248,
        10874,  79093,  74344,  11172,  81832,  17967, 142642,  19748,
        29162,  20471,  99479,   2517,  89504, 122240, 116436,  29129,
       125053, 136179,   5913,  55217,  13806,  96639,  19732, 120073,
       109709,  32766,   6571, 106718, 115826,   5389,  48087, 147168,
        64230, 125783, 136919, 101168,  82523,  27206, 133668, 103799,
         3735,  90927, 102060, 128586, 108549,  77005,  74659, 153410,
       120834,  87765,  42632, 113887,  42480, 132902,  60306, 139472,
        18495,  69856,  85318,  27926, 111322,  87569,   6743,  12062,
        90068,  29223,  95733, 120688, 131608,  67951, 150813,  79588,
       125267, 114951, 146402,  75636,  39859, 124759,  43011,  84179,
       131682, 113626,  53261,  38283,  55779, 124625,  19129,  16297,
        78612,  30398,  77065,  81092,  83701,  18096, 146584,  27909,
       111795,  73440,  90339, 130750,  90861,   2974,  61477,  75190,
       138924,  85771,  87950,  39681,  30635,  91036, 100017,  19592,
       107503, 134591,  61846,  71846,    125,  93825,  69998,  79789,
        17598, 131065,  45951,  64326, 145929,  36953,  42464,  93198,
       141171, 138313, 138571,  52232,  56865,  42166,   5137,  45757,
        69575,  91972,  12155,  90729,   8671,  68025, 114326, 125008,
        81805,  38209, 139797, 147010,  64824,  49286,  96070,  39568,
       147336,  16406,   1775,  18439, 109826,  41857, 131416, 149709,
       151290, 107744, 100216,  85503, 132355,  59013,  28587, 101643,
         9510,  46113,  86499,  70256, 146284,  33352,  26717, 112941,
        30013, 121168, 102222,  64700]), array([125975, 123480,  98753, 123073, 145463,  26172, 143842, 129413,
       153466, 121977,  76981,  81984, 104363,  89856,  82195,  26453,
       131112, 145520,  67828,  50065,  36818, 120109, 126319, 130195,
        13278,  63490, 118790, 152239, 121867, 111541, 146495,  29530,
        29298,  70584,  85156,  98293,  43621,  19629, 128338,  50170,
       144382,  82156,  90206,  81176,  55006,  20452, 129236, 132970,
        72972, 114187, 124323,  62354, 152628,  53905,  90368, 125024,
        52038, 106446,  53147, 137295, 125270,  11282,  12609,  26283,
        41803,  31658, 130397,  11778,  39580,   3431, 140647,   1866,
        46394,  26142,  62816,  57651,  73624, 110034,  85079, 103916,
        15345, 124312,  79737,  41700,  22462,  70909,  18741,  39153,
        67608,  31049, 125131, 107669, 144898,   4727, 145385,  93005,
        45893, 119277,  69162,  42017,  51779,  17078,  33580,  96011,
        73829,  20190,  25039,  12812, 113406, 146281,  22930,  62139,
       123341, 143241, 109670,  45423,  13262,  39523,  44100, 140341,
        13107,  86690,  32224,  85114,  67943,   8540,   5757, 135630,
        62983, 104965,  52836,  14084,  28833, 125569,   6837,  81130,
        15974, 147880,  91473,  81867,  92109, 116788, 132658,  32780,
       104944,   5152,  47992,   1918,   1650,  23870, 149351,  48502,
        50722,  68954,  87294, 118702,  51492,  47488,  40591, 136508,
        37287,  46256, 107534,  71295,  33111,  15217,  18504,  46223,
         7014,  71367, 122979, 150655,  22232,  60616, 131483, 148245,
          853, 136150, 146317,  60595, 151268,  91317,   6799, 110801,
        85039,  89800,  46366, 131596,  99257,  87738, 147718,  93893,
        87739, 138117, 126970,  61268,  78254, 107494,  96547, 130138,
        58189,  67446, 108324, 145670, 100880,  13217,  73058, 131255,
        73289,   2985,   9249, 148638,  64291]), array([ 24352,  92663,   5871, 122200,   5919,  80810,  45891,  19821,
        95266, 101304,   6010, 122294, 142299, 115513, 122876,  80845,
       114448,  25871,  77423,  80392,  53490,  37996,  86394,  18047,
        10277,  57329, 108275, 150008, 103241, 132735,  44565,  94107,
        50795, 124160,  63946,  65178, 122660,  88661,   7749,  36823,
       107106,  90079,  95134,   2144, 143172,  37163,  98162,  37755,
       131294,  51935,  31909,  87733,  92262,  36315,  83133, 103476,
         6293, 131228,  97660, 142620, 142832,  46004,  12655,  45080,
       131764,  17241, 116433,  84749, 118071,  47960,  30460, 151959,
        85018,  92495,  33268,  47335,  41244,   4697,   9677,  13635,
       140719,  19163,  31920, 127132,  65041,  23924,   4346, 148293,
        76362,  69006,  95658,  61554,  98402,  84141,  61230,  77934,
       101920,  46464, 148781,   5454,  93077,  65224,  95369, 124268,
        30591,  17157,  12362, 124919, 116417,  22560,  11475,  42146,
        93330,  23586,  55919,  64166,  51752,  94834,  30412,  37442,
       116829, 115467, 102574,  86447,  89386,  15989, 131084,  90283,
        13455,  95609,  69785,  77170,  28125, 153057, 126245, 149079,
       135169,  49465,  68102, 142889,  41129,    716,  21705,  43761,
        13040,  37375, 111161, 124880, 105545,  73213, 132189,  49849,
       140771,  43845, 122748, 116473, 124349,  75364,  83663, 110193,
        90179,  29927,   8171, 143650,   2659,   8960, 151184,  57806,
       118472, 102793,  20863, 109932, 144189, 122585,  86100, 111308,
        93657,  32743, 130609, 136383, 101190,  48179, 103325, 122902,
        57743,  93524,  76842,  53815,  84597, 147934, 136487,  66565,
       152821,  79677,  49517,  47265,  81409,  86227,   7359,  15153,
        15735, 108056, 125180,  54283,  86389,  20628,  10065,  80580,
        17579,  78288, 113993,  41448,  49254, 102575]), array([ 16865,  62738, 126976,  69439,  29692, 109223, 149005,  75659,
         8058,  54484, 151292,   7632, 126979,  58034,  86697,  32144,
       134560,  72511, 146675,  55473,  56471,  84737,  40301,  73960,
       119425, 100026, 149186, 150272,  74650, 120828,  78310,  32019,
         4705,  54447, 109938,  76342, 146314,  69545,   1513, 106584,
        81452,   7485,  44270, 149029,  48250,  17202, 120080, 113437,
        25440,  80919,  49791, 139372,  44844, 144137,  26826,   9520,
         1883, 108182,  96423, 143767, 134971, 115821,  84219,  40108,
        45725,  18895,  66614, 137085,  60559, 114143, 140807,  60648,
        66787,  81086,  30648,  34796, 102368,  42521, 104580,  88766,
        73212, 141261,  68578,   7288,  80258, 148363,  90981,  37224,
         6263,  23641,  82976, 127205, 131075,  97368, 114667,  79800,
        71222,  52212, 119536,  80550, 106148,  35470,  75807,  67659,
        23957, 110078,  41199, 145961,   3891,  18475,  20358,  60858,
        50057,  22629, 129215,   4465,  41870,  25288,  28276,  67341,
       133821,  15262,  75591,  77385,  37336,  94875,  64543,  79782,
        37773, 129052, 128765,  16881,  69334,  13768,  42215,  83304,
        25105,  41814,  60965,  20937, 116942,  81808, 132202, 147742,
        92292, 113976,  16551,  30030, 140804, 142984,  69603,  86827,
         6680,  47736,  25661,  53530,  86133, 101340, 143894,  87353,
       118244, 126662,  82440,  67025, 112551, 120062, 115122,  53733,
       113556,  99506, 138581,  87082, 130414, 135936, 102783,  23607,
       145358,  71555, 113725,  52878,  63056,  11864,   1816,  32789,
       126934,  58361, 125129, 103379,  88434,  85321,  55099,  68100,
        39164,  91896,  88131,  54021,  34235,    708,  59643,  81437,
        39215,  76313,  24059, 144589,  11660,  21051,  96452,  37691,
       138808,  15271,    782,  77374, 106074,  76937,  28856,  35299]), array([114061,  24160,  35851,   3321, 139145,  57599, 109910,  76515,
        69694,  50953, 117436, 142448, 113207, 133054,  59452,  13032,
       148605,  52905,  41153, 146831,  27145,  84861, 122348,  27396,
        18223,  83368,    957, 122469, 121466, 141078,  90816,  73270,
       140509,  20197, 144401,  54475,  98409, 139226,  72493,  63099,
       107900,  61181,  85398,   5673,  91444, 101916, 139707, 147636,
        35677,   6356,   4786, 131746, 112239, 113386,   2007,  64050,
        88595,  30714, 135057,  89545,  76492,  53975,  33976,   8313,
        73758,  50692,  49500, 140930,  10923,  98205,  84140,  50385,
        61239,  40721, 138213,  87949,  75320,  18641, 145481,  82423,
        41497, 126231, 140761,  27127,  51490,  72837, 125001,  11246,
        85096,  59130,  25960,  36731,  62682,   6014, 126108,  45782,
       127926,  50566,  83727, 115792,  10723,   1517, 103679,  55377,
        54284,  81328, 102437,  59661,  51328,  10802, 147754,  59950,
        47358, 109624,  23878,  77035, 123670,  41095,  17006, 109625,
        80253,  88679,  28589,  40601,  87470,  17594,    464,  27990,
        91195,  45130, 149512,  45845, 136906,  32275,  71361,  41256,
        98641,  94529,  29409,  49176, 150939,  63578, 109158,  71493,
       109088,  99226, 128789,  11743, 114741,  98243, 149185,  34980,
        19722,  16137, 111004,  59928,  11804,  51049,  83544,  50765,
       130591,  46457, 142397,  45883,   9797,  29255,  58187,  91216,
       123106,  82984,  15761,  41191, 104690,   1599,  33066,   5493,
       122991,  55246,  94922, 112590,  59323, 148784,  75835,  68747,
       108345, 113900,  45143, 135922, 118282, 110518,   2164, 149292,
        60332, 130488, 101054, 126645,  43344, 109379,  22802, 132375,
        58788,  87143,   5647, 139460, 147780,  80091,  82274, 113778,
        74186,  41066,  89614,  66447, 141420, 130902,  34940, 101111,
        44566,  38842,  81186,   5564, 141275,   9931,  45832, 105415,
        24719,  49345,  15664,  89994,   9385,  63686,  52945,  21436,
        35550, 131152,  57713]), array([141971,  91676, 129749,  53371, 121008, 145234,  68395,  37873,
        34401,   5008,  18747,  58228, 115224,  59472, 152398, 114688,
       153513, 118975,  74059, 127833, 126672,  65262,  40953,  48101,
        68343,  34213, 126995,  47841, 137419,  72667,  43800, 133647,
        54262, 103957,  24244, 136335,  34590, 143683, 114682,  66457,
       107713,  69206,   2268,  90799, 115073, 121389, 144226, 132427,
        75160,  48837,  24518, 129712,  29172, 130938, 151890,  67113,
        27823,   8727,  53376,  95798,   9297,  91156, 118166,  28913,
       122085, 105337,  41400,  88377,  38033,  33051,  64862, 117156,
        45563, 142692,  68683,  87639, 146089,  33460, 114975,  41640,
        83226,  39711,  33977,  43204,  87315, 136264,  81812, 108105,
        37816, 104004,   6087, 118088,  56810,  85356,  47356,  79821,
       141488,   5698,   4749, 145979, 111100,  30985,  11321,  91287,
        83312,  16874,  26472,  60744, 119611, 101108,  13234,   6283,
        68698,  50817,  34593,  43570, 138958, 117432, 146355, 128246,
        25625,  68029, 147772,  48396,  14609, 104221, 144793,  43090,
        20406,   2465, 118378, 139930, 129188,  65931,  91557, 146340,
       119894, 152873,  40195,  31825, 105401,  24683, 121663, 123972,
        37775,  99202, 144799,  57252,  51449,  78221, 153101,  45206,
        79182, 143865,  24180, 135516,  81698,  81746,  98277,  74889,
        55975, 100529,  71051,  19587, 139601, 110184,  93336,  95718,
       122043,  61899, 129206,  47602,  47304,  93421, 123322,  59708,
       108184,  71791,  37283,  31517,  94621,  80923,   4636,  20488,
        77513,   5286, 146033,  56433, 103783,  92354,   8684,  96089,
       106278,  85021, 109253,  54931,  76790,  99084,  14396,  75464,
       145592,  55449, 133697, 102934,  97511,  56614,  28857,   3340,
        53715, 106361, 103261,  96415,  96255,  71627,  72867,  96443,
       118361,  32331,   1900, 108778, 125671,   4405,  28933,  42804,
        32369,  60041,  33649, 144930, 103393, 144457,  32186,  81733,
        12813,  60632,  98680,  20921,  97421,  18384, 146828,  27867,
         3159, 142339]), array([ 62477,  90379,  14363,  33052,  68831,  78210,  69310, 105453,
       151718, 135805,  31630, 103432, 119713,  40962,  39868,  52379,
       124143,  34229,  36689,  88106, 133693,   3006, 146884,  25524,
        23042,   5475,  97708, 107737,     74,  22028,  75886,  38750,
        55116,  33172,  15391, 113384,  81376,  98616,  77163,  98737,
       102295,  53040, 143039,  20724,  18637,  43432, 112938, 132990,
        91469, 134262, 115163, 104891, 151033, 109849,  88927,   3061,
        81004,  93180, 116755,  53995, 109209,  56157,  78462, 140401,
       146998, 106764,  82180,  22230, 136546,  93700,  93571,  41041,
        12282, 112828,  98276,  65257,  97180, 123103, 128313, 137350,
        44121,  34964,  36174,   2095,  26429,  29628, 117971,  70280,
        71332,  56221,  40592, 150686,  89462,  27296,   2586, 141703,
        71983, 136470,  66508, 124491, 137170, 135073,  61425,  44793,
       118677,  91247,  36264, 152258, 146077,  57908,  83852, 115036,
       141221, 120541,  31527,  95698,  41055, 110868, 123310,  89869,
       136280,  65379, 127890,  50911, 117032,  82337, 132016,  52407,
        15232,  41974, 127711, 148095,  65352,   5303, 147736,  34694,
       112877,  22580,   6177,  35071,    616,   4596,  19181,    800,
         9685,  14383,  12001,  48034, 152396,  51420, 147978,  23419,
        19298,  12043, 139310, 141969,  72771, 144575,  41732, 153639,
        73180, 117603, 109123,  83452,  62058,  65751, 144551, 128094,
        20341,  17603,  53910,  72422,  94516,  43745,  48467,   3985,
        19957,  38335,  93229,  28509, 128744, 100248,  65044,  19557,
        89135,  50704,  64734, 105781, 103929, 152029,  75989,  53839,
       139320, 136080,  70341,  32904,  40736, 133236,  55274,  50843,
        42109, 129541, 130081,  89922, 151740,  82708,  81529,  66161,
        31833,  12472,  45575,  29466, 122530, 115092, 100716, 123188,
       151685, 147630,  75266,  72353,  35947,  41466,  58494,  84230,
       101858, 109425,  23731, 146453, 151666,  74835,  54456, 109050,
       137638,   1511, 138682,  76383,  96737,  70168,  80920, 153089,
       122526,  11004,  14190, 119997,  54784]), array([110507,  28089, 131977,  36005,   9729,  30934,  38537,  73470,
       113444,  12994,  88355, 152364, 147111,  21494,  80173, 144315,
       133126, 133841,  87241, 116808,  85580, 106397,  96207,   6394,
        21710,  91177,  51355,  78476, 139335, 147118,  52633,  32981,
        75985,  40426,  33262, 137357,  74513,  84857,  87391, 142665,
        14175, 132464, 151199,  45570,  79855, 116497, 133687, 132481,
         7864,  27691, 138153, 144748, 116036,  70892, 116422,  51560,
        71522,  16352,  34683,  11929, 128135, 142371,   5908, 128526,
        86877,  32526,  47550, 100711, 149114,  27883,  57689,  13374,
        62975,  20821, 126430, 141034,  39268,  16027,  10722, 144539,
        44143, 128564,  33908, 112900,  97495, 120380, 118330,  21728,
       106237, 128875, 143773,  46433, 121793,  70179,  58548, 108454,
       110689,  81246, 149650, 124087,  40866,   3376, 118310, 123554,
       125868,  97982, 113414,  76076,  68564,  16853, 145583,  86283,
       113239, 134824,  71813,  16045,  50714,  98207, 102899, 133296,
       141140, 118929,  74537, 149316,  87191, 140984,  22943,   4239,
        82610,   1097,  59113,  82726,   2572,  32259,  74452,  30650,
        88163,   8147,  53918,  62778, 123358,  66645,  43882,  27059,
        54408,  90364,  58193, 144869,   7962,  84242,  66900,  31479,
        43898,  66807,  78623,   4087,  13791,  40275, 145729,  99717,
        57525, 126336, 139141,  64853,  80542,  38141, 112375,  68653,
        48105,   9774,  88728, 100265,  57277,  66564,  12257,   5482,
        22260,  69269,    477, 106771,  37332,   6963, 105277, 111047,
        25952,  37267, 127291,  98930,  71859,  97831,  48445,  24125,
        83025,  50648,  58412,   2594, 129760, 140039,  68608,  31363,
        16346, 115206,    703,  11755,  79986,  59712,  52011,  83848,
       148769, 124929,  59044, 110665, 128207,  71906, 112255, 131492,
        21092,  81132,  94515,   8324,  57813,  55187,  42898,  62435,
        67964,  94946,  44309, 117947,   9604,   8984, 152384, 115225,
        86287,   9343,   1946,  46136, 129820,  35499,  38067,  90790,
       103365, 126016,  15076, 111264,  44182,  57084, 127170,  56853,
       125624,  63923]), array([139760,  68076,  98668,  67218,  24188,  22563, 130312,  53205,
       149212,  66269,  44775, 133781, 131758,  37020, 134972,  76804,
       152093,  90675, 109422,  67257,  51405,  63303, 149671, 102021,
        14172,  27582, 136337, 112435, 127202,  39831, 124512, 120953,
        43855, 137211,  72045,  45201, 138062,  80037,  38145, 107761,
       136927,  55106,  66707, 129506,  62633,  24927, 114795,  88516,
        24127,  24007,   8410,  66805,  95086,  34345,  16219, 146740,
        54866, 150263,  50508, 110816,  60704,  57358,  75155,  96421,
       118078, 144075,   2509,  14223,  35556,   7405, 134981,  21555,
        79561, 126895, 136760, 124620,  74259, 125393, 132089,  15740,
        65647,  46492,  69942,  18937, 140344,  27413,  79942,  23119,
        99220, 131935, 117568,  64808, 106761, 133417, 136461,  22255,
       131824,  25098,  79056, 118037, 121646,  70578, 130975,  56178,
        60733, 118366,  56912,  23772,  46683, 142801, 103372,  44752,
       149773,  15390, 108066,  58943,  38911, 126067,  20912, 149315,
        76072, 136984,  60543, 137853, 147826, 136148, 114956,  14551,
         9928, 101806,  96253,  37351,  16728,  50053,  97802, 145570,
        76938, 130845, 126224,  53629,  86834,  82332,  93758,  30359,
       117740,  23153,  14082,  27402, 136744, 130082, 142402, 110332,
        40390, 123353,  26045, 145050,  47381,   3319,  55086, 147628,
        13854,  81687,  38214,  27972,  46443,  34124,  13402,  37870,
        85648, 118348, 135684, 120498,  84796,  51984, 138910, 122458,
       114463,  35167,  91611,   1480,  13038,  46760,   5941, 116296,
        54273, 117246,  70747, 127847, 143755,  49589,   1534,  21042,
        11679,  18054,  19787, 149902,  43957, 141481,  47341, 110761,
        25232,  12517, 109766,  53411,  63129,  55467,  44620, 110181,
        35546,  67271, 142521,  94680,  51686,  63066,  17937,  82932,
        69424,  96087,  78307, 102886, 134240,  20433, 151450,  76153,
        18742,  94078, 141619, 137463, 142416, 100708,  93757,  33202,
        85854,  64946,  34742, 108207, 126181, 117198, 117316,  39909,
        76384, 109049,  65137,  44462,  52350,  15436, 137504, 122808,
       103517,  87200,  10881, 151672,  71024]), array([ 79088,  40912,   8077,  75632, 152957,  14662,  40605,  33940,
        74284,  57972,  66404,  45216, 131497, 128332,  13611,  82031,
        28976,  67047,  70276, 136997,  28610,  87198,  55881, 102791,
        98178,  49672,   4965, 135577,  83375,  92946,  43484,    424,
        18154,  58787,  41398, 130097, 104872,  78864,   4750,  44826,
        84331,   4017,   9784,   3663,  27446,   1535,  73132,  13256,
        14695, 109821,   1281,  89669,  82129, 121243,  41538,  55103,
       100935,  88277, 123808,  87267,  34492,   2676, 110100,  66323,
       112835, 106295,  37671, 120686,  19834,  33591, 109775,  72581,
       129489, 134082, 128028, 141519, 106993, 124875,  21123, 110161,
       101979,  41264,  88492, 102843,  78367,  36940, 103698, 113703,
       121058,  34427, 116845,  57762,  49806,  59836,  23790,  21980,
        85433,  11347,  59047, 114232, 126932,  71041,  56627,  56400,
       119583, 122062, 135102,  87354,   9360,  54191, 113161, 141957,
       143924, 140390,  37939, 111301, 144629, 135576,  91270,  26864,
        63091,  14246,  63765, 120747, 132531, 147632,  14549, 150388,
        50856,  91055,  98166,  83564,  14030,  59860,  43635,  29576,
       134944,   7308, 110343, 142291,  95210, 111593,  66830,  33507,
        92039,  48912,  58041, 104103,  53599,  35449,  45939,   5136,
        70682, 102672,  20978, 120297,  45260,  49794, 106661,  40100,
       106967,  44394,  57827,  99996, 137276,   2400, 121386,  14583,
       120093,  19113,  71274,  26160, 114962, 108328,  79032,  64582,
        52860,  76059, 153457, 147124, 106078, 149583,  96742,  50541,
        88221,  26344,  85941,  36835, 143599,  82080,   5599,  27202,
        45928, 104742,  20815,  11684,   3253,  68098,  97521,  69172,
       144344,  16111,   8996,  22084,   4761, 145633,   9480, 108676,
       108509,  11616,  15532, 136511, 124024,  53483,  76537, 108669,
       135852,  75376,  64377,  53941,  97999,  30913, 130714, 137048,
        11230, 131996,   7189,  30308,  57946,   4487, 118421,  53325,
        26143, 124277,  26604,  54797,  64709, 129702,  98822, 125654,
        84985, 126048,  13625, 118632,  62543,  83486,  26354,  11277,
       114503,  46756,  67960,  78525,  19492]), array([ 15834,  98306,  69295,  33517, 117670,  15846,  63907,  67109,
        49339,  94495, 151133,  75446,  31218,  80013,  99013, 108605,
       109612, 112975,  67531,  59402, 100671,   7144,  26305, 145531,
        80684, 118567,  61246,  26799,  33727,  59921,  53286,  77149,
        53143,  22188, 111303,  73223,  88023, 114605,  56760, 126986,
        13663, 139827, 145963,  26123,  15459,  35542,  21957, 109431,
        86046,   3862, 137507,  55231, 104517,  97594,  11569,   5598,
        68085,  96934, 142544, 107928,  64947,  61858, 148417, 145732,
        27795,  11873,  70820,  43718,  46678,  92773, 134912,  45983,
        15909, 103886, 141575,   9879,   9274,  32810,   3352,  17366,
        48235,   4563, 138794,  30251, 134052,  13291, 145879,  43572,
        29439,  68670,  81537,     80,  56122, 112963, 114678,  85968,
        67259,  82219,  51694,  38456,  28568, 104293,  54725,  51489,
       135859, 145503, 117941, 125631,  89520,   2021,  89180,  63905,
        96665, 108542,   3287,  22950,  88198,  79593,  59595,  91126,
         6490,  64570,  68305,  26666, 106704, 114155, 110588,  27567,
       144740, 148400,  92644,  75049,  10463, 127460,  47296,  96275,
        86254, 144730,  39715, 112531,  72316,  23142,  51312, 127673,
       117297,   7976, 130175,  61827,  55765,  26314, 144546, 149592,
       134027,  29564,  75558, 149027,  65085, 128721,  29196,   8062,
        32003,  59705, 146956,  16598,  22062,  49140, 136472, 120974,
       125823,  29028,  50074, 142582,  72785, 122464,  75453,  88102,
        13948, 129860, 133401, 136323,  35070, 124753,   5424,  26428,
       112162, 122872,  44321,   3127, 152196,  40147, 110319,  97648,
        51724, 127406,  57359, 118591, 105046,  83424,  49652,  68537,
        63072,  68593, 118187,  43685,  48198,  48167,  69225,  89176,
        98811,  24448,  78161, 120081,  68767,  35662,  95582,  87115,
       140658,  48293, 147700,  68995, 134782, 113240,  24837, 123717,
        23420,  91636,  37059, 100712,  76272, 116564,    625,  13110,
        51922,  52149, 147024,  95352,   3467, 101730,  42905,  28542,
         1686,  42022, 112383, 141087,  24316,  53132,  93619,  61129,
        93555,  86108,  15022,  99864,  72133,  23547,  23405, 110231,
        18503,  62703, 132527,  31551,  46073,  22674,  36987,  93890,
       122994,  30403, 119584,  73583,   7570,   1323,  84318,  98549,
        91389,  36307,   6716,  99856,  78395,  82117,  23748,  96289,
        85107, 118773,  80587,  71773, 138110,  87086,  85466,  39395,
           54]), array([111405,  53191,  64592,  11356,  40004,  48217,   2287, 130330,
        89845, 125906,  58326,  23106,  28469, 107200,  52624, 118838,
        85565,  35803, 115324,  11445,   6049, 141453, 143761,   2505,
        51645,  29228,    218,  93281,  79918, 143952, 130709,  49822,
       128941, 153164, 117614, 146914,  13095, 100604,  61810,  77270,
        60204,  57503,  35227,  74340,  29745,  18940, 123437,  78805,
       117824,  93004, 146124, 149904,  34131, 153397, 129825, 102048,
        39210, 124261, 110947, 103988,   7045, 152362,  17273,  70726,
        85801,  55487, 149633, 142575,  87518, 120447,  30764, 142736,
       100779, 122783,  31274, 147537,  47165,  29250, 107610,  64875,
       116694,  82510,  14354,  48562, 102888, 149198, 114438,  40327,
        42940,  87991, 119197, 124115,  70696, 105880,  19045,  34027,
       149986,  48725,  41746,  98107,  24197,  82939, 151425, 123818,
        15934,   3654,   5990, 117715,  93201, 109570,  49598,  12611,
       124224,  80445, 113441,  17944, 106425,  62110, 127655,  74682,
        80058,  66471,  64908,  60793, 150176,  39451,  91073,  57137,
       112851,  52043, 109744,  54717,  46376,  75690,    216,  32361,
        74369, 139965,  65815, 146609,  90826, 107217,  99192, 122042,
        50655,  86810,  68493, 113359,   4916,  64372,  54699,  73145,
        85970,  69373, 152408,  89754, 114470, 110951,   7897,  17645,
         1773,  98948,   1762, 150812, 149280,  47530,   5766,  89371,
       138510, 131664,  74697,  85624,  22187, 141406,   2945,  11674,
       135901,  50104,  91956,  79911, 100206, 139102, 144357,  12957,
         1409,  30604,  77565,  92088,   3208, 114487, 114492,  15752,
        54736, 141708,  68868, 140364,  91893,  11196, 126312, 110618,
        64752,  85544, 114948,  84026,  36969,  46546,  87590, 137584,
        69137,  63488,   5395,  53464,  27720, 148523,  53420,  34531,
       149805, 149214,  78547,   5020,  45671,  40697, 140366, 106790,
        27903, 121720,  24141, 140652,  35191, 149238,  67886, 145237,
        60416,  48375,  84860, 110296,  99518,  68108, 151314,  53400,
        37314,  41176, 118456, 145112, 106744,  48399, 139023,  18861,
        10792, 103720, 137643,   6525,  91357,  52234,  13537, 102851,
        60726,  90470,  67829, 124165, 110224,  79359,  26997,  42527,
          522, 142218, 109100, 149392, 112061,  45167, 123707,  19082,
       142263,  64646,  41642,  33479,  11832, 128931,  88070,  84445,
        92120,   7733, 104449,   1487,   9633, 113402, 103064,  50570,
        29814,  98942, 113427, 151237, 113291,  76225, 131730,  62962,
        53644, 117018,  38098, 111129, 120113, 145559, 101297,  28789,
         6822,  64426]), array([  2105,  10228, 121002, 151598, 113222,  67645,  48719, 127762,
         8448, 152401, 150211,  54076, 153847,  44873, 145337, 129225,
        43159,  40543, 146161,  57369, 129305,  82056, 129038,  18963,
        11901,  89292, 111754, 133222, 127306,  71211,  27607, 120330,
        80133, 126588,  86238,  58667, 145892,  27353,  77604,   5016,
       128578, 153261,  23725, 153134,  58176,  87063, 125967, 110669,
       147516,  85727,  58570,  22987, 112833,    341, 133734,  31929,
        43638, 117953,  55444,  94456,   9239, 111537,   6700, 148476,
        59428,  60403,  90505,  37415,  58549, 108148,  51425, 119365,
       136155,  24981,  18426,  92612,  38991, 108478, 138268, 103505,
       105052,  16078, 111035, 140944,  54771, 134847, 145115, 143495,
       132429,  33480,  48259,   5925, 152766,  16517,  71967, 141494,
        80400,  66580, 134089,  30737, 133905, 124892, 136033,  18353,
       150983,  17730, 121495, 109340, 128179, 141191,  57914,  57407,
        10892, 145371,  52132,  21356, 146717,  89449,  66240, 110470,
        60755, 129697,  62385,  46752,  48848,  22954, 142497,  24211,
        33471, 124050, 104689, 114034,  92124, 118993, 110807,  10240,
         6613,  77799,  12218,  32227, 153273, 149916,    163, 134132,
         2998,  21359,  37166, 142751,  39478,  94317, 139160,  67007,
        99022,  24623, 132216,  45354,  84730,  94408, 133899, 148471,
        57156,  32015,  40743,  44629,  28665,  10000,  41403, 120852,
        18885,  35563,  33750,  10825,   3425,  72797,  40718,  19809,
        84979,  10860,  20445,  10506,  50923, 101093,  53576,  21242,
        32817,  38030, 127747, 137194,  68202, 127977,  59918, 150061,
        67752, 134614, 133736,  92877,  46237,  10111, 110613, 125429,
        39375,  13152,  59655,  79519, 129572,  13004,   5636,  84540,
        34379,   7995,  66107,  62135, 135526,  36796, 141606,  30949,
        49745,  71900, 145360, 137904,   2092,  36044,  95786, 108941,
       119960,  93658,  49002,  39168, 145777, 148347,  65080, 145744,
         7067,  93842,  42679, 146189, 119300,  23297,  87456,    382,
       103845,  44545,  88765,  27982,  87028, 152276,  52604,  81441,
       131189,  41941, 123933,  51009,  68229,  45765,   8087,  11432,
         8080,  55914,   9408, 108958,  26090,   3805,  87864,  12180,
        73330, 100722,  64123, 108914, 107710, 119447, 119070, 118597,
        28300,  49640,  96840,   2852, 132175,  93260, 127044,  93749,
        83916,  78257, 149023,  93316, 122109, 120861,  84738,  24035,
        12856,  40573, 121718, 151610, 142410,  47786,  51706,  17069,
         9621,  97240,  59834,   5211,  17089,  31393,  61320,  32189,
        77793,  88415,  58832,  31684,  92264,  52352, 111040,  76587,
        60265,  20141, 109112, 148751,  18118,   3930,   8592, 106469,
         7648,  46960,   3689,  13708, 125734,  23237,  96336, 138553,
       141745,  74851,  20964,  86675,  84064, 149757,  85967,  78942,
        63385,  72621,  34190, 100278,  11584, 106458, 151928, 132020,
        64823, 149559, 120405, 103661,  26179, 138234,  21725, 105467,
        98351,  20138, 129662, 137338,  16683, 129803,  48942,  14771,
        99920, 145231,  13013,    493, 121255,  57475, 148923,  18448,
        77930, 126331,  34928,  39780, 142278, 135599,  22491,  44953,
        33237,  52457,  84804,  23069, 134503,  21306, 153694, 120001,
       102121,  29492, 110015, 150485,  66697,  92668, 109347, 109976,
       134374, 139934,  24280,  62573, 149970,  68615, 100468,   3097,
       107329, 141058,  77769,  50778,  30891,  58430]), array([141571,  84680,  19877,  96190, 153217,  99508, 129795,  14690,
        93766,  62344,   8649,  78680,  28837,  70592,  91453,  75574,
       117038,  81495,   6326,  73739, 139277,   5370,  34170,  24377,
        43896,  34671,  91913,  43852, 153058, 139748, 153121,  76096,
       120556,  64129,  16940, 140460,  56803, 104333,  78822,  68170,
        26415,  43553, 107434,  43145,  64261,  20324,  33162,  65245,
        59466, 103340, 136215, 145771,  62430,  58250,  87103,  37463,
       114592, 132609, 132873,  91970, 138713, 105477,  43834, 128200,
        84745,  52331,   3383, 121522, 118764,  36769,  99569,  33263,
        38768,  94563,  45745,   8364,  25651, 102283, 109367,  82985,
       104904,  78906,  44382,  44594,   2844,  37165, 144266,  90326,
        67884, 120932,  67811,  36783,  54402,  69127,  73717, 124071,
       147795,  98982,  87939,  17513,  53248, 148946, 147792,  75423,
        92672,  36431,  74108, 127798,  36470,  77510,  26545,    869,
       108298, 101666, 127974,  42012,  30821,   9144,  30869,  89459,
        75673, 116069,  66377,  78938,  33857, 112396,  23815,  96455,
        33823,  29847,  13951,  95810,   6105,  87026,  35310,  82226,
       109510, 125031,   1076, 143810,  50863,  54454, 116194, 136769,
        89858,  78779, 144225, 145776,  21682, 136845,  88350, 142994,
        33438,  87749, 119375,  40514, 100135,   7107,  84397,  90966,
        60731, 121744,  93358,  44519,  58091, 139667, 107355,  92269,
         9025,  21897,  81799, 147656,  54245, 108172,  85350,  18513,
       138363,   1626,  83147, 130401, 127821,  62576,  78246,  47253,
       109105,  48675,  73152,  12065,  69825,   1171,  84824, 127339,
        42854, 120398,  99251,  45355, 114182, 135825, 146558,  52659,
       110353,  17668,  21391,  46384, 144631,  74188,  82277, 117599,
        83614, 121664,  23471,  22005,  59926,  40798, 146728,  21383,
        19147,  80783,  72842,  11164,   9138,  49975,  18838,  16514,
        23312,  40074,  69340, 127308, 102394, 140021, 103489, 145638,
       112089,  18386,  57344,  16170,  84854,  80766,  56461, 119543,
        34460, 136372,   1236,  89401,  86929,  25505, 145131,  49399,
        28884,  70671,  27856,  79199, 112149,   5358,  65040,  25249,
        12868,  99019,  43014,  14310, 132744,   9614,  44300, 110461,
        11970, 150829,  48199, 149318,  60924,  32058,  53582, 126997,
       119519,  66822,   1952, 136035,  51603, 130559,  32659, 146512,
        88885,  73468,  42359, 101188,  78073, 135346,  72814,  58967,
        21765,  66845, 140714,  59064,  70524,  95293,   3089, 103167,
       105108,  86325,  55401,  55161,  81378, 127194,  77529, 132369,
       107506,  30843,  44081,  66643,  93350, 135075,  59415,  13910,
        96895, 129730,  71941,  75356,  27912,  34397,  73664,  17755,
        24361, 142247,  29545,  31467,  21643,  69682, 111878,   6100,
        71154,   2016, 138306,  67997, 150789, 148687, 109898, 151054,
        76343,   1950,  10600,  80080, 104472,  44343, 131423, 128798,
        73797, 142211,  35374,  66543, 142926,  74262, 123269, 114110,
       111239, 135927,  85469,  44023, 120913,   6179, 130220, 132467,
        56132, 152625, 141892, 146697, 130688, 108197, 119911,  26194,
        34778, 147790, 149281,  78124, 146372, 133491,  83434, 124930,
       117749,   2857,     22, 140090, 101406,  81578, 123636,  64855,
       106985, 138214,  42240,  58537, 121302,  15200,  88391,  10193,
        65978, 136904,  98492,  51591,  97918, 120753,  55435,  63633,
        76396,   8265, 100481,  69464,  14527, 125356,  29032,  22842,
        69332,  65070,  10934, 108366, 135699, 116177,  74099,  92565,
        13193,  55678, 107950,  10122,  83551, 135541, 108313,  81553,
        28455,  55898, 142549,  39143,  22076, 135009,   2306,  46103,
         1574, 141974,  72498,  67719,  22202, 106296,   3267, 110099,
       104451,  97493,  17659,  16994,  34776,  80144,  14712,  25178,
       129791,  79055, 122823,  79131,  40652, 134722, 147547,   1703,
        41828, 110578,  49443, 126338, 135985, 147270,  34167,  10184,
        95593, 119313,  32052,  29841, 125230,  72726, 118752, 114617,
        17552,  69282, 137007, 136198,   8232,  87475, 122692,   4682,
        65410,  75517, 153879, 135784,  68480, 100250,  15253,  63803,
        86310, 127448,  53728, 101148,  45448, 122455, 135991,  19883,
        62049,  47816,  86201,  67082, 102702, 109740,  22125,  21996,
        50383, 153265,  66287,  50399,  76228,  84776,  18831, 143724,
        39556,  10996, 138884,  10676,  12115, 114020,  69469,  28142,
        71255, 106903,  27866,  36454, 123719, 105846,  47222, 142798,
       135000,  96638,  14963]), array([120687, 128890,  31396,  37114,  19979, 129582,  30803,  12009,
       102713, 103315, 128497,  99358,  82505, 142954,  92617,  15616,
        55773,  24399,  47067, 123175,  89668, 141501,  51895,   6682,
       111779,  24767, 129161,  39997,  96868,  52995,  81765, 149774,
       137097,  38370,  71816,  12388, 116131, 115284,  41175,  70479,
        42518, 122422, 115929,  25181, 141546, 136912, 117275, 134371,
       116058,  53552,     67,  84058, 140978,  58989,  41335,  47378,
        11467, 142924,  99697,  86048,  80104,  75748, 121250,  58033,
       136419,  66690, 106772, 100588,  37926, 108154,   6781,   2881,
       132635, 115947, 153147,  58613, 100783,  57062,   9630,   7670,
       145013,  51286, 123227,  26571, 102868,  97272,  92502,   2523,
        93859,  39457,  86908, 111994,  70155,  72191,  21690,  37507,
         8471,   8794,  52265,  67864,  78365,  23983,  13946,  35848,
        47941, 132091, 129242,  22827,  18079, 134143,  48311,  68960,
        94270,  53001, 102024, 151953,  72164, 143084, 146541, 128846,
        52342,  27064,  14892,  39794, 115593,  46609,  64545, 133165,
       104941, 133007, 145439, 124046,  73081,  45717, 103329, 144923,
        74901,  87407,  93927, 118291,  77610, 146353,  59565,  58824,
       130486,  15566,  79041, 106001, 114415,  41683, 150692, 116196,
       127286,  38211, 130489, 136029,  99983,  82119, 138741,  86475,
       131521, 125921, 110691,  65682,  81658, 107084, 112820,   2763,
       134138,  29710,  81316, 131616,  39717,  22669, 149304,  91419,
       112146, 102401,  95908,  10713,   1441, 112055, 100235,  28525,
       106414,  84617, 117310, 120060, 143232,    932,  98515,  58685,
        41800,  21671,  74619,  88985,  39244, 110378,  46195, 108792,
        26855, 151777, 129071, 123315,  10650,  96513,  67261,  15267,
        25690, 153543, 111408,  57773,    467, 130234,  53798, 121219,
       100568, 122968, 121064,  19281, 128480,  70461, 141452,   3402,
       138901,  85286,  11030,  75830,  13091,  36176,  10672,    156,
       128035,  12133, 137231, 147481,  49261, 100931,  60292, 139696,
        27735,  29569,  32890,  93450,  16705, 130248, 136910,  30260,
        81875, 146917, 115927, 130717, 103122,  88730, 146318,  90956,
        81198,  36789, 105348, 126799,  87164,  40794,  99800,    768,
        76211,  65218,  77199,   7192,  13825,  78705, 118674,  63668,
        62363, 138459,  16238, 131753,   6588,  50552,  21111,  84549,
        76855,  24178, 105107, 115319, 133810, 146862,  14865,  36337,
        59056, 140738,  84819, 123806,  37420,  76234,  40756, 134874,
         2401,  93479,   6901,  30430,  74584,   2057, 100399, 147130,
       143387,  10445,   8624,   6567,  65283,  97003,  21284,  72778,
       132084,  67697,  24986, 133903,   9087,  97280,  25733,  80285,
        20337,  55549,  27186,  97846,  77804,  51307,  55793, 145891,
       111345,  54391,  37073, 131779,  15538, 100217,  33646, 140678,
        13165,  30110,  92466, 124338,   5126,  98742, 141704, 150782,
        76545, 130346, 129698, 115610, 132287,  18778,  82592,  72345,
        36217, 141890, 143965,  55430, 129565, 119005, 129288, 134018,
        13283,  36362,  69660, 129168,  90762,  27474,  64092, 146574,
        99185,  89836,  37370,   9310, 149958,  63286, 151806,  43425,
        15593,  93015, 107490, 139864, 114603,  16770, 111022,  35424,
        67042,   3596, 133526, 103653, 111293,  26500, 115027, 123095,
        80770, 121074,  46285, 131891,  39616,  35795, 111268,  99723,
       103646,  42849, 140167,  62953, 140729,  30970,  47422,  64681,
        99030,  41976, 101219,  22798,  33252,  45118, 119847,  67097,
       101610,  91610, 125862,  77227,  94804, 147669,   8800, 146643,
       104247,  48542,  12077,    486,  42198,  87822, 113764,   2975,
        38202,  44262,   3572,   1691,  58417, 106921, 108702,  96481,
       113010, 113198,  69088, 132814,  21964, 136678,  62913,  34575,
        19348,  67263,  29922,  96908,  61438, 133130,  45663,  38422,
        11951, 128823,  50028,  51633, 139711, 104491,  57425,   3952,
        91385, 122669,  35452, 110710,  65312,  41595, 138003,  92017,
        80241, 100404,  67787,  63934,  68894,  86413, 143992,   5656,
       138488, 116909, 131889,  99467, 113084,  48947,  15861,   3937,
       104025,  12990,  39335, 131019, 120595,  26866,  88826,  13915,
        47755, 103649,  78920,   5264,  90159,  15002,  82063,  70746,
        61908, 104897,  23536, 118539, 129961,  91665,  95445, 149279,
         7324,  80545, 107007, 117696,  66396, 100786, 113228,  19396,
        35822,  36683,  71612, 118507,  50901, 142099,  57481,    437,
       127123, 107458, 137128,   3108,   5642, 122694,  29898,  24833,
       101736,  35479, 125717,  10354, 116319,  48228,  31805,  34669,
       130596,  24947,  62596]), array([148370,  76755, 148239,   7009, 108887,  29536,  52361,  85974,
        35964, 125461, 151762,  25999, 124056, 130256,   4827,  97560,
       129783, 118186,  99214,  43721, 148203,  64223,  39380,  54150,
         2394, 114778,  38530, 120294,  82790,  54355,  48470,  82701,
       110202,  13245, 150355,  22278, 150040, 123773,  14539,  45675,
       101103,  47357, 116877,  40653,  65358,  35534, 127108,  80432,
       124283,  43035,  75739, 127959,  58883,  77230,  76904,  14080,
        44268,  31183,  81149, 133014,  99666,  96983, 147822,  22949,
       143054, 151621,  66642,  76566, 152680,  87455, 145140,  78347,
       141080,   5733, 129386,  60013, 116810,  50246, 104630, 102997,
       137913,  38912, 152949,   4937,  43660,  34977,  86098,   9855,
        30750,  70599, 153150, 127063,  60848, 113034, 146710,  91044,
       138745,    621,  74136, 128612, 102372,  82181,    968,  90862,
        46039,  47345,  21314, 145655,  44441,  70787,  21105,  71302,
       153911, 131287,   1224, 139105, 114871, 115909, 106363,  26199,
        13675, 149480,  42404, 118254, 109345,  96526, 103962,  30935,
        87501, 145164,  81295, 116982, 132382,  73048, 137282, 148587,
        18526,  30341, 136501,   4190, 153634,  61895,  47667,  77102,
        99790,  77812,  22444, 115338,  14264,  49748, 138617,  26038,
       107480,  74837, 106653,  65327,  41116, 118682, 116160,  78941,
       102837,  40628,   6459,  60425,  15647,  17856,  76005, 114162,
        14581, 150633, 134807,   8463,   6152,  53340,  76592, 145534,
       107395, 147597,  92473,  94134, 110140,  16583, 125648,  90736,
       110009,  67486,  50106,  97346,  91313,   2429, 144205, 124210,
       124461, 110414, 109079, 149417, 142067, 127504, 127907, 103072,
        64955, 146932,  15207, 106603,  79203, 129805, 148903, 102257,
        23058,  92884, 131164, 106888,  66467,  84316,  11456,  68694,
        87065,  12897, 138220,  96740, 143003,  85158, 111438,  46731,
        57662,  95748,  56009,  34998, 139879, 110032, 115268,   9163,
         7936,  42035, 150933, 113906, 149810,  20692,  40142,  77391,
       104972,  58426, 123844,    881,  88630, 135742,  54884,  89773,
        48326,  29801,  89063, 111318, 124049, 126538,  55082, 109509,
        88640,  86094,  12569,  18401,  57938,  52485,   4276, 110920,
        30669,  72719, 105734, 118584, 112982, 136398,  32868,  44450,
         8628, 122494,  85055,  92337,  98887,    760,  18969,  46663,
        93199,  93009, 136973, 127763, 153896,  46432, 141096,  20126,
       143279,   2585, 146435,  21344,  48116,  43388,  41046,  63525,
        67312,  16223, 130208,  40463, 123060, 125583,  38567,  70582,
        93344, 129125,  45199, 139596, 108545, 109071, 120385,  44529,
       152400,  42508, 120524,  45138,  69128,   5726, 146854,  72614,
       153216,   1721,  99171,  84496,   5414,  34653,    433,  85877,
        81361,  97901, 132518,  17817,  64227,  97284, 147192, 132142,
         6454,  99877,   1238,  67469,  67682, 138154, 141057, 131364,
        33733,  35033, 102471,  41783,  68602,  15423,  94384,  90582,
        62193,  25020, 122010,  87282,  97847,  65331, 127703, 124578,
       124736, 112659, 109204,  64546, 129487, 118358, 112961, 138763,
        72093, 102364, 120795,   3790, 140291, 127811, 106496,  79701,
       119955,  70376,  39256, 145259, 148738,  42266, 114294, 131370,
        55545,  58620,  91497,  99255,  83203, 131938,  95901, 100153,
         4042,  36401, 134030, 104091,  29424,  96201,  23045, 107560,
        34084,  95505, 125353,  92251,  37027,  17244, 149886,  96587,
       114385, 121303, 116396, 131044,  45526,  83751,  45432, 148726,
       125155,   6568,  91999,   3759, 110242,  60708, 110321,  73600,
        41332,   1442, 102280, 115563,  57979,  75076,  17784,  67297,
       128472,  13485, 130374,  62005,  22486, 137748,   2138, 134233,
       105648,  24846, 133389,  74627,  17136,  41663,  77275,  78405,
        20871,  84659, 147966,    825,  83585, 135624,  33071, 103424,
        51504,  61972, 152925, 101897,  93586, 132930,  31866,  57286,
       151406,  52151,  17417, 138458, 139147,  91478,  84940,  11762,
        83790,  33228, 150891, 136226,   8280,  29022, 116263, 149738,
        95326,  61675, 111471,  95651,  47199, 109434,  87563,  15944,
       111266,  24254,  29317, 151040, 143788,  92955, 131677, 141625,
        87045, 153055, 115424,  12177, 152687,  85834, 116924,  20011,
       119367, 108554,  94783,  20960,  62770,  98862, 100072,  66524,
        11458, 133048,  73530,  95693, 123955,   6274,  32363,   6974,
        88706, 114017, 137797,  39416,  33815,  81063, 129176, 139825,
        67086, 111280, 151343, 113687, 141894,  78683,  18009, 146711,
          184,   5926, 127988, 117587,  69758, 139699, 130991,  43027,
        51099,  97178, 111378, 101996, 121127,  98026,   4316,  45800,
        39189,  12741,  54796,  63496,  60855,  82542,  11730,  29806,
       140498,  90004,  14574, 110313, 127533, 125595,  98426,  29225,
        90145,  43543,  21364,  39347,  42506,  63036,  83470,  45074]), array([ 90286,  68909, 137730,  58066, 108520,  90249,  47837,  13789,
        66268, 100479, 137846, 101506,  60207,  84048, 110253,  25299,
       124300, 112014,  79385, 111826,   2650, 151813, 129067,  98213,
        19422,  31809,  66306, 138502, 101823,   8924,  18542,  14570,
       153649, 150920, 129578, 120587, 134776,  64950, 107377, 101030,
       137614,  23378,  64878, 100197,  58207,  77312,  85530,  64650,
        42429,  54838, 133788,   7031,  63327, 123435,  34180, 136180,
        25355, 151197,  81419, 114305, 123259, 100180, 115061,  68494,
         8668,  44349,  35401, 131421,   8304,  65230,  84624, 100071,
       149837,  16008,  24089,  80388,  48838,  91290, 112043,  89038,
       130733,  37031,  32751,  39767, 120454, 128637,  29565,  99820,
        58913, 112622,  11848,   2673, 137977, 149548,  31837, 126911,
       133318,  66802,  67186, 120275, 115529, 106370, 111335,   8434,
       138503, 106657,  58656, 132159, 101741,  47555, 134932, 113561,
        39470, 136503, 146595,  34552,    685,  62492,  33303,  79752,
        83350, 145441, 138955,  81623,  41908,   4822, 112925,  18867,
        38184,  48029, 151146, 130356,  32640,  31862, 126941, 107151,
       146163, 138765, 151716,  82416,  95223, 113934, 123900,  95454,
       110431,  57509,  80801,  77463, 130568,  20551,  25626,  34978,
       114808, 139647, 131836, 113020,   1135,  93126, 117998, 132559,
        90870, 144192,  99083,  78258,  94376,  37045,  85069,  55832,
        11728, 100116,  99190, 132305,   6678,  86064,  69650,  11454,
        47170,  78256,   2534,   9314, 123295,  52017, 116668, 135567,
       150463,  51589,  48367,  93998,  82198, 141526, 111016,    844,
       149314,  94302,  68590, 153081, 125684,  12145,  33484, 135159,
       103137,  53854,  91332,  42875,  60418,  42051,   1151,  45360,
        97619, 148174, 124248,  88404, 143132,  39856,  76380,   7602,
       104838,  32355,  42999,  33763,   5978, 151670, 140122,  61552,
        14561, 107289, 108335,   1743, 131534,  24406,  54102,  11441,
        52729, 149413, 152886,   5060, 128582,  41637,  30517,  35230,
       119556,  25946,  88247,  39372,  78060,  59250,  16247,  63145,
        20398,  78404,  21861, 108769,  74677,    890, 120078, 126315,
        44919,  94473,  64528, 103511, 133382, 145048,  62943,  77426,
        61726,  58270,  32744,  26667,   9084,  53585,   1682, 109500,
       133026,  65371, 143317,  72899,  92361,  17911,  37293, 132572,
        47752, 146127,  64330,  67022, 114301,  37554, 147908, 121575,
        80548, 118129, 137736,  23393, 101166,  58201,  74287, 133072,
        71687,   2451,  30661, 131204, 113018, 142140, 124439,  23494,
       118527, 149047,   2761,  23071, 113439,  24783, 123388,  87196,
       120426, 144860,  13039, 127193,  72926,  73254,  77659,  27471,
        77914,  60747, 148143,  83523,  67209, 142325, 115783,  64797,
       113235, 145024,  67284,  42648, 134635,  78861, 124967,  10596,
        67695,  19220, 131398,  30128,  22804, 106532,   1079,  82621,
       114097,   9391, 115401,  87702,  40008,   8134,  15812,  37973,
        64271, 101218, 124945,  35127, 100238, 125027, 125691,  42125,
        69425,  20118,  43935,  28211, 151137,  43610,  89478,  48010,
       101940, 132165, 124186,  50876,  12782,    627, 110236,  19825,
        32771, 138938,  74413,   1370,  88428,   7725,  45248,  54310,
        73988, 114875,  78585, 144445,   5683,  73707, 125769,  80965,
        91520,  34174,  64460,  29118, 152460,   3172, 140456,  61195,
        46483, 102535,  35430,  80818, 135679, 134218, 144787,  92530,
       120072, 136772,  29600, 138323,  86035,  63321,  33004, 133972,
        18436, 104704,  73480,  76846, 105718,  25506,  74309, 132047,
        18561,  55551, 102010,  85195, 132776,   7877,  21902,  27493,
        33436,  36179, 120424, 102297,  19608, 121608,  39009,  31268,
         6786,  87124,  28433,  80689,  49026, 105357,  46798,  54049,
        32899,   4331,  14151,  68910,  53744,  38451, 116572, 111103,
        67048,  89491, 148269,  40851, 153642,  72122,  46167,  74005,
          309,  51046,  39916, 137877,  24453, 133214,  22697,  36945,
       152147, 133700,  91342,  70625, 153621,  45742,  27324, 113009,
         7534,  12733, 100157,  88929, 133201, 137716,  81171, 107987,
         5974,  63517,   5867, 142374, 152843, 111038,  26238,  49111,
        14481,  21829,  99299,  91934,  58174, 112588, 133276,  84210,
        47380, 135482,  17105,  89343,    540,  62294,  28659,  59429,
        92819,  68147,  89366, 101513,  49400,  21090,  89273,   7631,
        90257,   4228,   3670,  71164, 145733,  54153,  77888, 122824,
        52200,  39200,  51702,  84569,  50183,  15005, 131409, 118459,
       101286, 136438,  77684, 113234,  52057, 126698, 108621,  83036,
        34279,  91118, 136221, 136852,  80663,  92073, 153804,  75947,
        14115,  50271, 122717,  16808, 104231,  47753,  77836,  34390,
        91106,  89720,  23894, 128045, 147798, 145456,  78047, 129965,
        52780,  11735,  86862, 103594,  73767, 128861,  44921,  87430,
        88565,  35511,  14093,  90768,  91633,  65918, 151498, 111643,
       109232,  42292,  92642, 107343,  32587,  84393, 131978,  85664,
        55518,  99266,  18268, 125266,  74818,  88062,  44724,  81584,
        44158,  22158, 140599,  50771, 144083,  32057, 129767, 139731,
       130524, 149085, 120432]), array([123083,  37646,  35252,  39899, 125228,   7545,   6017,    589,
       125866,  13188, 148206,  61402, 113302,  24278, 104185,  16895,
         3626,  15184,  40734,  30520, 152512,  31470,  88818,  83630,
        31315,  62479, 107116,  69591, 139998, 144184,  30738, 147805,
        23099, 136044,  54962,  54705,  62318,  54506, 148716,  92277,
       134013, 112764, 117973, 142689, 133689,  93704, 137869, 148367,
        90603, 153068,  65462,  93221,  54258, 153429, 111831, 138980,
        34675,  97169, 137482,    271,   9390,  40997, 132790,  12828,
        41786,  31038,  69590,  61874,  33679,  70198, 107037, 113967,
        74297, 144311,  17134, 105081, 110097,  59899,  19606,  91545,
       107445,  54148, 145119, 153534,  68643,  12781, 111968,  42025,
        56008, 107951, 118216, 134682,  61811, 106916,  98865,  36250,
        40758,    281, 141220,  40991, 102528,  26876, 153187,  82182,
        56540, 121735,  61099,  15089, 122778,  93496, 109765,  33875,
        42057, 133919, 126975, 119544,  62061, 148427,  42269,   1859,
       118542, 153448, 151279, 107878, 153181,  11169, 120627, 140327,
       116555,  74783,  95612,  29133, 134151,  52770,   9663,  48439,
       101576,  19046,  89147, 126653,   3673, 103693,  43554,  93084,
       147467, 139470,  72459, 118509, 130259,  55636,  83599, 137001,
        61086,  72548, 100406, 148550,  14896, 153334, 104373, 125707,
        37041,  54025,  18420, 139415, 123307,  49333,  27838,  65172,
       112890, 123289, 136591, 128901,  32869,   9123,  20357,  38111,
        84762, 134222,  39571,  94523,  96274,  72348,  45126, 145593,
        59867, 145331,  80749,  70767,  43480, 152696, 124292, 101265,
        34455, 106522,  47236,   4379,   3369, 133791,  57989, 125538,
       123786,  40438,  89769,  36011,  90142,  62248, 131387,  46834,
        52400,  39734,  41125,  13786,  43612,  57046, 130126, 141439,
        67037,  29412, 119533,  22900,  71049, 113370,  40593,  61442,
        70413,  51941,  32397, 120319, 153760,  36677, 103792,  28585,
        54217, 149152,  23891,  19286, 127519, 135112,  72625,  97945,
       107595, 105900, 133569, 140591,  57371,  76117,  65266, 153828,
        53188, 119280, 111568,  64061,  57078, 111833, 123546, 100867,
        14304,  88788, 120134, 119812,  99373,  73724, 104724,  22390,
        12886, 145984,   6721,   4282,   9401,  30131,  70847,  62874,
        43193, 144669,  31860, 149325,  27103,  70301,  73853,   6374,
        19914,  11346,  16018,  99844, 118289,  66210,  98509,  37331,
       118866,  80240,  69085,   8114, 128374,  58553,  17530,  26673,
        75965,    451, 145277,  71542, 112589,  18930, 145636,  20969,
        65380, 139834,  56974, 101783, 128379,  24070, 135170,  19668,
       148286, 150153,  28662,   6843,  10176, 135410,  94831,  22589,
        61764,  57447, 144087,   1713,  93219,  78261,  44356,  36289,
         2895, 131059,  29469, 106590,  13606, 151500,  56971,  44306,
        29685,  43474,  25863, 122626,  18622, 107664,  39329, 102796,
       127409,  62669, 153626,  63804,  13307, 104519,   7720, 153152,
         3479, 124051,  46850,  37138,  95101, 138519, 127765, 108030,
        61053, 106265, 136359,  48449, 104910,  61293, 139260, 119270,
       103816,    249, 102000,   2730,  30401, 135278,  25301,  93140,
        45492,  61232,  82589,  14241, 101572, 124195,  17139, 151983,
        46728,  69808,  38224,  99548,  54405, 115691, 135178,  43809,
       135377,  15230, 110213, 120196, 150003, 109960,  72078,  92423,
         3486,   8467,  17726,  58331,  73215,   2450, 129958,  45424,
        63259, 108507,  61526,  20908,  40400,  73416,  39812, 122754,
         1752, 111644,  75771,  70615, 113465,  74865,  57804,  62766,
       147283,   9319, 115573, 101568,  20859,  63154, 139228,  56069,
        90287, 121429,  68430,   2938,  14744,  46665, 127969, 115330,
        86597,  52327,  16900, 138628, 150888,  26229,  83400, 109396,
        63540,  12391,  64903,   8019,     44, 152915,  90672, 149883,
        21198,  68818,   2801,  43009, 121889,  38728,  93742,  62484,
        13803,  84472, 129335,   1885,  70157,  95955,  44172,  82548,
        48732, 126101,  29641, 124751, 107667,  97479, 123003,  16947,
        94193, 118368, 140274,  15884,  29684, 124794, 102930,  64030,
        82449,  57423, 101532,  92651,   2099,   2967, 122124,  71765,
       124044, 104539, 129424,  50665,  35773,  85287, 137941,  20722,
        98500, 120991,  47965,  26319, 123690,  57388, 118911, 151869,
        94336,  94358, 121022,  11307,  72166,  81406,  67251,  84703,
        50472,  91515,  85559,  82799,  54080, 124663,  65486,  52283,
        13851,  99316,   3850,  58463,  71632, 135970,   5185,  38974,
        54498,  93872, 140706, 140454,  30874,  34047, 136840,  47901,
        67166, 126548,   7532,  72910,  24342, 143863,  71251, 100893,
        55150,  13466, 153385,  47923,  70793,  26600,  52053,  71100,
        28156,  97995, 147789,  80735,  67669,  22496, 145709,  68875,
       116676, 133031,  74758, 125539,  33011,  27556,  18493,  59435,
       140283,  63484, 147296,  71651,  86444,  64079,  85223, 150694,
        76261,  14119, 124472, 112506, 110968,  19636,  69845,  69065,
         4252,  78317,  40840,  44553,  60184, 106457,  73735,  45506,
        26232,  96010,  87116,  90012,  87777,  47742, 148052, 109637,
         6867,  10859, 109636, 131576, 134520,  66579,  12011, 103405,
         8175,  75518,  78844, 118987,  34449, 117811,  29826,  89125,
        51014, 100545, 150465,  98741, 120217,  43506,  84774,  84882,
        85519, 113217,  11044]), array([ 55629, 153026,  13590,  86640,  40233, 152182,  30727,   9380,
        54646, 110976, 114138,  28357,   3674, 118121,  14767,  38776,
        62948,  62914, 149470,  86680,  77607,   3283, 150089,  24497,
        50070,  43086, 129947, 137474,  92831,  33127,  83387, 102522,
        66660,  66462, 109943, 131987, 130659,  85570, 141385, 128675,
       126395,  95151,  19978,  90292,   6086,  37026,  44507,  46653,
         6696, 105493, 102011, 123798,  11294, 124429,  65084,  35160,
       122436,  30432,  94013,  34512,  47900, 141498, 115251, 100506,
       110417, 129452,  19965, 126404,  74465,  13755, 114205, 148655,
        69840,  52190,  98392,  97046,  22818, 116771, 132694,  68273,
        53413,  50098,  41918,  55120,  78901,  70073, 108331,  11195,
       107573,   7486,  89786, 151230,  36045, 123292,  10255,  96833,
        44425, 131488, 110182, 137723,  79264,  45006,  16930,  83656,
        83292,  41730, 141369,  72388,  65802,  83414, 104631, 129153,
        44225,  76729,  49256,  72075,  80332,  38748,  18842, 107174,
        95721,  38555,  99042,  30885,   7716, 116590,  61868,  74858,
       137515, 123684, 119065, 150244, 117035, 146613, 126335,  89378,
        77501, 149055, 133475, 108483, 149038,  41947, 149077,  96398,
       109785,  57936,  16676,  38593, 129710,  13408,  45880,  24344,
        45176,  68446,  76142,  54811,  16384,  16052, 144483, 129551,
        58696,  33544,  64418, 117023,  43152, 122480, 104871, 139159,
         6835, 109039,  93535,  46114, 128712, 123405,  69433, 126657,
       134838, 124005,  78769, 137631, 152333,  34498, 132978, 126503,
       137223,  12567,  28282,  88930, 108680,  91381, 117962,  45568,
        93882,  98114, 142998, 118239,  11383,   6959, 118959,   3507,
        10362, 124562, 100011,  29716, 131068,  19304,  32721,  34722,
        63485, 119035,  88371, 120651, 141008, 105126,  47085,  19459,
        62396,  70531,  52168,  26988, 121712, 112566,  55348,  18492,
        43416,  86448,  94916, 102215,  88543, 144964,  67272,  64686,
        24827,   5350,  17402,   3585, 130005, 131801,   1387, 101598,
       126739,  47605,  65559,  13518, 130628,  40881, 140582,  87336,
        39600,  30480, 111284,  82003,  97265, 106585, 106375,  40541,
       140234,  16805, 135609,  90127,    682,  52505,  11570,   4550,
       148272,  13351,  14875, 127800,  38881,  10499,  37369,  52769,
        96984,  44361, 116356,  42914,  96093,  84491,  21944, 136523,
        68521, 101911,  86963, 105802, 127000,  20907, 105715,  36483,
        86752,  22347,  10786,   9103,  49055,   4108,  55335,  94930,
        90594, 109262,  97906,  12502,  83132,  14139,  15552, 111880,
        59823,  70027,  63157,  94509,  60702,  72707, 107143, 110267,
        11344,  50533,  29518,  75024,  95847,  31063, 105709,   8723,
        44209,  20565, 130057,  52069, 120784,  58648, 134647, 135723,
        75000,  26225,  46206,  81334,  54888,  29791,  99957,  17481,
        98067,  78290, 133949,  54869,  17634,  26210,  23723,  11409,
        96973, 116644, 143771,  35574,  34829,  71710, 147997, 130154,
        48554,  50519,  49772, 112212,  54783,  29090, 124276,  69281,
        65049,  72389, 126725,  24637,  29092, 110721,  58195, 117532,
       151902,  12190, 106759,  87441, 130092,  37070, 123225, 148410,
       136233,  46423,  42060,  22643,  50020,  42381, 111859,  74342,
        65729, 110978, 103482,  83855,  82777, 138438,  76273,  91811,
        54421, 100828,   8282,  12286,  18753,  53186,  53668, 141472,
        39042,  40796,  40684,  76086, 115949,  40923, 134103,  40266,
       146803,  33641, 112782,   9327,  63824,  64992,  99317,  11274,
        64889,  93869,  55595, 111470,   9202, 141820,   7885,  36720,
        63848, 124933,  19888,  37651,  65857, 152392,  32685, 107599,
       134356,  50471,  94808,  73983, 147290,  65900,  26871, 124858,
        26326,  84901, 115337, 144847,   9336, 147395,  56689,   9018,
        75874,  32670,  63176, 136947,  14061,  64706,   2871,  13080,
        58001,  59716, 129020,  16950,  43495, 149578, 108919, 151748,
        79273,  80082, 142124,  72696,  58990, 111053,  28016,  94440,
        10056, 130278,  56544, 146101,  98756,  74558,  72359, 132715,
        98910, 122335, 135354, 119781,  73543,  41002,  46454,  80441,
        33193,   7372,  57384,  94762, 116314,  79596,  54418,  47163,
        16700, 113464,   6080,  67998,  64732, 108613,  24426, 139112,
       118308,  57553,   5100,  34055, 147922, 148676,  71505, 119334,
        73229, 131538,  47939, 111492,  17363,  12202,  16348,  78218,
        86905,  63181,  31317,  79513,  68900,  98296, 130809, 105618,
        39759,  22477, 123141,  35759, 146816,  69049, 133219,  65714,
        11819,  21084, 100435,  60017,  79989, 109181,  16999,  41386,
       102355,  72264,  99269, 124174,  17737, 102829,  65423,  26341,
       137981, 119991, 143670,  40188,  93602,  97019, 109289,  45650,
        79354,  21542,  82752,  89291, 118673, 117680,   8832, 151990,
        73476, 127659,  64481,  99876,  57528, 132488, 140506,   1175,
        80706, 127648, 136288,   6481,  30612,   6078,  87840, 123011,
       101955,  39507, 138005,  15495, 109410, 132021,  74654,  75938,
       114128,  56097, 107422,  88873,  55020,  44670, 101048,  42511,
        46931, 118384,  66481,  37922,  23534,  82926,  16591,  74052,
        43964,  30101, 136170, 151065, 101785,  19569,  50280, 123228,
       128309, 134513, 117020,  46126,  79643,  10223, 150561,  56464,
        29550,  30451, 143653,  14366,  63337,  16212, 153752, 129245,
       114325,  56142,  54100,  37032,  58675,  51414, 118094, 133779,
        79249,  15698,  75538,  46657, 126878, 122593,  12373, 120854,
        94937,   3123,  40298, 102627,  19200,   5258,  45193,  62503,
        79520,  83433,  93730,  70169,   8878,  15023, 149864, 103093,
       136560, 127735, 122279, 102708,  41166,   9974,  56337,  52803,
        27830,  22506,  56954,  48260, 112430, 127876,  90751, 118414,
        93031,  30081,  95057]), array([ 37299,  36102,   9463,  43203, 122092, 122757,  18661,  38541,
        98802, 130796,   2074, 139741,  50330,  82815,  30369, 134417,
        67599,  84379, 144827,  34454,   9167,  87903,  61423, 132664,
        84107, 118864, 150976,  16850, 130389,  28121, 145994, 130024,
       136124, 130400, 146196,   9809,  66926,  42277,  91904,  44434,
        56124, 139373,  70234,  34929, 127644, 121124,  62896,  28414,
        11825, 132836,  28814,  49462, 105702, 146245,  81689, 131606,
        96829, 100762, 133931, 106685,  79578,  15058,  99834,  42073,
       138548, 119382, 134499, 106770,   7215, 152096,  63890,  25397,
         6971, 128708,  31048,  69990,   5426,    348,  19582,  28371,
        44623, 132114,  59407,  48324, 107636,  76359,  20007,  52340,
       150494, 120636,  50789, 107886, 151144,   9207,  50976,  68277,
        27718,  72765,   6582,  68138, 117639, 100974, 141847, 138255,
         2814,  85409,  92173, 112010,  69789,  19015, 136138,  65812,
        87737,  67729,  25784, 149513,  27711,  53773,  90335, 147049,
       153179,  53695, 143338,  44111,  95967,  91510, 146208, 152455,
        51986,   7150,  32312,  88772,  65969,   9547, 148575, 136154,
        78123,  58092, 104198,  31358, 129866,  12803, 120922,  31494,
       151205,   4744,  81907,  59122, 124779, 139266, 139148, 147702,
        73751,  94011,  64876, 121261,   8633, 138365, 120023,  64852,
        96569,  38895,  27727, 150617, 122845,  62162, 110221,  20629,
        35423,  25243,  70274,    127, 149517, 104009,  29984,  99672,
       139541,  48952,  57436,  17910, 102841, 114746, 123614, 137637,
        17034,  21251,  88075,  44377,  73256,  16408,  31584,  95673,
       109046,  82067,   7494,  28226,  60213,  66024,  51302, 133009,
        48067, 152738,  26320, 139380,  29410,  30859, 131070, 132111,
        59779,  27351,  22114, 137582,  81492, 116238,   8659, 129724,
        21430,  15669,  49611,  28360, 114267,  29961, 121902, 109059,
        92215,  98866,  31252,  32317,  84028,  41625,  96967,   9580,
        87895,  74401, 100126,  84478, 140683,  92077, 101076,  32716,
       113493,  56106, 119696, 106953, 123275, 126647, 122129,  20887,
       108265,   5119, 111953,  85589,  43769, 153412,  19772, 105807,
       134048,   3561,  53155,  53631, 135642, 127282,  12586,  93564,
       105420, 142732,   9645,  18774,  27682,  14598, 148515,  64054,
        63777,  54647,  86990,  30342,  15127,  71946,  83366, 131027,
       124593, 107953, 145943,  66480,  69560,  81904,  97041, 119841,
       117206, 129660, 125883, 125998, 118871,  79272, 131360,  68542,
        67078, 153309,  50480, 150852, 137283,  77416,  91063,  45185,
        76732,  30502, 119906,  95834, 141631,  40403,  10997, 103864,
        40969,  62875,  28123,  97383,  22784, 146287, 118132, 135370,
        18656,  61150, 148357,  78131,   6404, 102119, 149115,  52588,
       122433,  66331,  92628,  65060,  62936, 132954,   2091, 108787,
        75971, 124841,  26984,  18731,  37326,   4835,  48747,  12120,
        16530, 109152,  95968,  26820,  90391, 153284,  56587,  90453,
       111332, 129966,  84442,  93722,  63903, 132515, 144676,  12657,
       141567, 122439,  76481,   7231,  43135, 145405,  33264,  73161,
        15862, 147432,  43036, 104793,  97048, 148080,  39756,  67435,
        43331, 144497,  82472,  51273, 131815, 136542,  59737,  36691,
         1074,  56179,  20312, 134458,  35797, 113193, 138567,  63641,
        18763, 104148,  90221,  95460, 111713, 122126,  47621,   6262,
       119848,  16428,  18184, 122205, 144729,  90860,  74042,  13751,
        85720, 108119, 104023,  99930,  81425, 120304,  58724,   5663,
       142117, 109514, 150390, 131564,  79644, 113748,  27072,  12483,
        89777,  79995,   7342, 146573,  64096, 127114,  24359,  26265,
        74813, 149829,  32858,  67019,  42071,  23017, 149266,  29803,
        36023,  41752,  26480, 138423, 104745,  48451,    904,  28660,
       105749,  61349,   3125,  49314,  80489, 104383, 152170, 101042,
        86819, 102308, 135332,   7058, 104761, 140566, 111142,  73602,
        94991, 133142,  80381,  66091,  76979,  40863, 115208,  33805,
        90656,  15043,  53682,  99164, 133581,  11512, 111230,  58861,
       119493,   5874,  42027, 126848,  30135, 150685, 150895,  90704,
        47510, 129612,  50358,  61716,  36786,  67353,  52583,  83198,
        56696,  25580,  63653,  43891,   6906, 101302,  48962, 112365,
        83223,  44540, 135136,  91737, 139030,  33510,    353,  27750,
        25328, 105234, 136870,  90852,  48299,  15688,  36212,   3246,
        83873,  65581,  64254,  60625,   9259,  10331, 125491, 125589,
        80927,  31273, 119685,  48412, 149682,   1312, 122928,  33934,
        44615,  89819,  29177,  33898, 149305, 137975,  11666,  87523,
       124447,  27068,  76529, 129807,   4480,  65792,  51387,  46217,
       105589, 127899, 132775, 150799,  71499, 120775,  30701,  18638,
        76577, 124432, 148544, 132665, 119677,  98531, 134516,   3057,
        71972, 132640,  16546,  11572, 139687,      7,  99762,  55287,
       132085,  68921,  27322, 132700, 141207, 138895, 119198, 120331,
        33996,  17387, 140351, 124529, 151797,  77331,  54369,  72646,
        64285, 122013, 141485,  37566,  15699,  67198,  53764,  27805,
        38256,  92904,  83275,  11237,  47650, 153433,  38523, 127002,
        70227,    728, 129163,  35154, 111178,   3697, 141852, 111834,
        16076,  92791, 131247,  15187, 122425, 131433, 102587,  16365,
       116967, 134674,   9226, 126700,  94010,  11780,  31766, 148796,
        63319,   8541,  46902, 132155,  95897, 107221,  38965,  61737,
        77942, 130525,  91235, 147926, 123823,  29612, 135025, 143341,
       152199,  21757,  88657,  66889, 106416, 118357,  67947,  81591,
       109428,  54190,  44146,  25612,  96657,  11925,  35953,  24492,
       114136,  19470,  98027,  50534,  42758,  27578, 120698,  47478,
       150315,  10117,  78314, 143993,  85471, 123859,  20793,  29378,
       103384,  88613, 151028,  96286,  41991,  87687,  28868, 115332,
        85522,  22646,  94141,  78487, 144418,   5869, 147080,  80797,
       101112,  32233, 114996, 120387,  97880, 147107,  39761, 146835,
       130615, 146155, 152451, 134113,  81586, 152118, 152956,  53136,
        90557,   7141, 141434, 107454,  88316, 143254, 150521,  99114,
          447, 144719,  12415,  53182,  83784, 152708,  25075,  44240,
       115282, 104250, 108733,  42068, 100382,  55591,  92859, 102252,
        67651,  11119, 148832, 123510,  11861,  52644, 118248,  70172,
       128273,  81576, 112311, 139636,  87056, 152826,   5759,  76683,
        37162, 102616, 108227, 143009, 131527,  84054, 140213, 132494,
        78925, 109098,  96154,  91573,  37108, 104624,  35413,    138,
       125368,  32564, 108266,  31612,  40122,  50237,  39211, 131181,
       110546, 133309,  68780, 127334,  44408,   2808,  98703,  33390,
        75605,  54173, 136068,   5190,    649, 145736, 117024,  10155,
       134420,  92322]), array([ 47535,  31713, 119315, ..., 141051,  65865,  40287])]
shape of feat_train: (11544, 602)
Mean accuracy: [0.8925778002674667, 0.0017944292912918912]
