size of adj_train: (44625, 44625)
#edges in adj_train: 218140
Test set results: loss= 1.5456 accuracy= 0.4714
idx_selected :  [array([10109, 20890, 29916, 43717,  8546, 23333,  2888, 31330, 23179,
       10925, 27977, 21821,   497, 38850, 44305, 11018, 38637]), array([23596,  2982, 35160, 24749, 24663, 13930, 44441, 39885, 29848,
       40209, 29426,  6023, 41041, 35478,   784,  6275, 41057, 15761,
        9834, 23760, 43347, 22161,  9679, 37703]), array([10631, 29542, 40441, 10400,  2675,  6298,   894, 38847, 39213,
       20990, 40973, 31037,  3375, 19268, 42063, 35757, 32204, 38203,
       38592, 12809, 35065, 39860,  9895, 10472, 25052, 17126]), array([34029, 19760, 42206, 29752, 27633, 38616, 41660, 39041,  2381,
       20572,  4906, 20230, 24983, 26252, 38602, 27350,  8999, 29162,
        9459,  1137, 33588, 36947, 11995, 41736, 43375,  4280,  5051,
       17722, 14444,  4262, 37273]), array([34047, 27957,  7753, 15289, 32924, 10993, 42044, 37675, 21715,
       16387, 43519, 36157, 29125, 33255,    62, 29786, 11104, 28418,
        6783, 39519, 28701, 40001, 44163,  6239,  8017,  7072, 32171,
        6931, 29072, 35680, 24640, 37100, 32938,  1253, 42024, 37932,
       32889,  4641, 14825, 22748, 27470, 28658, 11286]), array([13630, 17983, 11338, 13689, 31326,  3370, 42897,   116,  3801,
       21176,  1302, 27005, 28491, 22583, 20495, 14033, 19671, 16995,
        7893, 19077, 32370, 32505,    18, 40115, 40140,  4129, 14206,
       13425, 25618, 20840, 32229, 32007, 41193, 18809, 32614, 10090,
       17075, 36977, 35707,  6141, 44042, 22598, 26794, 13567, 11119,
       12436, 21935, 32441,  3030, 19966, 41674, 41119, 19379,  5776,
       28521, 26167, 18735, 37077, 16933, 25005, 33201,   889, 32850,
       22949, 40417, 20828, 26088, 24593, 40546, 35356, 16139, 30269,
       32603,  3997, 13946, 32531, 34967,  5984,  2856, 33764,  5547,
       39326, 36316, 24773, 41429, 13659, 22043,  2728,  6483, 15153,
       40686,  7453, 19039, 12557, 10415, 41725,  3940,  1448, 39686,
       13591, 31779, 34155, 24469, 26920,  8570, 25941, 10840, 12400,
        5606, 36152, 16244,  8288, 11309, 38716, 26862]), array([ 5948, 27918,  2069, 22717, 25111, 17390,  3715, 11607, 30219,
        7159, 16878, 19492, 33826,  8486, 19194,  4245,  6890, 40152,
       20518, 13761, 11777, 36782, 15587, 14463,  1083, 22670,  5442,
       30930, 10070, 10612, 11541,  9041, 36663, 44623, 16566, 25480,
       14195, 39573,  9136, 36312, 42426, 26149, 30970, 24078,  4141,
        6802, 24176,  2820, 20364, 42314, 24448, 28889,  7109, 22011,
       34508, 14188, 16581,  9284, 16396, 42931, 34301, 12148, 39046,
       18086, 22280, 20084,  9054, 33988, 29085, 29747, 37773, 36035,
       17668,  5318, 37595, 44294, 17000, 41658, 25982, 36116, 31274,
       14224, 33714,    57, 18743, 35998,  3856, 17249, 22619,  9876,
        7432, 38206, 17370, 17157, 15658, 19579, 38735, 27756, 41341,
       13681, 23826, 20022, 30987,  1930, 36496, 16964, 15284,   274,
        4114, 20356, 29570, 35218, 40165, 28100, 22176, 21321, 43468,
       25769, 37339, 12445, 34933, 33672, 11289, 24299, 28286,  4718,
       26797, 32633, 16415, 12997, 38562, 32417, 13853, 28683, 15260,
       11679,  6339, 26515, 13600, 16418, 17473,  7788, 29720, 41063,
        6586, 44110, 36513, 17729, 23279, 18866, 16487, 31836, 11225,
       43758, 19065, 44562, 43123, 35681, 40462, 35677, 28892,  4019,
        2905,  9085, 37827, 29277, 28866, 42681, 15141, 28978,  9455,
       16285, 10284, 42821, 43821, 24217,  8805, 21890, 34809, 33179,
       24335,  3343, 15427, 30657,  2535, 12970,  4955, 33311, 34133,
         865])]
Namespace(dataset='flickr', dropout=0.0, epochs=400, gpu_id=0, hidden=256, inductive=1, keep_ratio=1.0, lr=0.01, method='kcenter', mlp=0, nlayers=2, normalize_features=True, reduction_rate=0.01, seed=15, weight_decay=0.005)
size of adj_train: (44625, 44625)
#edges in adj_train: 218140
Test set results: loss= 1.5456 accuracy= 0.4714
idx_selected :  [array([10109, 20890, 29916, 43717,  8546, 23333,  2888, 31330, 23179,
       10925, 27977, 21821,   497, 38850, 44305, 11018, 38637]), array([23596,  2982, 35160, 24749, 24663, 13930, 44441, 39885, 29848,
       40209, 29426,  6023, 41041, 35478,   784,  6275, 41057, 15761,
        9834, 23760, 43347, 22161,  9679, 37703]), array([10631, 29542, 40441, 10400,  2675,  6298,   894, 38847, 39213,
       20990, 40973, 31037,  3375, 19268, 42063, 35757, 32204, 38203,
       38592, 12809, 35065, 39860,  9895, 10472, 25052, 17126]), array([34029, 19760, 42206, 29752, 27633, 38616, 41660, 39041,  2381,
       20572,  4906, 20230, 24983, 26252, 38602, 27350,  8999, 29162,
        9459,  1137, 33588, 36947, 11995, 41736, 43375,  4280,  5051,
       17722, 14444,  4262, 37273]), array([34047, 27957,  7753, 15289, 32924, 10993, 42044, 37675, 21715,
       16387, 43519, 36157, 29125, 33255,    62, 29786, 11104, 28418,
        6783, 39519, 28701, 40001, 44163,  6239,  8017,  7072, 32171,
        6931, 29072, 35680, 24640, 37100, 32938,  1253, 42024, 37932,
       32889,  4641, 14825, 22748, 27470, 28658, 11286]), array([13630, 17983, 11338, 13689, 31326,  3370, 42897,   116,  3801,
       21176,  1302, 27005, 28491, 22583, 20495, 14033, 19671, 16995,
        7893, 19077, 32370, 32505,    18, 40115, 40140,  4129, 14206,
       13425, 25618, 20840, 32229, 32007, 41193, 18809, 32614, 10090,
       17075, 36977, 35707,  6141, 44042, 22598, 26794, 13567, 11119,
       12436, 21935, 32441,  3030, 19966, 41674, 41119, 19379,  5776,
       28521, 26167, 18735, 37077, 16933, 25005, 33201,   889, 32850,
       22949, 40417, 20828, 26088, 24593, 40546, 35356, 16139, 30269,
       32603,  3997, 13946, 32531, 34967,  5984,  2856, 33764,  5547,
       39326, 36316, 24773, 41429, 13659, 22043,  2728,  6483, 15153,
       40686,  7453, 19039, 12557, 10415, 41725,  3940,  1448, 39686,
       13591, 31779, 34155, 24469, 26920,  8570, 25941, 10840, 12400,
        5606, 36152, 16244,  8288, 11309, 38716, 26862]), array([ 5948, 27918,  2069, 22717, 25111, 17390,  3715, 11607, 30219,
        7159, 16878, 19492, 33826,  8486, 19194,  4245,  6890, 40152,
       20518, 13761, 11777, 36782, 15587, 14463,  1083, 22670,  5442,
       30930, 10070, 10612, 11541,  9041, 36663, 44623, 16566, 25480,
       14195, 39573,  9136, 36312, 42426, 26149, 30970, 24078,  4141,
        6802, 24176,  2820, 20364, 42314, 24448, 28889,  7109, 22011,
       34508, 14188, 16581,  9284, 16396, 42931, 34301, 12148, 39046,
       18086, 22280, 20084,  9054, 33988, 29085, 29747, 37773, 36035,
       17668,  5318, 37595, 44294, 17000, 41658, 25982, 36116, 31274,
       14224, 33714,    57, 18743, 35998,  3856, 17249, 22619,  9876,
        7432, 38206, 17370, 17157, 15658, 19579, 38735, 27756, 41341,
       13681, 23826, 20022, 30987,  1930, 36496, 16964, 15284,   274,
        4114, 20356, 29570, 35218, 40165, 28100, 22176, 21321, 43468,
       25769, 37339, 12445, 34933, 33672, 11289, 24299, 28286,  4718,
       26797, 32633, 16415, 12997, 38562, 32417, 13853, 28683, 15260,
       11679,  6339, 26515, 13600, 16418, 17473,  7788, 29720, 41063,
        6586, 44110, 36513, 17729, 23279, 18866, 16487, 31836, 11225,
       43758, 19065, 44562, 43123, 35681, 40462, 35677, 28892,  4019,
        2905,  9085, 37827, 29277, 28866, 42681, 15141, 28978,  9455,
       16285, 10284, 42821, 43821, 24217,  8805, 21890, 34809, 33179,
       24335,  3343, 15427, 30657,  2535, 12970,  4955, 33311, 34133,
         865])]
Namespace(dataset='flickr', dropout=0.0, epochs=400, gpu_id=0, hidden=256, inductive=1, keep_ratio=1.0, lr=0.01, method='kcenter', mlp=0, nlayers=2, normalize_features=True, reduction_rate=0.01, save=True, seed=15, weight_decay=0.005)
size of adj_train: (44625, 44625)
#edges in adj_train: 218140
Test set results: loss= 1.5456 accuracy= 0.4714
idx_selected :  [array([10109, 20890, 29916, 43717,  8546, 23333,  2888, 31330, 23179,
       10925, 27977, 21821,   497, 38850, 44305, 11018, 38637]), array([23596,  2982, 35160, 24749, 24663, 13930, 44441, 39885, 29848,
       40209, 29426,  6023, 41041, 35478,   784,  6275, 41057, 15761,
        9834, 23760, 43347, 22161,  9679, 37703]), array([10631, 29542, 40441, 10400,  2675,  6298,   894, 38847, 39213,
       20990, 40973, 31037,  3375, 19268, 42063, 35757, 32204, 38203,
       38592, 12809, 35065, 39860,  9895, 10472, 25052, 17126]), array([34029, 19760, 42206, 29752, 27633, 38616, 41660, 39041,  2381,
       20572,  4906, 20230, 24983, 26252, 38602, 27350,  8999, 29162,
        9459,  1137, 33588, 36947, 11995, 41736, 43375,  4280,  5051,
       17722, 14444,  4262, 37273]), array([34047, 27957,  7753, 15289, 32924, 10993, 42044, 37675, 21715,
       16387, 43519, 36157, 29125, 33255,    62, 29786, 11104, 28418,
        6783, 39519, 28701, 40001, 44163,  6239,  8017,  7072, 32171,
        6931, 29072, 35680, 24640, 37100, 32938,  1253, 42024, 37932,
       32889,  4641, 14825, 22748, 27470, 28658, 11286]), array([13630, 17983, 11338, 13689, 31326,  3370, 42897,   116,  3801,
       21176,  1302, 27005, 28491, 22583, 20495, 14033, 19671, 16995,
        7893, 19077, 32370, 32505,    18, 40115, 40140,  4129, 14206,
       13425, 25618, 20840, 32229, 32007, 41193, 18809, 32614, 10090,
       17075, 36977, 35707,  6141, 44042, 22598, 26794, 13567, 11119,
       12436, 21935, 32441,  3030, 19966, 41674, 41119, 19379,  5776,
       28521, 26167, 18735, 37077, 16933, 25005, 33201,   889, 32850,
       22949, 40417, 20828, 26088, 24593, 40546, 35356, 16139, 30269,
       32603,  3997, 13946, 32531, 34967,  5984,  2856, 33764,  5547,
       39326, 36316, 24773, 41429, 13659, 22043,  2728,  6483, 15153,
       40686,  7453, 19039, 12557, 10415, 41725,  3940,  1448, 39686,
       13591, 31779, 34155, 24469, 26920,  8570, 25941, 10840, 12400,
        5606, 36152, 16244,  8288, 11309, 38716, 26862]), array([ 5948, 27918,  2069, 22717, 25111, 17390,  3715, 11607, 30219,
        7159, 16878, 19492, 33826,  8486, 19194,  4245,  6890, 40152,
       20518, 13761, 11777, 36782, 15587, 14463,  1083, 22670,  5442,
       30930, 10070, 10612, 11541,  9041, 36663, 44623, 16566, 25480,
       14195, 39573,  9136, 36312, 42426, 26149, 30970, 24078,  4141,
        6802, 24176,  2820, 20364, 42314, 24448, 28889,  7109, 22011,
       34508, 14188, 16581,  9284, 16396, 42931, 34301, 12148, 39046,
       18086, 22280, 20084,  9054, 33988, 29085, 29747, 37773, 36035,
       17668,  5318, 37595, 44294, 17000, 41658, 25982, 36116, 31274,
       14224, 33714,    57, 18743, 35998,  3856, 17249, 22619,  9876,
        7432, 38206, 17370, 17157, 15658, 19579, 38735, 27756, 41341,
       13681, 23826, 20022, 30987,  1930, 36496, 16964, 15284,   274,
        4114, 20356, 29570, 35218, 40165, 28100, 22176, 21321, 43468,
       25769, 37339, 12445, 34933, 33672, 11289, 24299, 28286,  4718,
       26797, 32633, 16415, 12997, 38562, 32417, 13853, 28683, 15260,
       11679,  6339, 26515, 13600, 16418, 17473,  7788, 29720, 41063,
        6586, 44110, 36513, 17729, 23279, 18866, 16487, 31836, 11225,
       43758, 19065, 44562, 43123, 35681, 40462, 35677, 28892,  4019,
        2905,  9085, 37827, 29277, 28866, 42681, 15141, 28978,  9455,
       16285, 10284, 42821, 43821, 24217,  8805, 21890, 34809, 33179,
       24335,  3343, 15427, 30657,  2535, 12970,  4955, 33311, 34133,
         865])]
shape of feat_train: (446, 500)
Mean accuracy: [0.4462824362479273, 0.0031159495414637608]
Namespace(dataset='flickr', dropout=0.0, epochs=400, gpu_id=0, hidden=256, inductive=1, keep_ratio=1.0, lr=0.01, method='kcenter', mlp=0, nlayers=2, normalize_features=True, reduction_rate=0.01, save=True, seed=15, weight_decay=0.005)
size of adj_train: (44625, 44625)
#edges in adj_train: 218140
Test set results: loss= 1.5456 accuracy= 0.4714
idx_selected :  [array([10109, 20890, 29916, 43717,  8546, 23333,  2888, 31330, 23179,
       10925, 27977, 21821,   497, 38850, 44305, 11018, 38637]), array([23596,  2982, 35160, 24749, 24663, 13930, 44441, 39885, 29848,
       40209, 29426,  6023, 41041, 35478,   784,  6275, 41057, 15761,
        9834, 23760, 43347, 22161,  9679, 37703]), array([10631, 29542, 40441, 10400,  2675,  6298,   894, 38847, 39213,
       20990, 40973, 31037,  3375, 19268, 42063, 35757, 32204, 38203,
       38592, 12809, 35065, 39860,  9895, 10472, 25052, 17126]), array([34029, 19760, 42206, 29752, 27633, 38616, 41660, 39041,  2381,
       20572,  4906, 20230, 24983, 26252, 38602, 27350,  8999, 29162,
        9459,  1137, 33588, 36947, 11995, 41736, 43375,  4280,  5051,
       17722, 14444,  4262, 37273]), array([34047, 27957,  7753, 15289, 32924, 10993, 42044, 37675, 21715,
       16387, 43519, 36157, 29125, 33255,    62, 29786, 11104, 28418,
        6783, 39519, 28701, 40001, 44163,  6239,  8017,  7072, 32171,
        6931, 29072, 35680, 24640, 37100, 32938,  1253, 42024, 37932,
       32889,  4641, 14825, 22748, 27470, 28658, 11286]), array([13630, 17983, 11338, 13689, 31326,  3370, 42897,   116,  3801,
       21176,  1302, 27005, 28491, 22583, 20495, 14033, 19671, 16995,
        7893, 19077, 32370, 32505,    18, 40115, 40140,  4129, 14206,
       13425, 25618, 20840, 32229, 32007, 41193, 18809, 32614, 10090,
       17075, 36977, 35707,  6141, 44042, 22598, 26794, 13567, 11119,
       12436, 21935, 32441,  3030, 19966, 41674, 41119, 19379,  5776,
       28521, 26167, 18735, 37077, 16933, 25005, 33201,   889, 32850,
       22949, 40417, 20828, 26088, 24593, 40546, 35356, 16139, 30269,
       32603,  3997, 13946, 32531, 34967,  5984,  2856, 33764,  5547,
       39326, 36316, 24773, 41429, 13659, 22043,  2728,  6483, 15153,
       40686,  7453, 19039, 12557, 10415, 41725,  3940,  1448, 39686,
       13591, 31779, 34155, 24469, 26920,  8570, 25941, 10840, 12400,
        5606, 36152, 16244,  8288, 11309, 38716, 26862]), array([ 5948, 27918,  2069, 22717, 25111, 17390,  3715, 11607, 30219,
        7159, 16878, 19492, 33826,  8486, 19194,  4245,  6890, 40152,
       20518, 13761, 11777, 36782, 15587, 14463,  1083, 22670,  5442,
       30930, 10070, 10612, 11541,  9041, 36663, 44623, 16566, 25480,
       14195, 39573,  9136, 36312, 42426, 26149, 30970, 24078,  4141,
        6802, 24176,  2820, 20364, 42314, 24448, 28889,  7109, 22011,
       34508, 14188, 16581,  9284, 16396, 42931, 34301, 12148, 39046,
       18086, 22280, 20084,  9054, 33988, 29085, 29747, 37773, 36035,
       17668,  5318, 37595, 44294, 17000, 41658, 25982, 36116, 31274,
       14224, 33714,    57, 18743, 35998,  3856, 17249, 22619,  9876,
        7432, 38206, 17370, 17157, 15658, 19579, 38735, 27756, 41341,
       13681, 23826, 20022, 30987,  1930, 36496, 16964, 15284,   274,
        4114, 20356, 29570, 35218, 40165, 28100, 22176, 21321, 43468,
       25769, 37339, 12445, 34933, 33672, 11289, 24299, 28286,  4718,
       26797, 32633, 16415, 12997, 38562, 32417, 13853, 28683, 15260,
       11679,  6339, 26515, 13600, 16418, 17473,  7788, 29720, 41063,
        6586, 44110, 36513, 17729, 23279, 18866, 16487, 31836, 11225,
       43758, 19065, 44562, 43123, 35681, 40462, 35677, 28892,  4019,
        2905,  9085, 37827, 29277, 28866, 42681, 15141, 28978,  9455,
       16285, 10284, 42821, 43821, 24217,  8805, 21890, 34809, 33179,
       24335,  3343, 15427, 30657,  2535, 12970,  4955, 33311, 34133,
         865])]
shape of feat_train: (446, 500)
Mean accuracy: [0.4462824362479273, 0.0031159495414637608]
