Namespace(dataset='reddit', dropout=0, epochs=400, gpu_id=0, hidden=256, inductive=1, keep_ratio=1.0, lr=0.01, method='kcenter', mlp=0, nlayers=2, normalize_features=True, reduction_rate=0.02, save=True, seed=1000, weight_decay=0.0)
size of adj_train: (153932, 153932)
#edges in adj_train: 10753238.0
Test set results: loss= 0.4835 accuracy= 0.9394
idx_selected :  [array([ 13694,  38678, 145784, 104467]), array([ 97335,  98628, 139578,   1771,  90474,  41998,   6500,  20581,
        60351, 136925, 102418,  96427,  63266,  33619]), array([ 67316,  53645,  35594, 153735,  32777,  96474,  97922,  83885,
        56670,  28828,  70688,  18789,  51726, 140396,   3375, 123421,
        85017,  46092,  17278,  61227,  13154]), array([ 94720, 135926,  30146,  39156, 101592, 111630,  37840,   1518,
       146664,  75911,   7983,  21889,  35125,  52241,  21955,  87225,
        34121,  64414, 123929,  92463, 114220,  31245]), array([113413,  29314,   9803,  85208, 131327,  76237,  81323, 124868,
        78867,  54706,  91296,  63022,  25600, 145688,  16755, 109400,
       136651, 132533, 142462,  94646,  29861, 100508]), array([ 82638, 106042, 141692, 151710,  46674,  38791, 147397, 106946,
       136650,  83191,  44066,  43071, 134865, 123879,  29387, 148507,
       129566, 151651, 114066, 124801, 153827, 102773,   9010]), array([150745,  95506, 123587, 151991,  87132, 142049,  51534,  20066,
        87816,  53927,  68787,  57950, 135288, 135352,  44774,  60928,
       110815,  85448, 149920, 112675,  46968,  88137,  96237, 148001,
        71928, 110096,  47913,  72261,  36815]), array([110367, 135307,  16096,   2275, 129285,  54850,  54349, 123652,
       153018,  38447,  56519,  21824,  63642,   5753,  31954,  24776,
       142869,  41296,  99756,  95947,  28329, 130202,  17583, 152894,
       148284,  29443,  97207, 151013,   8120]), array([118520, 136607,  43890,  54845,  89580, 124152, 131071,  43602,
        60849, 153409, 143137,  71200,  97693,   1892,  27342, 134980,
       117592,  60943,  49329,  79863,  60827, 113086,  46336,  39255,
       133562,  45684,  50900, 133426,  32829,  29102,  85563]), array([110337, 132598, 119424,  41678,  37725, 141701, 112637,  20283,
       123268, 150619, 116123, 103673,  68782,  37838,  65983,  52608,
       117442,  95697,  87399,  95794, 149772, 115933, 103172,   2137,
        52357,  59106, 139610, 101779, 119928,  53381,  69977, 128753,
       112881]), array([ 56748, 136178, 132428, 121960, 147559,  82632,  79580,  66344,
        86338,  78825,  86147,  21385,  60851,  71180, 124420, 153645,
        45732, 149151,  40933,  88874,  69705, 116132,    397, 140453,
       114919,  33542, 150289,  37288,  34607, 111127, 112215, 109031,
       139635,  11418,   3214, 142849, 135713]), array([118869,  29707,  72660,  76880,  35469,  52958,  27328, 151459,
        40262,   7822, 135950, 126289,  73694,  53054,  76250,  58764,
        29335,  75343,  68336,   7651, 142081, 104947,  54995,  45774,
        28681,  44763, 141926,  95371, 142025, 107826, 143518,  25928,
        49385,  41452, 134020, 109667,  83977]), array([ 72677,  60884,  32878,  96145,  32300,  58498,  89695,  82455,
       106884,   3881,  28287,  49201, 109812, 107676, 151254, 136023,
       131078,  89472,   5210, 150358,  12045, 114451, 114711,  16151,
       105206, 149523,   1007,  79533,  90728,  80455, 113732,  91900,
       130904,  82034, 131391, 132296, 152603,  98800,  79134, 125813]), array([135952, 145004, 118377, 117492, 121446,  29993,  37170,  53046,
       114788,  60573,  50347,  10978,  54307,  87006,  55432, 112625,
        56786, 129610, 105474, 146497,  21358, 104751, 149889,   7782,
       113085,  16333, 142174, 148394,  15001, 109497, 130943,  60140,
        68288,  65883, 101697, 118362,  67056, 130729,   2260,  69630,
       129748,  89628]), array([  8560,  81379,  27706,  19730,  12509,  79411, 101400,  20285,
        37882,  72363,  62499, 123433,  52722, 134215,  86372,  64925,
        56077, 112381, 121153, 141522,  39954, 146720, 100411,  51803,
       100301, 144484, 146191,  32875,  44475,  87016,  30185,  70049,
        34509,  89117,  71064, 126456,  14356,  69224,  11734,  26783,
       118580,  28639, 118590,   4438]), array([ 49569,  90933,  75217,  41259,  59563, 134743,   5242,  91916,
       149663, 151376,  32402, 140799, 106853, 150743, 153048,  10919,
       142326, 141441,  49821,  99760, 141679, 123584,  38575,   5806,
         3399,  89566,  37591,  44512,  52746, 121375, 137435,  71888,
       125834,   4439,  56885,  93478,  11560,  23426,  23596,  29940,
       145059,    503,  24640,  99471, 110324]), array([ 92122, 150586,  14068, 127598,  10069, 139961,  53171, 101488,
        48776, 131945, 150497, 133395, 138805, 129458,  77201,  47428,
       129465,  24957, 104822,   6047,  50949,  95456, 144389, 128909,
        95147,  44717, 113038, 122106,  73580,  92561,   1875,  85957,
        96439,  21069, 115269,  31250, 133679,  12060, 147466,  46976,
         1839, 148209,  93939, 119244,   9273, 107218, 135031]), array([114075, 132008,  64906,   4612,  49577,  93298, 144590,  87159,
         4619, 136572, 125048,  14206,  92600,  48017,  81017, 138212,
        90763, 106711,  63938,    600,  76182,  68529,  80637, 101364,
        25497,  89503, 127241,  71390,  89509,  94313,  12714,  60461,
       134467,  27791, 106456,  96614, 100562, 116397, 113897,  54731,
       106695,  45322,  75531, 117050,  28781,  95433,  83184]), array([112097, 101879,   3005,   2932, 122251, 139910,  86368,  63085,
       106905,  99483,  69359,  33088,  26722,  26464,  49621, 129097,
        62178, 120251,  51945,  45174,   7138, 116969,  62798,  66757,
        23931, 135033,  21893, 121434,  59347, 127085, 116091,  27030,
        33265,  51010,  42498,  17672,  30721, 113601, 132863,  91081,
       141210,  39563,  21345,  38361,  10543,  17770, 121431, 138602,
        28288, 134842,  97769,  20258, 143815,  46233, 111267,  78422]), array([  1246,  19904, 120272,   3429,  61508,   9337,  66895,  98290,
       117090,  40397, 129140, 132832,  98964,  77524, 132829,  68403,
        27501, 145051,  26293, 107040, 138545,  59157, 134412, 131703,
        67514,  75685,  91583,  89971,  83055, 134277,  34247, 138173,
        49213, 119627,  90703,  22156,  41357,  23204,  96135,  53771,
       126694, 138375, 112140,  86069,  30426, 108252,  47891, 118825,
        92697,  23985,  41756,   8841, 142527,  25230,  15889,  30245]), array([103635, 140788,  23206, 129051, 121685,  18728,  86452, 142992,
       106957, 127516, 121218, 114810, 149951,   9539,  86284,  73479,
       122240, 143509, 127993,  14392, 137340, 149256,  75814,  67458,
        64676,  57483, 116248, 139364,  48237, 136179,  81832, 116436,
       142642, 106718,  19748,  89504,  94573,  20471,  29162,  17967,
         5940, 109709,  79093,  24782,  48087,  99479,   2517, 125783,
        96639,  10874,  29129, 125053,   5913,  11172, 147139,  55217]), array([137920, 123480, 129413,  76981, 145463, 121977,  98753, 126319,
        26172, 153466,  81984, 143842,  36818, 145520,  89856, 130195,
        67828, 120109,  13278, 118790, 131112,  26453,  73289,  82195,
       123073, 104363,  50170, 121867,  32222,  63490, 146495,  29298,
        85156,  19629,  98293,  70584,  82156,  81176,  20452, 101868,
       114187,  90206, 111153, 129236,  53905,  73624,  11203,  57666,
        28833, 128338,  11282,  90368, 125270, 125024,  52038,  62354]), array([145640, 122200, 114448,  92663,   5919,  95266, 115513,  80810,
        45891, 101304,  19821,   5871, 122294, 142299,  25871,  57329,
       150008,  77423,  37996, 122876,  10277,  86394,  80392, 132735,
       108275,  53490,  50795,   6010,  94107,  80845, 103241,  44565,
       124160,  18047,  12362,  49254,  75793,   7749, 122660,  90079,
       131294,  95369,  36823, 101920,  37163,  51935,  92262,  65151,
       143172,  87733,  83133,  47960,  87326,  36315,  95134, 127132,
        84749]), array([119609,  62738,   8058, 149005,   7632,  29692,  54484, 109223,
       151292, 126976,  75659, 126979,  58034,  69439, 106584,  84737,
        17202, 134560,  32144,   4705,  55473,  72511, 119425, 146314,
        32019, 149029,  40301,  74650,  56471, 100026, 146675, 149186,
        73960, 150272,  78310,   1513, 138238,  44270,   7485, 113437,
        86697, 109938,  48250, 120828,  81452,  54447,  76342,  99506,
       120080,  71839, 134971,  96423,  68578,  94875,  44844,  80919,
        66614]), array([114061,  24160,  35851,   3321,  76515,  57599, 139145, 109910,
        50953,  69694, 109624,  59452, 113207, 133054, 142448, 140509,
       122469,  13032,  76492,  13077,  98409,  41153,  16137,  52905,
       139226,   3963,  72493, 141078,  27145,    957,  54475, 121466,
        44057,  27396, 112239,  72838,  84861, 144401,  18641,  63099,
        83368,  45782,   5673,  88595,  90816, 140930, 147636, 115850,
       115792,   6356,  53975,  91444,  47287,   4786, 113386,  64050,
       101916, 125001,  41497,  84140,  10723,   8313]), array([141971,  18747, 153513,  53371, 133647,  91676, 115224,  58228,
       121008, 129749, 152398, 127833,  37873,  68395,  43800,  59472,
        34401,  74059,   5008,  65262, 152703,  48101,  40953, 137419,
       114688, 126995, 145234, 126672,  54262, 144793,  68343,  72667,
       118975,  34213,  24244,  34590, 136335, 143683, 122690,  59088,
        66457, 132427, 144226,  69206,  83312,  64862,  29172,   6283,
       114682, 147772,  48837,  24518, 107713,   9297, 151890,  91156,
       146089, 115073,  39711,  41400, 130938,  53376,  38033,   8727]), array([ 62477,  69310, 135805,  78210, 124491,  33052,  14363,  52379,
        90379, 105453,  58275, 140401,  50867,  45792,  40962,   3006,
        39536, 142362,  30642,  34229, 143039, 118455,  68831, 130196,
       144779, 102295, 124143,  38058,  75886,  36689,  57908, 108178,
           74, 120678,  21235,  55274,  33172, 116996,  21034,  93180,
       116755,  20724,  49214,  76622, 103905,  71332, 145400, 140468,
       110868, 127173, 134262, 106764, 119713, 151159, 117971, 141703,
       123749,  35947, 151297, 123103, 118677,  82180,  78462, 103879,
        22230]), array([110507,  28089, 106397,  38537,  36005,  73470, 113444,  87241,
       116808,  21494, 108259,   9729,  12994,  70892,  33908, 133841,
        80173, 144315,  98207,  91177,  78476,  85580,  51355, 147118,
        96207, 144748,  30934, 133687,  51560,  74513, 137357,  14175,
       132464,  52633, 133126, 147111,  33262, 141034,  75985,  40426,
        32981, 116497,  50648,  84857, 142665, 147273,  79855,  87391,
        21710,  83303, 139335, 104487,   7864,  11929, 116422,  71522,
        88355, 128526, 132481, 128135,  44161,  16848,  47550,  32526,
        16352,  44143]), array([139760,  68076,  98668,  66269,  24188, 149212, 112435, 131758,
        67218, 152093, 120953, 130312,  53205,  90675, 133781,  14172,
        39831,  67257,  63303, 149671, 134972, 138062,  44775,  76804,
        22563,  37020, 102021, 118037,  27582, 127202, 109422,  51405,
        43855, 129506, 124512,  66707, 107761, 137211, 136927,  95086,
        38145,  45201,  24007,  35819,  62633,  80037,  88516, 136337,
        55106,   8410,  24127,  34345,  66805, 132541,  60704,  54866,
        21635,  74259, 110816, 118366,  96421,  18937, 137853,  78756,
        35556,   2509,  79561]), array([ 79088,  40912,   8077,  82031,  66404, 152957,  14662,  89669,
        45216,  67047,  74284, 102791,  84331,  13611, 128332,  75632,
        98178,   4965,    424,  55881,  57972,  33940,  43484,  28610,
         2400,  41398,  87198,  70276,  83375,  58787,  49672,  28976,
        40605, 131497, 135577,  78864,  50751, 130097, 104872,  73132,
         4750,   4017,   9784,  98120,  44826,  27446,  34492, 105323,
         1535,  66323,  41538, 100935, 110100,  14695, 109821, 114232,
        87267,  88277, 121243, 123808, 106295,   3663,   1281, 113161,
       134082,   2676,  72581]), array([ 13161,  98306,  94495,  33517,  15846,  49339,  26123, 117670,
       151133,  67109,  80013,  75446, 109612,  69295,  67531,  59921,
       108605,  99013, 118567,  26799,   7144,  80684, 145531, 114605,
        22188,  31218,  63907,  68085,  26305,  56760,  86046,  33727,
        59402,  53286, 139827, 112975,  77149, 100671,  61246,  53143,
        15459, 137507,  73223, 111303,  35542,  11569, 109431,  97594,
       145963,  88023,  21957,  45983,  32810, 142544,  13663,  17366,
         3862,  61858,  96934,  55231, 104517,   3352,  11873,  43718,
       141575,  70820,  46678, 114678, 103886,  63072,  65085, 145732,
        15909,   4563,  61827,  64947,   9879]), array([  9166,  53191,  64592,  11356,  48217,  85565,  29228,  89845,
        40004, 153164, 130330,  58326,  57503, 102048,  28469,   6049,
        23106,   7045, 109570,  52624,  29250,  11445,  79918, 143761,
        13095,  17273,   2505, 117614,  35803, 120447,   2287, 117824,
        51645,    218,  31274,  78805,  93281, 141453,  39210, 146914,
        29745, 146124,  74340, 125906, 151425, 107200,  70696, 153397,
        64875,  85801,  49822, 115324, 143952, 100604, 128941,  18940,
        70726, 102888,  82939,  49598,  40327, 124115, 102844,  93004,
        60793,  77270,  66471,  60204, 142736, 149904, 149633,  98107,
        61810, 142575, 110947, 100779,  93201, 117715,    216,  34131,
       122783]), array([  2105,  10228, 127306, 151598, 120330, 113222,  48719,  67645,
       150211,  54076, 121002, 153847,  44873, 133222,  18963, 129038,
        18426,  89292, 129225, 129305,   8448, 126588, 146161,  27607,
        11901,  82056,  43159,  57369, 138268, 145337, 141191,  71211,
       152401, 121495,  85727,  40543,  86238,  92612,  58667,  24981,
        80400, 151610, 145892, 125967,  33480, 105052,  80133,  58570,
        22954,  30737,  60755, 137194, 147516, 117953,   5925,  27353,
       143495,  87063,  60403, 140944,  33471,   5016,  16078,  21356,
        77604,   6700,  46752, 147085, 133734,  87028,  21242,    341,
       145371, 128578,  37415,  48259,  59428, 110669, 149916, 153261,
        23725, 134847,  10892, 111537,  37166,  58549,  31929,  18353,
          163,  55444, 146717, 145115,  66240, 124892, 153134,  57156,
        43638,   3425,  52132,  38991,  12218,  93842,  22987, 108148,
        94456,   2998,  13004,  32227]), array([141571,  84680,  19877, 153217,  56803,  99508, 129795, 136215,
        62344,  93766,  34170, 117038,  28837,  70592,  33263,  64129,
        52331, 140460,  64261,  81495,  91913,   8649,  76096, 139277,
         5370,  96190,  43852,  36769,  91453, 153121,  54259,  87103,
        75574,  73739,  58250,  99569,  59466,  38768, 103340, 145771,
        43553,   6326, 104333, 107434,  43834,  84745,  78680, 128200,
       118764, 153058,  24377,  26415, 132609, 139748,  78822,  78906,
       138713,  16940, 120556,  20324,  43145,  62430,  36783,   3383,
         2844,  65245,  94563,  44382,  91970, 109367,  37463, 114592,
        68170, 104904,  74108, 132873,  43896, 102283, 121522,  73717,
        25651,  67811,  45745, 124071,  69127, 144266,  91806,  90326,
        50863,  55543,  67884,  75423,  44594,  33162,  68506,  76883,
        54402,  77510,  14690, 125031,   8364, 127798, 147795,  17513,
        21897,  30869,  23815,  37165, 147792,  21765,  42012, 127974,
        87939, 103489, 148946,  36431,    869,  75673,  91017,   1076,
        13951, 106922,  82277,  30821,  26545, 146558,  21681,  49975,
       112396, 143810, 101666,  87026, 147656,  52659, 149281,  89858,
        14529, 142994, 121664,   6105,  89459]), array([110587, 128890,  19979,  24399, 129582,  30803,  25181,  31396,
        37114, 128497,  24767,  15616, 142954,  81765,  99358, 103315,
       102713,  55773,  71816, 111779, 123175,  51895,  92617, 122422,
       141501,  82505, 137097,  84058,   6682, 149774,  12388,  47067,
        96868, 129161, 116058, 115284, 141546,  58033,  42518,  39997,
       134371,  70479,  58989,     67,  38370,  85207, 132635,  86048,
       136912, 115929,  12009,  80104,  52995, 121250,  89668, 136419,
       142924,  53552, 117275, 106772, 140978,  66690,   2881,  41335,
        47378,  11467, 100588, 123227, 100783,  99697, 108154,  26571,
        75748, 133810,   7670, 115947,  58613,  57062,  51286,  53798,
       116131,   6781,   9630,  64574,  48311,  92502,  84526,   8794,
        37926,  93859, 145013, 129242,   2523,   8471,  52799,  67864,
        97272,  86908,  70155,  39457, 115593,  23983, 145439,  52265,
        64545, 143084, 111994,  35848,  46609, 132091, 106001, 102024,
        39794,  27064, 104941,  53001,  22827,  68960,  13091,  59565,
        77610,  37507,  99983, 151953, 134143,  14892, 118291,  18079,
       138741,  13613,  52342,    932,  72164, 128846,  86475,  73081,
        26775,  13946,   4229,  15566, 143232, 134138, 133165,  12133,
       103329]), array([148370,  76755, 148239,   7009, 129783,  29536,  35964, 151762,
         4827, 101103, 130256,  54150, 118186, 125461,  85974, 148203,
        25999, 124056,  97560,   2394, 108887,  99214,  38530, 124283,
        64223,  22278, 127959,  81149, 120294,  39380,  40653,  52361,
        82790, 123773,  43721,  54355, 116877, 150355,  14539, 114778,
        58883,  96983,  14080, 147822,  76904,  77230,  22949,  80432,
       110202,  43035, 150040, 151621,  13245,  45675,  65358, 137797,
        47357,  48470,  99666,  82701,  66642, 127108,  76566, 133014,
        75739,  35534,  31183,  50888,  17185, 128612, 104630, 137913,
        60013, 131287, 138745, 116810, 129386, 145140,  28653,   5733,
       102997,  38912, 153150, 147948,    621,   9855,  91044,  47345,
       152949, 103962,  50246,  43660,  70599,  60848, 145655,  15647,
        46039,  77102,  42404, 146710, 141080,  90862,  18526,  70787,
        44268,  86098,  81295,  30750, 127063, 102372,  60425,  94583,
       109093,  44441,  87501,  82181, 145111, 138617,  74136, 132382,
         4190, 152680,  92473, 113034, 150633, 114871, 106653,  64955,
        22444,  61895,  71302,  30935,  40628,  26199, 118254,  30341,
        14581, 148587,  77812,   6459, 149480, 114162,  21105,  90699,
        74837, 109345,   1224, 153911, 118682, 107480,  73048,  97346,
        96526]), array([100794,  68909,  19422, 137846, 124300,  58066, 134776, 110253,
        60207,  84048,  13789,   2650, 100479,  25299,  90249, 137730,
       138502, 101506,  85530,  24089,  47837, 101823,  64650, 129067,
       111826, 149548,  14570, 130733, 150920, 151813, 108520,  66268,
       133788,  31809, 115061,  64950, 153649,  66306, 123435,   8304,
        79385, 101030,   7031,   8924, 120587,  63327, 123259, 151197,
       114305,  81623, 100071,  58207, 137614,  35401, 112622,  98213,
        66802,  62492, 107377, 137977,  81419,  77312, 120275, 112014,
         8434,  23378,  99820, 138503, 100197,  79752,   8668, 100180,
        18542,  16008,  29565, 134932,  84624,  68494, 138955,  89038,
        78256,  64878, 112043,  33303, 132159, 130356,  48029,  25355,
       133318, 120454,  54838, 101741, 136503, 112925,  67186,  91290,
       131421,  48838,  34552,  83350, 111335, 113561,   2673,  34180,
       149837,   4822,  47555, 115529,  20551, 146595,  58656, 126911,
        34978,  44349,  58913, 151716,  94302,  31862, 145441, 129578,
        39470,  48367,  37045,  55832,  95223,  11454, 126941,  18867,
        32751, 110431,   1135,  57509, 136180,  80388,  32640,  93126,
       106370,  95454,  11728, 146163,  11848,  77463,  37031, 106514,
       139647, 151146,  41908, 122505, 113934, 106657,  31837, 107151,
       115440,  39856, 130568,   6678,    844,  90870, 113020,  42999,
       116668,  38184, 131836]), array([ 87186,  37646,  13188,  93704,  35252, 125228,    589,  91545,
       139998, 148206,   7545, 113302,  61402,  83630, 117973, 104185,
       107116,  24278,  54506,  61086, 147805,  15184, 152512,  30520,
        40734,   3626,  12828,  41786,  31470,  39899, 142689, 132790,
        62479, 125866,  88818, 153429,  62318, 153068,    271,  23099,
       133689, 134013,  16895,  31315, 144311,  69591,  70198, 148716,
        54705, 137869,  54962,  30738,  19606, 138980, 112764, 137482,
       148367,  90603,  92277, 111968, 136044,  31038, 144184, 141169,
        93221,  33679,  61874,  61811, 107037, 111831, 102528,  54148,
        59899,  65462, 107445,  90142,  40997,  97169, 123307, 113967,
        17134, 110097, 141220,   9390,  40991,  12781, 153534,  30370,
       119812,  54258,  34675, 124292,  56008,  36250, 153187, 148550,
          511,  74297, 109765, 106916, 119544,  42025, 134682, 122778,
        72348, 101436, 125707,  18930, 138968,  61099,  93496, 151869,
        68643, 107878,  80749,  42269,   8780, 126975,  89769, 148427,
       119270, 120627,  26876, 118542,  59867,  20357,  40758, 128806,
        40400,  74783, 116555,  29133, 131156,   1999,  36011, 134151,
        89147,  13786,  45126, 111568,  14552, 126653,  47236,  19046,
        19668,  55636,  80240, 133919, 152696, 145331, 130259, 153334,
        65172,   6017,  72548,  33875, 137001,  52770, 135112,   1859,
        34455,  88788,  46834, 131387,  73724, 112589,   9123,  57989,
        15089]), array([ 55629, 153026,  54646,  40233,  86640, 129947,  14767,  13590,
         3283,  30727, 114138,   3674,  77607,  83387,  46653, 118121,
        37026,   9380, 110976, 149470,  62948, 102522, 152182,  19978,
        92831,  86680, 130659,  28357,  66660, 150089, 131987,   6086,
        38776,  90292,  43086, 126395, 123798,  24497, 124005, 128675,
       137474,  85570,  44507,  95721,  66462,  50070, 105493, 102011,
       100506, 122436,   6696,  95151,  11294,  65084,  33127,  26210,
        62914, 126404,  94013,  35160, 115251,  13755, 116771, 110417,
       117023, 141498,  34512,  16805,  47900,  58196,  57936,  69840,
        52190,  19965,  34722,  74465, 129452,  11195,  98392,  36045,
       123292,  30432,  70073, 149038,  41918,  53413,  97046, 108331,
        63179, 131488,  10255, 132694,  68273,  50098,  44425,  76729,
        49256,  55120,  72388, 129153,  77501,  99042,   6835, 104631,
         9394,  61868,  38748,  76231,  44225,  16676,  18842, 146613,
        55020, 123684,  79264,  41947,  83292, 136980,  38555, 141369,
       129551,  11819, 143990, 152392,  16930, 108483,  65802,  96833,
        74858,  80332, 133475,   7486, 129710,  13408,  99765,  43152,
       100011,  89378, 149112, 127800,  89786,   7716, 152333, 117035,
       110182, 150244,  38593, 119065, 110721, 142998,  30885, 107174,
        75938,  68446,  36720,  19304,  58696, 149077,  93535,  40298,
        11570, 126335, 109943, 126503,  43416,  60424, 137723,  42309,
        41730,   5350, 148410, 132978, 124562,  72075,  64686,  88930,
       141385,  24344,  17634, 109039, 116651,  75615]), array([ 37299,  36102, 134417,  43203,  48324,  66331,   9463, 122757,
        91904,  18661,  87903,  50330,   9167,  82815,  67599, 139741,
        20371,   8108,   2074,  90221,  30369,  61423, 145994,  84379,
         4767,  16850,  28121, 130024,  62896,  27578, 136124, 134499,
       127644, 130389, 130400,  98802,  96829,  87737, 131376, 105807,
        79578, 130796,  22114,  91203, 129966, 107287,  27718,  66926,
        61617, 146196, 121124,   9809, 122395,  40403,  99834,   7215,
        61452,   7880, 139373,  60213, 150976,  78090,  81689,  12803,
       119841, 151144,  11780,  69990, 152096,   9207, 131606,   2091,
        49462,    127,  56124,  31612,   9367, 152228, 118864,  63890,
       105702, 149513, 117206, 106770,   6971,  21430,  20007,  52348,
       138548,  27711,  91510,  44111,    348,   4744, 135370, 146208,
        31358, 109046,  65812,  96569, 141163, 149829, 125998,  32236,
       112010, 120023,  34929, 119382,  97041,  95673, 146245,  73161,
        32312,  64876,  53695,  19582,  99762, 128396, 137582,  65387,
        16408,  82025, 114620,  65969, 139148,  84859, 104198, 132114,
       139380,  28371,  29803,  50009, 149158, 132836, 137283,  30197,
        59122,  50976,  58092,  78013,  19015,  30859,  73256,  41423,
       115305, 132155,  77942, 147931, 137637,   5190,  67729,   9645,
        68277,  75514, 139266, 149517, 150530,  88613,  30701, 113223,
        12657, 102841,  67276,  48067,  36018, 150617,  31048,  28360,
       122129,  35294,  62936,  52340, 106953,  82067,  88772,  78944,
        40863,  51986, 100974,   4480,  41625, 132835, 119685, 104761,
        83366, 100126, 136698,  41935,  49611, 133931, 131541, 149383,
        76577,  27750,  69174, 135095,  27351,  85720, 142778,  68138,
        84028, 126647,  85589,  38999,  79066,  18774, 145943,  11825,
        16546,  90335, 148920]), array([ 47535,  31713,   7211,  33502,  79087,  30678,  15933, 153125,
       138042, 110536,  36932,  20632,  45370,  84473,  66679, 137629,
        42151,   6338, 127958, 108532,  32165, 125217, 128001,  21160,
       119315, 106865,  85540,  39049, 140990, 147112,  66880,  37668,
        26579,  20578,  88971,  63851, 115520,  66788, 127049,  47653,
         8299,  99638,  41112,  95084,  91016,  59465, 144897,  26954,
       101254, 116283,  92748, 151350,  51032,  14779, 140212, 131519,
       127793,  81248,   1554, 111011,  36406,  49116,  50924, 129616,
        54335, 126489, 144785,  81669,  71090, 117622,  17040, 111418,
        25790, 149852,  26103, 124161, 105186,  91541, 151501,  86566,
       124221,  63408,  97214,  82593,  87760, 108600,  11944,  75375,
        12275,  73919, 127294, 121257,  71655,  33274,  15775,  88354,
        63916,   1231,  55542, 102229,  14765, 128826,  72613, 147715,
        63404,  52293, 119034,  63333, 127755,  32294, 135761,  85524,
       117773, 148859,  28240, 137449,  27484, 137749,  87474, 104845,
        18583,  86119,  59948,  89100,  97420,  76294, 151935, 102624,
        54695,  20036, 147522, 119423, 126115,  71383,  71478,  13470,
       124109,  41899, 137413, 127038, 140813,  50025, 135821, 118134,
        70449,  48504, 132404,  35335,  16857, 131305,  94570, 101817,
        22043, 138768, 122198,  13150, 100537, 109409,  33070,  67812,
        42102, 106505, 148253,   1176,  75501,  58064, 139483,  59137,
        99122,   4691,  97002,  79170,  74261,  20175,  55858,  32191,
        49880,  10017, 129106,   4185,  49777,  17200,   4925,  53797,
        39233,  89608, 137057,  35322,  11852, 113922, 104361,  70837,
        54478,  32702, 103416, 148323,  43212,  28070,  58304,  40027,
       119593, 151668,  90921,  48473,  13251,  36794,  77467,  61551,
       124740,   1293, 100232,  49752,  22597,  31598, 126846, 146769,
         2735,  12729, 135296,  35448,  63865, 101260,   7428, 134700,
        56882, 141190, 147213,  48325,  53270,  36965,  18347, 132927,
       139882, 109110,  70476,  73898,  31296, 104047,  74736,  79007,
        34726,  48628,  88863,  22467,  64270,  78390,   4658,    741,
        41718, 153742, 152578,  45384,  70194, 105871,  24204,  27696,
       122025, 132558,  63606, 116715,  25022,  60500,  66058, 139377,
         5765,   9914, 145315,  51565,  22752,  65143, 111392,  33885,
       105312,  65058, 120215,  58037, 150850,  20246,  91817, 130538,
        17931, 117449,  41028,  85382,  53528,  47025, 128407, 117586,
       137433,  13631,  71347, 106710,  60414,  32141,  83770,   1326,
        12643,  89376, 147409,   3714,  10989,  94370,  85697, 105472,
        45808, 132960, 142012,   1528,  94136,  60479,  56459,  21650,
       101646, 113431,  44577,  93938,  48857, 141065,  96451, 125346,
        35421,  93946,  90940, 145811,  87352,  54022, 147186,  16516,
        56651,  43233, 136929, 151455,  53543, 136331,  67501, 127542,
       109180,  50870, 111986, 127664,  19958,  64141,  22022,  56292,
       132131, 107786, 117786, 136411,  70727,  51015,  97088,  27114])]
shape of feat_train: (3078, 602)
Mean accuracy: [0.8438844110311925, 0.00489921323600072]
