Namespace(dataset='flickr', dropout=0.0, epochs=400, gpu_id=0, hidden=256, inductive=1, keep_ratio=1.0, lr=0.01, method='kcenter', mlp=0, nlayers=2, normalize_features=True, reduction_rate=0.005, save=True, seed=1, weight_decay=0.005)
size of adj_train: (44625, 44625)
#edges in adj_train: 218140
Test set results: loss= 1.5509 accuracy= 0.4711
idx_selected :  [array([10109, 20890, 29916, 43717,  6574, 23333, 12001, 39775]), array([23596,  2982, 35160, 24663, 24749, 44441, 41057, 39885,  2115,
       29426, 35478, 33536]), array([23647, 29542, 40441, 10400,   894, 39213,  6298, 38847,  2675,
       20990, 19268, 25586, 43015]), array([34029, 19760, 42206, 27633, 19094, 34896, 39041,  2381, 41660,
       38314,  8736,  4906, 34820, 11995, 43509]), array([43567, 27957,  7753, 32924, 15289, 10993, 21715, 37675,  9764,
        6931, 43519, 33255, 37100,  7598, 29125, 36157, 21177,  8329,
        6975,  6783, 42044]), array([10794, 36977, 11338, 31326,  3370, 41674, 13425,   116, 20495,
       11119, 21176, 32370,  3801, 18809, 22583, 28491, 19077,    18,
       25005,  2728, 26837, 39686, 12408, 19671, 42897, 16995, 32007,
       30006, 14033, 16244, 34155, 32505,  4129, 32229,  2856, 44042,
       30425, 17983,  6141, 22043, 20783, 42268, 43836, 26794, 12436,
       32614, 13689, 42688,  1302, 32441,  8108,  3030, 40417, 22598,
       39326, 28714, 10090]), array([ 5948, 27918,  2069, 23279, 37339, 14195, 30219, 24448, 33988,
       16878, 12445, 42931, 17390,  7159, 13761, 10070, 33826, 43992,
       19579, 17370, 13447, 22619, 43830, 11541,  1083, 20518, 26149,
       41942, 36312, 40462, 15427,    57, 20022, 30970,  9876, 11679,
        8486, 16462,  1420, 35932,  8459, 16054, 40152,  6425, 31274,
       18743, 44623, 36663, 12118, 19492, 27938, 12148,  2820, 25982,
       36170, 20364, 14463,  5318, 15261, 39046, 17249,  9136, 43821,
        9054, 17668, 22717, 31963, 37773, 22176, 10570,  8652,   274,
       38206,  9041, 13600, 22670, 33725, 41658, 24176,  3856, 30987,
       34809, 34508, 18577, 34933, 19194, 27555, 10858, 17000,  3795,
       31133, 13649, 42426, 22280, 42930, 16285, 36496])]
shape of feat_train: (223, 500)
Mean accuracy: [0.4346748532245776, 0.005338989817143146]
