Namespace(dataset='flickr', dropout=0.0, epochs=400, gpu_id=0, hidden=256, inductive=1, keep_ratio=1.0, lr=0.01, method='random', mlp=0, nlayers=2, normalize_features=True, reduction_rate=0.03, save=True, seed=85, weight_decay=0.005)
size of adj_train: (44625, 44625)
#edges in adj_train: 218140
Test set results: loss= 1.5489 accuracy= 0.4692
idx_selected :  [array([36224,  3458, 17498, 23563,  1474,  3289, 32242, 24830, 42974,
        2852, 28517,  4561,  9158, 14962,   862,  9263, 16168, 38724,
       26573, 29520, 35949, 19544,  9829, 13112, 37246, 10232, 43928,
       11797, 17100, 33984,   167, 26197, 12642, 18465, 27808, 11154,
       11790, 41988, 15582,  5539, 35656, 25340, 39661, 16751, 30263,
       24453,  9273, 28480, 20297, 43140, 33126, 40008]), array([34487, 18769, 16374, 27858,  2093, 21866, 16142, 25157, 22063,
        8581, 22142,  4041,  2108, 36526, 34980, 15546, 12755,  2270,
         762, 35954, 28495,  9258, 22191, 42663, 42464, 17184, 36135,
       19405, 39232, 25192,   453, 24857, 12256, 35478, 29526, 28755,
       24013, 38720, 35113, 26614,  9306, 18629, 40299, 40722, 38337,
        1332, 41975, 41889,  5595, 40545,  6909,   976,  6097, 10652,
       22625, 34680, 36162, 40951,  8473, 17262, 42500, 37387,  5826,
       40027, 34645, 42886, 24581, 19995,   537,  5291, 28075, 21944]), array([35138, 19982, 31970, 26365,   233, 28671, 16272, 19726, 39409,
       33124, 26757, 18363, 34283, 32696, 42703, 43446, 23183,  8451,
       30885, 21398, 39625, 44513,  9569, 27830, 34494, 26702, 37299,
       24565,  1514, 21746, 20108, 18540, 30749, 34934,  5017, 28139,
       30569, 29778, 38364, 10476, 42580, 16089, 28066,  5836, 26956,
        3701,  9475,  6449, 39072, 39306, 17684, 35946, 30308,  1287,
       27378, 12795,  9801, 40657, 39373, 44610, 11703, 24463, 17999,
       14626,  4988, 25586, 36855,  4886, 35884,   943, 42236, 32508,
       15854,  9788, 25081, 27009, 35487, 32335]), array([41788,  7897,  3790,  5392, 14686, 19167, 14475, 25772,  7736,
       15849,  9490, 13167, 31892, 36400, 26039, 23499, 44515, 25533,
       35302,    30,  1456, 38584, 37690,  4021, 22379, 24438, 15158,
        4874, 23870, 41820, 43816,   438,  9839,  3172, 32494, 17342,
        3193,   769, 14625, 10024, 15806, 35830, 25759, 19292, 15198,
       37698, 30382, 44079, 27973, 28138, 19729, 25781, 17160, 14787,
       10961, 32235, 27215, 23336, 16166, 33120, 34340, 25840, 30632,
        3308, 41959, 17016, 30116, 25956, 38608, 30365, 31440, 21741,
        4285, 12565, 12937, 17613, 14167, 19805, 41224, 27871,  2463,
       44107, 30315, 15911,   220, 32954, 12248, 34642, 25355, 27324,
       30594, 34511, 26900,  5590]), array([12609, 18881, 36817, 42152, 32949, 43128, 29037, 26756, 26195,
       27542, 16843, 28406, 39790, 35256,  4460, 22486, 37527,  2958,
       18094,  6779, 21219, 29320,  9033, 21411, 15878, 11286, 27540,
       36700, 39245,  7016, 38902, 15762, 18238, 10311, 43461, 14888,
       26605,  1023,  8900, 28482,  8163, 34697, 26475, 35613, 37593,
        9274, 34313, 42701, 26441, 24305,  7268, 43579,  5290, 39612,
       28449,  4656, 16231, 39695,  7953, 33046, 39776, 35819,  4390,
       26443,  6771, 29786, 18088, 40307,    55, 30187,  2927, 37559,
        5566, 42780, 22423, 27504, 33065,  6406, 41426, 15807, 11127,
       43908, 20128, 16063, 20716, 18368, 32771, 35147, 18458, 44028,
       12546, 17977, 34413, 16769,  1463, 36433, 19014, 12876, 32781,
       33125,  2054, 18587,  7203,  9672, 40938, 30011, 36837, 19709,
       25565,  1317, 25286, 37573, 41603,  6374, 20956, 28445, 43880,
       40636, 34599,  4365, 26940, 20047,  9784, 35876, 30773, 26516,
       11965, 16655,  5562]), array([17913,  4270,  3801, 16355, 29894, 18411, 38695,  1081, 10104,
       33504, 31974, 15512,  8807, 41060, 26104, 25585, 29995,  1538,
       14147,  1159,  5085, 14407, 19339, 26806, 36737, 42224, 30350,
       44383,  3725, 26907, 31576, 25387,  6577, 13933,   975, 23819,
        6214, 21503,   156, 40352, 29772,  7428,  6833, 11434, 36303,
       30799, 43251, 43648,   828, 14997, 20558, 27406, 20261, 20285,
       28585, 40477, 30771, 35608, 39227, 44377, 25277,  2855, 13444,
       19246, 15805, 17209,  4271,  2454, 40361, 25541, 36212, 36591,
       15165, 15270, 40387,   892, 18900, 13244, 33919, 30006, 36607,
        9526, 11871, 13221, 28012, 24273, 32800, 19004, 24946, 33270,
         351, 38268, 11677, 30500, 11405, 38417, 11495, 29121, 35136,
        5345, 20914, 32375, 29888, 23549, 25092, 25570, 33436, 43059,
       38131, 24245, 44101, 27005, 12106,  3793, 24615, 28563, 38790,
        2458, 14734, 17666, 26862, 11021, 13973, 36522, 35274, 25526,
       27630, 11177, 18348, 38211, 16165, 30147,  1478, 31639,  8626,
       21586, 35359, 10397, 10611, 16335, 27049, 29681, 40663, 25876,
       21919,  6091, 40512,  5438, 13764, 11102, 12668, 10634, 30360,
       39644,  6676,  4308, 34853, 15699, 25438, 27074, 23600, 29071,
       15518, 37859, 22513, 42057, 38365, 30726, 20051, 11175, 28826,
       31513, 21358, 35956, 16585,  2242, 34056, 36772,  4624,  1676,
       19241, 43889, 23550,  1963, 44467, 11136, 26114, 22718, 30827,
       34519,  5374, 44398,  3685, 38605, 21677, 31690,  3404, 21582,
       39091, 25828, 33637, 16644,  4193, 35089,  1903, 32983, 43766,
       10563, 32255, 32918, 31883, 23027,  6482, 29897, 10556, 25988,
       34481, 30465, 42217, 14504, 11948, 14153, 39427, 35099, 34022,
       15664,  3304, 33739, 11875, 22475,  7507,  5397, 27202, 26827,
       34908, 16379, 10975,  1193, 11596, 40161,  1171, 25483, 23948,
       24991, 37867, 39435, 22521, 18893, 39717, 17283, 14205, 40249,
       22911, 41692,  2969,  8964,  2874,  5092, 32420, 10248, 25906,
       38498, 12353, 18176, 28584, 14371,  4679, 21143, 34104, 21015,
       25639, 35355, 34710,  8559, 44080,  9234,  9314,   540, 16732,
       15957, 44259, 10455, 24295, 11212,  3492, 19338, 27281, 18487,
       34408, 24197, 25357,  2663, 42133, 33193, 42708, 32768, 19634,
       18312, 22321, 32102, 43887, 15603,  9223, 17864, 38196, 15557,
       41718, 14176,  1897, 22966, 13724, 24623, 38462, 43296, 11730,
       40193, 27942,  7177, 13800, 14789, 33946,  8718,  6055,  4533,
       41049, 10353, 26350,  7639, 41128,  2058, 22753, 35167, 26103,
       40162, 39434, 36084, 33485,  9432, 42125,  1176, 17575, 29854,
       32090, 25776, 15859]), array([42833, 40937, 43752, 16800, 35054, 15080, 25080, 14108, 17631,
       40844, 25205, 20687, 22775, 33918,  3109, 14497, 22225, 30402,
        1788,  4570, 21636, 32853, 30655, 12406, 34314, 41594,  8944,
       33152, 42443, 35527, 29255, 30947, 18724, 34554,  6029, 19708,
        6555, 24868, 36287, 25259, 24588, 36391, 17854, 42242, 12242,
       22429, 37585, 33148, 39239, 35618, 21871, 39309,   358, 38784,
       29794, 41531,   680, 27003, 17200, 12916, 23529, 31036, 29455,
       27689, 23702, 22026,  9633, 37634, 23044, 16072,  3142, 25787,
        5684, 21064, 22997, 41854,  4626, 11050, 26437,  3509, 14579,
       44189, 26871, 25436,  8240, 21216, 31746, 25931, 40199, 14641,
       21324, 41737, 23338, 19180, 19132,   372, 24653, 17686,  3403,
       16376, 27894, 36527,  4178, 43899, 13965, 27972, 23834, 32172,
       13537, 31256, 14306, 10578, 11459,  1042,  3069, 31482, 20534,
       32979,  2734, 25457, 21604, 34865, 24960,  6586, 16508,  1635,
       28121, 12259, 22974, 24266, 26498, 10654, 28756, 12455, 34472,
       43099, 33521,  9598, 31885, 26061,  3604, 10486, 13475, 11368,
       38079, 14364, 12073, 15618, 42033,  3287, 42476, 27343, 21155,
       16873,  5948, 36545,  1104, 27503,  9555, 39402, 18439,  2461,
       23929,  7335, 16920, 32544, 20266, 28673, 16617, 24544, 18918,
       39362,  3064, 15217, 38249, 28527, 20201, 19280, 39224, 27342,
       13436, 37472, 40695, 28337, 14467, 35816, 26415, 30097,   877,
       44289, 10907, 41374, 37881,  2224,  1126, 39952, 18237, 10982,
       16028,  7425, 12463, 18454, 28425, 40043, 10882, 37288, 28026,
        8155, 32012, 32416, 26067, 40505, 26535, 17916, 38445,  8041,
       20491, 13035, 29696, 31162, 38330, 30341, 30975, 36884, 17554,
       32498,  5422,  7969, 28777, 33859, 13581,  6149, 39747,  2776,
       14751, 42521, 23616, 39558, 36948, 23378, 30455, 32620,  5571,
        4618, 10076, 15303, 30878, 24941,  5555, 17744,  3513, 13395,
       24944, 37240, 32222,  7993, 43121, 43610, 23673, 13978, 20053,
       14928, 10114, 28126,  3708, 29698, 31834, 23802, 25172, 10033,
       29568, 13006,  3226, 19051, 23127, 42003, 29784, 31485, 44520,
       44191, 40294,  2087, 33493, 22727, 35967, 33872, 34624, 14195,
       18036, 20861, 18181,  3148, 27185, 24902,  5967, 13437, 14119,
       26034,  9199, 33223, 18469, 20834, 17685, 39594, 37637, 31024,
       44091, 15027, 15947, 38279, 30703, 21554, 44357,  8951, 41141,
       12000, 40054, 43916, 42592, 34658, 10612, 30371, 31944,  6525,
       11737, 13498, 33947, 33794, 30548, 43319, 44556, 41556, 14090,
        8779, 27864, 29081, 44500,   966, 37992, 35024, 27242,  3413,
       34905, 27126, 37995,  2531, 19258, 26896,  4977,    41, 29966,
       37203,  2100, 38748, 16901, 29753, 13829,  3946, 14494,  2631,
       34074, 41732,  6731, 25865, 34931, 25634,  4688,  1647,  9027,
        3535,  7482, 39908, 25397, 25832, 44098, 41714, 24385, 23173,
       40538, 26690, 24880, 21076, 15499, 24602, 29873, 20752,  9357,
       28172, 18536, 23669, 39772, 17423, 19636,  2062, 18230,  4767,
       30635, 31239, 35438, 32739, 26075, 13962, 19162,  7328,  2354,
       15928, 35979,  3282, 19497, 23649, 31710,  2660, 18517,  8758,
       19184, 23995,  1412, 18611, 23836,  1221, 15919, 16882, 33903,
       33744, 41281, 25267, 14940,  9667,  8385,   802,  1194,  3786,
       22604, 21858, 34947, 11382, 17621, 30840, 40354, 13837, 30291,
       35371,   921, 23954, 14251, 34777,  4343, 33882, 44525, 17847,
       14157,  7840, 25421, 39296,  7101, 42355, 41276, 32899,   202,
       31338, 31612, 26496, 28382,  1360, 38348, 31204,  7439, 30113,
       34101, 19909, 25968, 41950,  7944, 18319, 36256,  1917, 18819,
       24754, 38909,  1866,  3802, 15263, 25305, 14289, 34350, 36160,
       11932, 20600, 26533,  5752, 14395, 32364, 18988, 42737, 24141,
        1485,  1005, 10481, 40347,   350,   185, 30812, 21000,  6622,
       29554, 15745, 30539,  8734, 12623, 29602, 39063, 34412, 19574,
        4872, 11870,  2764, 25500, 40188, 43643, 35563, 35192,  7047,
        5222,    91, 39491, 10029, 24174, 34052,  9574, 30249, 40865,
       37781, 42167,  3188, 26877, 25403, 39793, 23440, 41545, 26764,
       26761,  9381,  6267, 15955,  8172, 10231,  9747, 17534,  9573,
       43011, 27662, 41735, 42966, 18147,  4970, 23065,  4712, 12624,
       17180, 21882, 39997, 27907, 29917, 13741,  6301, 15982,  1698,
       22334])]
shape of feat_train: (1338, 500)
Mean accuracy: [0.4494868462331377, 0.0029342731568452744]
