Namespace(dataset='reddit', dropout=0, epochs=400, gpu_id=0, hidden=256, inductive=1, keep_ratio=1.0, lr=0.01, method='random', mlp=0, nlayers=2, normalize_features=True, reduction_rate=0.005, save=True, seed=1, weight_decay=0.0)
size of adj_train: (153932, 153932)
#edges in adj_train: 10753238.0
Test set results: loss= 0.4898 accuracy= 0.9398
idx_selected :  [array([130131]), array([ 78096, 127517, 120522]), array([ 89177,   3146,  54014, 139821,  94479]), array([   987,  73550,  64414,  86360, 109230]), array([42456, 27495, 76689, 92620, 72876]), array([ 84593,  58259, 141317,  16904,    421]), array([ 32617,  82373, 123944, 126903,   2135,  29765, 112728]), array([138206,  21974,  26819,  99066, 151387, 134633,  23213]), array([ 48462,  76835,   5503, 127561, 113151,  59785,  27240]), array([ 65496,  81294,  47191,  42711, 125009, 130318,  20535, 124992]), array([ 32002,  70250,   8225, 141031, 142918,  51470, 116115,   5489,
        99706]), array([ 58237, 103242,  75658, 146328, 148025, 141310, 119052,  11142,
        95245]), array([148252,  23272,  80122, 149189,  74713, 133675, 145038,  87625,
        62755, 103995]), array([153544, 108400, 111434,  82013,  20279,  29728, 116516,  87713,
        33289, 100014]), array([ 40016, 125268,  38963,  13265,  80612, 124737,  57440,  30356,
       125666,  83474,  97555]), array([  7448,  98074, 140963, 134976, 106825,  68075, 134384,  57535,
       149419, 150245,  34476]), array([ 55243, 126470,  95513,  94784, 147082, 135643, 151730,  16509,
       123170,  72084, 108948]), array([127168,  53664,  85180,  28336,  22408,  54013, 110029,  29351,
        43105,  48831,  43024]), array([118111, 128209, 110180, 113276,  27144,  44499,  52055, 102338,
       111436,  21848, 112718,  21893,  56504,  68031]), array([113588,    243,  29619,  40689,  10252,  27754,  27337,  50115,
        28888,  37384,  68174, 121656,  24713, 119658]), array([106693,  50834,  10378,  13532,  75894,  79487, 107612, 139795,
        37853, 112476,  87817,  68431,  62096, 115487]), array([ 59311, 128576,  61362,  58840,  12104,  53905,  20719,  55155,
        92221,  77080, 126709,  50670,  71827,  24256]), array([ 16644,  56978, 118973, 138814,  83315,  71675, 127096, 137066,
        77154,  26219, 110363,  26016,  23356,  22127]), array([112551, 128654,  74928, 131729,   7719, 146521,  63684, 101025,
        86519,  44348,  10297,   7186, 146572, 144710]), array([132323, 113986,  62829, 146309,  48234, 137547,  98218,  48610,
       103903,  64161,  85951,  41743,  90116,   3963, 153816]), array([131959,  12252,  78749,  72110,  60439,  11633,  31449, 144457,
        98672,  42121, 113745,  82670,  26488,  11724,  98194, 140809]), array([122258,  76141,  14815,  89023,  35501,  46144,  22770,  38339,
        94809,  15396,  34565,  67532,  66930,  27824, 145400, 139111]), array([152211, 132773, 118616, 136390,  42680, 129185, 102948,  16125,
       118342,  48060, 105256,  53498,  87322,  60234,  96043, 118994]), array([ 10881, 120910, 143517,  51755, 139562,  22480,  69143,   9595,
       126475, 111620,  85385,  38106,  94743,  13770, 152899, 104302]), array([ 42227, 135852, 136829,  64010, 130347,  19555, 119188,  59997,
       149583, 123266,  11684,  67960, 103850, 130223, 113073,  56976]), array([148417,   7852,  34566, 112672,  66978,  83394,  31475, 109035,
        19295,  21018,  46989,  98301,   5123, 113800,  84018,  59673,
       106267,  36151,  43062]), array([ 61510,  65648, 139942, 104170,  21855,  22040, 125256,  14480,
        73622,   2425,   2321, 109133, 123372,  37258, 117101, 119919,
       127078,  29342,  13867,   7204]), array([ 82478,  81944,  28271, 111068,  77368,     14,  69492, 126894,
       148279, 112403,  33651,  86377,  99350,  65209, 103375,  48300,
        17315,  10854, 102935,  69415, 135475,  62425,  81303,  61492,
        95739, 106485,  49503]), array([ 23128,  26112,  90229,  80271, 153078,  32989, 111906,   9671,
        60431,  33476, 115471,  99689, 141744,  68000, 125212, 100070,
       115756,  53582, 137603,  18984,  65861, 123434, 130779, 143162,
       148742, 126606,   9567, 151873,  43467, 146751,  89588,  34342,
        45616,  64645,  67340]), array([ 19741, 122287, 111480,  43525,  22287, 133258,   4229,   1065,
       143852,  33000,  55973,  65823,  93183,  48542, 152209, 105760,
        64517, 152256,  21981, 126688, 110787,  18214,  28922,  16010,
       143111,  39746,  58585, 125741, 151291, 150450,  66964,  34567,
        22692,  37073,  13553,  31733]), array([ 65846,  27948, 110930,  35324,  27957,  63970, 127736, 128154,
       102192,  47028, 149886,  48116, 133658, 122407, 120951,  17973,
       135909,  57742, 149551,  24347,  98014,  32004,  36166, 109663,
        61837,  53035,  23960,  84940,  62666,  80389, 151817,  69313,
       153012,  15644,  90435,  95045,  39601,  50575]), array([ 49066,  80007,  68865,  70891,  66717,  79786, 152671,  56864,
       126828,  30037,  89871, 123326, 139643, 102315, 105116, 117135,
        70130,  20186,  22614,  85435,  14412,   3489, 144192,  86127,
        73767, 106468, 133598,  71719,   2697,  54102, 143151, 104002,
        97706,  71653,  36839,  87392, 127323,  38336,  85195, 111016]), array([ 42766,  24617,  50618,   3471, 142187,  91459, 147371,  17470,
        69707, 131197,  77290,  79991,   7076,  90488, 131702,   1885,
        13680,  46190,  82662,  80724,  15225, 125991,  88944,  75803,
       106590, 146487, 101251,   3347,  37785,  79437,  33236,  58770,
       116315,  82938,  81625,   5878, 106371,  57603,  90195, 131510,
        41013,  73124]), array([100141,  84643,  83323, 153386,  26327, 104068,  84947, 146736,
       130960,  68233,  75776, 133077,  21024, 151835,  14516,  62794,
        59691,   1508,  11995,  11193, 133132,  14133,  57404,  18950,
       115264,  78409,  52262, 149244, 114525, 127903, 151902, 102139,
        47553,  10223,   6327,  30546,  99857, 114557, 132295,  86963,
       112181,  47824, 144847,  28666, 111369]), array([ 96855,  53158,  80488, 134826, 142369,   3025,  84323,  66091,
        36760, 113482, 104475,  10082, 126691, 137879,  65787,  34948,
       128708,  22877,   8710,  65450,  32714, 101171,    390, 153376,
        40720, 103481,  66026, 117889,  58387,  71298, 153644,   3888,
        71578, 139035, 130875,  58264,  84744,  89164,  32876, 111713,
       122548, 148544,  30175,  47459, 148665,  46448,  10143,  64576,
       108230,  56217,  94447, 138116]), array([ 89331,  92356,  81023, 144438,  31987,  90940,  38212,  49056,
        11566,  47496,  34314,   2487,   1326, 108151,  77394, 112613,
       116873,   7440,  50961,  52796,  11412,  92261,  18672,  63878,
       128552,  66679,  39484, 151350, 111364,  36604,  12435,  47364,
       137201,  15537,  86800, 109774, 143874,  67727, 118809, 150107,
        18745,   9224, 114531,  34732,  83144,  11788,    554,   6027,
       140686,  89766,  57879,  41553,  62127, 135821,   4030,  59553,
        31958,  24068,  17782,  32867, 117728,  91803, 146631,  39801,
        33782,  23780,  67093,  68161,  66178,  68783, 100977,  73487,
        65142,  25149,  25655,  69176,  42838,  54064,  79201,   6738,
       152091,  23583,  35612,  11221,  75179,  65884, 103761, 140065,
        95960,  92051,  69807,  88863, 109278, 148353, 121560,  62414,
       143454,  19786, 111897,   4358,  89789])]
shape of feat_train: (769, 602)
Mean accuracy: [0.7901019264828135, 0.0076769565924929084]
