Namespace(dataset='flickr', dropout=0.0, epochs=400, gpu_id=0, hidden=256, inductive=1, keep_ratio=1.0, lr=0.01, method='random', mlp=0, nlayers=2, normalize_features=True, reduction_rate=0.01, save=True, seed=15, weight_decay=0.005)
size of adj_train: (44625, 44625)
#edges in adj_train: 218140
Test set results: loss= 1.5456 accuracy= 0.4714
idx_selected :  [array([32575, 19526,  7618, 42520, 42403, 24059, 19083, 28711, 18339,
       40047,  9629, 20589,  8512, 11654, 26679, 18465,  7685]), array([ 1831, 39420, 10185, 43382, 29793, 39530, 43419, 29534, 20882,
        6007, 42626, 18763, 28434, 41621, 37613, 17860, 13661,  6943,
       32584, 38023, 32221, 10145, 10506, 13512]), array([17263, 12004,  5431, 20039, 18693, 37136, 33188, 43386, 28368,
       12618, 32761, 19256,   228,  2807, 19887, 19845, 10183, 18752,
       26803, 42159, 28016, 37639, 38611, 24781,  8198, 37015]), array([35187, 38370,  4125, 20461,  7132,  7334,   158, 38475, 17963,
       44076, 12508, 39313, 34130, 20794, 36306, 27633, 37512, 14189,
       40053, 13827, 29905, 36781,  3181, 15018, 24920, 18557, 39893,
       30227, 22827, 39566, 14149]), array([44319, 23341, 43968, 42457, 11347,  1536, 43417,  4004, 34012,
       18078, 29831, 13163, 16350,  5770, 11766,  4331, 28462, 41876,
       25912,  7585,  4428, 19483, 39136, 39116, 10136,  6671, 36404,
       20377, 22462,  9652, 23990, 18380, 30641,  2919, 41008, 35741,
       29858,   547,   708,  3891, 24921, 15324, 25203]), array([ 3447, 10273, 25171, 11409, 14796, 31254,   891,  8361, 36285,
       28943, 40321, 11725, 37578, 36521, 17504, 26411, 36239, 10281,
       32277,  8292, 28821,  9556, 17422, 43527, 16145,  6055, 41973,
       26821, 42564, 23512, 25164, 22728, 16286, 15314, 39654, 18376,
       34868, 13244, 22480, 20617,  4557, 26558, 37053, 18364,  6690,
        8078, 20000,  8982,  4796,  7038, 39516, 35800, 14556, 32054,
       26211, 35441, 10774, 18487, 39815, 15907, 17009,  3185, 26014,
       41210, 12751, 41753, 34657, 39143, 41241,  3828, 39115, 19238,
       21294,  9930, 23681, 17118, 19173, 38659, 26525, 13127, 14214,
       29654,  2812,  1174, 11348, 11081, 20494, 22783,  9902,  5451,
       20161,  9024, 22661, 24982, 41549, 27698, 19911, 40687, 23986,
       24497, 14255, 13024, 14674, 33675, 33170, 13867, 34102, 11950,
       16218,  4286, 20402, 25786,  2987,  1327, 34188]), array([13899, 42840, 38476, 40834, 29592, 32039, 13502, 27067, 32717,
       28903, 14950, 41892, 15128, 43494, 21014, 42514, 44110, 34964,
       30926,   146, 40363, 28032, 29940, 44130,  7565,   719, 42480,
       11529, 16390, 32301,  6731, 26783, 25839, 28519, 38925, 27279,
       27034, 14274, 19666, 18841, 38978, 35739, 32743, 13368, 26721,
       22426,  7851,    49, 41643, 35696, 10559, 13846, 14318, 23177,
       41626, 28319, 14863, 37581,   511, 20478, 21293, 21588,  9095,
       26280, 22524, 25287, 27131, 43477,  5909, 44282,  4583, 24826,
       44000, 12317,  8069, 16435, 16815,  9517,  3957, 38520, 23425,
       27761, 13409, 22472, 42777, 31024,  5716,  6305, 22829, 41741,
        1524, 31247, 17485, 33606,   938, 30437, 41490, 25796,  7000,
       33586,  9610, 28372, 12623, 36040, 34752, 33576, 18837, 10373,
       21420, 30984, 10089, 21188, 20171, 18369,  2401, 38564, 24928,
        8080, 19321, 26883, 29090, 26496, 31015, 28707, 30119, 36417,
       17018, 34276, 19334, 22402, 39424, 27659, 35008,  7221, 34412,
        3751, 38332, 25349, 13877, 39412, 13743, 34578, 10625, 34835,
       39747, 17395, 13736, 24029, 26613, 43320, 27015, 15421, 37499,
       23136, 34370,  3479, 29119, 40691,  9386,  6238, 34897, 15403,
       43265,  8585, 27182, 34124, 33525,  8884, 12593,  7307, 41832,
        3879, 29986, 14574,  9058, 41600, 31138, 40769, 41189,  9098,
       24584, 26405, 11543,  5380,  7821, 10224, 25841, 19787,  4610,
        1284])]
shape of feat_train: (446, 500)
Mean accuracy: [0.43018867924528303, 0.005531751900268507]
