Namespace(dataset='flickr', dropout=0.0, epochs=400, gpu_id=0, hidden=256, inductive=1, keep_ratio=1.0, lr=0.01, method='random', mlp=0, nlayers=2, normalize_features=True, reduction_rate=0.01, save=True, seed=1000, weight_decay=0.005)
size of adj_train: (44625, 44625)
#edges in adj_train: 218140
Test set results: loss= 1.5400 accuracy= 0.4738
idx_selected :  [array([ 5930, 26938, 34144, 10396, 42647, 42403, 17163, 11492,  6035,
       26845,   682, 41919, 20323, 28517, 17469,  9158, 27415]), array([ 3696, 41795, 40532, 42029, 39535,  2641, 32474, 12381,  2424,
       21223, 39282, 33955, 34278, 11378,  8704, 39720, 27867, 21881,
        7553, 42506, 11962, 21161, 41592,  3436]), array([35660, 19443,  8176,  6617, 34761, 10431, 16274, 19120,  2807,
       34248, 33453,  7504, 36032, 35487,  1063,  6085, 24779,   361,
       35488,   635, 26292, 36936, 42037, 35805, 35708, 14070]), array([43873, 18166, 22925,  2742,  7126, 38740, 14958, 25858, 27324,
       12576, 39847, 19904, 15234, 33145, 21054, 42800, 17282,  7902,
        4726, 22065, 33443,  1863,  8702, 11892, 37690, 39732, 37293,
       26762, 30223, 38529, 32495]), array([21683,  5838, 30021, 20112, 17081,  1799, 22511,  4536, 11291,
        6543, 39445, 21708, 18463, 22163, 20906, 24255,  6286, 37089,
       22862,  1065, 19062, 29658, 37227, 42614, 19607, 20554, 22742,
       11803,  1265, 28973, 44203, 17639, 26891, 23288, 20377, 26470,
       18753, 34366, 39931,  1295, 19462, 17564,  5652]), array([ 5883,  7581,  2665, 13667, 25176, 31526, 40573, 37532, 35450,
       30037, 43559, 22425,  7895,  7782,  4184, 30058, 39627, 11212,
       12891,  7415, 13469, 34150, 42090, 29403, 10105,  9653,  5430,
        4062, 19500, 43732, 23762, 11409, 28515,  2878, 14643, 37035,
       28503, 41140, 10198, 26777,   792, 41378, 34257,  8099, 20673,
        2206, 39399,  2269, 44458,  9641, 10151, 34879, 10861,  2480,
        9202, 38782, 29304, 30672, 28354, 41368, 37795,  6087,  5453,
        1523, 22836, 20313, 13992, 17004,  1760, 15715, 15996, 38118,
        1548,  3312, 22031,   299, 16982, 32195, 35060, 33105, 40991,
        4228, 28542, 21110, 11837, 31689, 38199, 37974, 14381,  1745,
       12708, 11571, 22136, 36459, 23365, 36356, 34652,  3424, 27224,
       29597, 42508, 16916, 19863, 38459, 29212, 40557,  3995,  3257,
       35349,   727, 32837, 42997,  1539, 38401, 28349]), array([29101, 33446, 17966,  3827, 40467,  3268, 31912, 42161,  7313,
       30035, 41771, 38943, 32510,  8224, 12310, 40567, 41759, 26495,
       10077, 32000,  9291, 37219, 11069, 25297, 37083, 33330, 18006,
       16832, 30788, 23236,  2025, 13735, 10157, 19250,  5370, 17250,
       21604, 30135, 33815, 14104, 33703,  7692, 32104, 27995, 14704,
       30962, 28007, 18091, 24174, 30301, 23801, 36193, 22957, 21052,
        4970, 43995, 37825, 38639, 18491, 42058,  2872, 14599, 35635,
       42484, 13452, 40707, 24361, 37232, 16546, 23931, 31932, 43899,
       21561, 40133, 21099, 20543, 41724,   372, 24574, 12366,  6321,
       13414, 30702,  1894,  2297,    89,  9208,  5802,  2542, 40500,
       27523, 21425, 11727,  2239, 40410,  9124, 43516, 15538, 25531,
       22761, 41356, 18853, 34099, 13215, 10331, 25276, 29947, 23744,
       38774, 25613, 18444, 42610,  1998, 41635, 40290,  6630,  2244,
       38520, 11074, 26202, 39063, 40083, 42294, 17335,  3432, 16848,
       17179, 24955, 41541, 39687, 25222, 20743, 33903,  2845,  3936,
       34431, 11183, 44213, 32022, 28532, 44177,  7528, 21221, 41440,
        6687,  4374, 39289, 40328, 14535,  8462, 18353, 41372, 25749,
       12262, 12051, 41287, 38649, 44300, 43597, 24522, 40042, 36699,
       43594, 28982, 22505,  6879, 41434,  3177, 18573, 18454,  6965,
       37282, 35640,  7317, 12193, 15038,  9405,   643, 14366, 36445,
       41664, 43254, 26026, 18906, 15242,  2489, 43178, 14515, 28895,
       39716])]
shape of feat_train: (446, 500)
Mean accuracy: [0.44628691794021424, 0.0029345332613518174]
