Namespace(dataset='reddit', dropout=0, epochs=400, gpu_id=0, hidden=256, inductive=1, keep_ratio=1.0, lr=0.01, method='random', mlp=0, nlayers=2, normalize_features=True, reduction_rate=0.075, save=True, seed=15, weight_decay=0.0)
size of adj_train: (153932, 153932)
#edges in adj_train: 10753238.0
Test set results: loss= 0.4646 accuracy= 0.9393
idx_selected :  [array([115254,  59367,  21266,  87232, 123901,  74600, 113938, 135190,
        13694, 119049,  97844, 119724,  77594,  96874,  78835,  45088,
       128903]), array([ 84305,  38785, 112865, 136234,  95267,  39505,  98870,  69608,
         8802,  27362,  99870,  69489,   9661, 142429, 137564,  22801,
        43270,  40992,  14106,  92698, 126809,  93935,    167,  68084,
       122607, 116760,  98628,  53242,  34389,  91265, 113454,  76836,
        70409,  80097, 136494, 130996, 106315,  16928, 118374,  73659,
         6972,  40686,  20193,  35411,  27715, 140536,  89772, 136681,
        81674, 122624, 128137,  37835,  35101,  40579]), array([ 24559,  83401,  55284,  43315,  32250, 146218,  22251,  98303,
        16624,  64580,  36943,  71646,  46023,  61750,  83619,  83421,
        89518,  72598,  76967, 101505, 102830,  87910,  82678,  74440,
        91245, 149020,  29773,  32380, 113716,  73437, 149547, 123329,
        20576,  52323,  64657,  60945, 149367,  45703,  55959,  51178,
        45601,  70937, 115055,  12706,  54014, 129005,  31130, 100221,
       139821,  14567,    276, 138096,   9458,  54840,  16536,  62678,
       100075,  21291,  84153, 153060,  26646,  29987,   5040,  19503,
        13296,  54685, 142338,  55443,  52459,  66181, 110557, 119648,
        39077, 128054, 121834,  16387,  41219, 136611, 120891, 128869]), array([ 39795,  40006,  73283, 117096,  70644, 103189, 140929, 132704,
        59134, 136565, 120729,  50759,  43321,  62910,   7447, 130859,
        52059, 151327,  79468,  57395,  58569,   3484,  80048,   6503,
        71701,  87378,  34632,   6620,  54116,  81919,   1372,  24842,
        45999, 149821, 145457,  81286, 143900,  35956, 143440,  71279,
        40248,  48206, 130592, 113205, 150106,  73921,  22929, 106658,
        79858,  28677,  25555,  69016, 127087,  67844,  13920,  79357,
       117238,  90958,  82516,  24131,  26184,  43178, 110639, 139913,
        70863,  62330, 146664,   6999, 146150,  95878, 105901,  82074,
       129571,  94518,  46339,  22953, 114220,  50393,  30463, 144507,
        77155, 142664]), array([124118, 129395, 148108,  81323, 121373, 109053, 139015,  87750,
       131622, 106577,  82528,  38421,  28637,  41854,  20734,  86215,
         2584, 136186,  49827,   5076, 101138,   3531,  66825, 129044,
       140646,    244, 124954, 118519,  19760,  39514,  46003,  85047,
        11906, 115938,   7137,  47658,  91535,  93672,  77800,  76689,
       110190, 142462,  92332, 137049, 135087,  46011, 110692,  99969,
        51709,  46013,  94002, 129438,  91537,    379,  24383,  68905,
        39413, 116889, 147400,  73408,  30372,  74964, 123174, 120827,
        17941, 105988, 115246,  90354,   8240,  84013,  19386,  86462,
       135065,  33910,  91960, 112606,  37185, 126951, 138011, 146832,
        73745, 115592,  37953,  91456]), array([ 54203,  54232,  52724, 126380,  49977,  99687,  78506,  41735,
        62036, 129319, 148235, 137263,  72494,  58054, 148230,  36256,
        55128,  17750,  82831,  97474,  19282,  29715, 147865,  13443,
        91364, 152749,  52653, 151656, 122275,  67013, 101989,  16342,
        24346,  18647,  80720,  37154,  74373,  68559,  22133, 138880,
        59805,  95699, 131555,  68925, 134505,  49322,  24305,  26649,
        60272,  84655,   3048, 113563, 141654, 106990, 117111,  28260,
       124458,  73099, 139025,  31005,  21261, 136738,   1654, 143904,
        80302, 102773,  34815, 122353,  17879,  20776,  69502,  75678,
        47181, 103849,  20070,   5953, 118650,  20348, 128236,  41140,
        23492,  67705, 114801,  84031,  85172,  11817]), array([ 69389,  36936,  91013, 113787, 136740, 132356,  48902, 131082,
        57690, 112192,   9612, 137021, 100571,  39661,  86708,  44687,
       102084,  89805,  25217, 104207, 119046,   1818,  10734,  20066,
        24964,   7007, 118218, 125281, 100969,  44877, 103135,  84917,
        67883,  36331,  92525,  13894, 125647,  18373, 133601,  24081,
        37623,  76083,  15418,   3357, 140332, 125597,  20661, 123587,
       119573,  13253,  82294,  35817, 129196, 136027, 111265, 135209,
       120806,  89436,  51444,  86935,  33974, 122152,  28077, 110754,
         9422, 134038,  48832,  70998, 119538,  11670,  18208, 121316,
        99594, 129293,  33463, 104588,  16794, 130704,  51113,   6856,
       107851, 122488,  67125,  97688,  81443,  16324,  89151, 139049,
        84559, 125006,    133,  39145, 130566,  87816,  63045,  14679,
       132579,  61366,  21297,  76877,  26339, 141112,  57950, 146842,
       103884,  55090,  89811,  19612, 135441]), array([129451, 110087, 115039,  71689, 125086,  59967, 141955,  79933,
        49631,   6732,  52472,  24976,  18276,  98098,  43876, 148284,
        68331, 118601,  53047,  61505, 109358, 123337, 127237, 132120,
        59758,  82921, 103739,  34824, 106613, 129285,  40998,  41557,
       125366, 125269, 137384,   7839,  44429,  29292, 122389, 139897,
        96238, 106000,  10324,  77877,  93402,  17445,  91276, 140190,
        50406,  61418,  81611,  26164,  62561, 145677, 126811,  21715,
       124393,  18114,  40808,  27839, 118883,  31954, 110186,  96719,
       108872,  55806,  39590,  64417,  50245,  59023, 131835,  39893,
       119869, 102399, 138206,  40178, 115740, 149668,  99421,  61250,
       145644,  58074,  43424, 116092,  50915,  33757, 132311,  41247,
       118326,  23782,  90627,  72699,  68677,  19245, 123356, 149615,
       112425,  18566, 146926, 101826,  36565, 137911,  97279,  75442,
        96584,  16082,  32508, 126960, 144134,  18601,   5628]), array([ 62528,  31131,  60943, 109998,  62288,  77634, 126103, 126663,
        49329, 131849,  10577, 124941,  27419,  58113,  70764,  20986,
        76720, 136676,  51196,  57756, 113709,  98944,  77782, 140812,
        50455,  51452, 139685,  44154, 125970,  26457,  36404,    440,
       138477, 117253,  98471, 137261,  24796,  11745,  91902,  43602,
       103527, 143648, 150953, 119670,  16788,  43706, 101257, 124720,
        56431, 112526,  32537, 147214,   7469,  87969,  18107,  59564,
       128358, 127867,  76475, 109547,   5848,  97190,  90783,  81270,
        55459, 122943, 148601,  33185, 100727,  82392,  96251, 108063,
       116790,   2728, 132446,  34502, 135298, 124427,  25888, 122966,
        18073, 130935,  99064,  80989, 101881,  85953,  51064,  42116,
       130702, 121210, 133119, 126320,  64425,  62400,  21719,     15,
       101650, 114033,  97809, 103322,  67851,   7894,  15413, 152953,
       133101,  55904,  60465,  29781, 103718, 153008, 147974,  47942,
        70775, 104769,  88414,  78771,  72578,  92279]), array([ 69207, 102380, 119150,   1022,  82285,  29072,  88504, 101779,
        65983,  93422, 113165, 114624,  12534, 137424,  69633,  32212,
         7404,  31340,   4032, 107129, 139480,  27620,  73911, 131354,
        19838, 117748,  64537, 126194,  36898,  21962,  66238,  87764,
        82042,  70827,  84228, 147873, 121220,  94502,  87870,   6753,
       113810, 133907, 104452,  64277,  41402,   3071,  43195,  43533,
        71945,  20362,  34764, 128910,  43511, 117555,  21428,  42252,
        23346,  44498,  10092,  94564,   3516,  83765,  27725,  99455,
        14109,  12455, 122919,  43487,   8340,  74093,  15991, 107717,
        65496,   7278, 115943,  66785,  35760,  30749,   8118,  80289,
        12069,  58797,  78743,  54688,  23447,  91415,  85364,  61835,
        28539,  62469,  99118,  11575, 110990,   8606,  72309, 101982,
        32148,   1189,  12932,  77903,  28365,  85991,  27863,  29921,
        19981,  75493, 133753, 134351,   1371, 103460, 106053,  57665,
        83341, 150619,  30479,  75727,  93239,  91363,  32383,  11958,
       107206,  61903,  78426]), array([ 25049,  55282, 127808, 113275, 143482,  55484,  66722, 112267,
       131493,  30703,  12981,  40838, 149276,   1069,  77411,  21688,
         3118,  17923,  27357,  50849,  71025,  75182,  31253,  76339,
       135732,  57580, 149587, 139045,  52570, 100608,  57598,  82251,
       121738,  71822,  79113,  10901,  42119,  89842,  26196,  41956,
       145725,  63211, 126169,  69239, 121779,  10071,  93157,  67707,
        23157,   5343,  93294,  51349, 118087, 129879,  71461,   4456,
        46053, 137323,  70448, 123177,  37594,  26514,  75801,  66986,
        54698,  30787,  96498, 108889,   2155,  45862, 118876, 138087,
        22630,  15597,   3932, 128537,  75555,  92080, 101186,  99706,
       105575,  87877,  44261,  82632, 116527, 149495, 150286, 138724,
        78575, 143753, 143766,  41972,  85889, 152229, 142232, 100809,
        26468,   6587,  17727,  92520,  63465,    397,  48760,  71811,
        55808,   9430, 130174,  41741,  84257,  23625, 111534,  76314,
        29669, 136002, 125725,  42928,  32007,  24434,  74081,  23882,
        31666,  54497,  19585,  31249, 120436,  61608, 111380,    518,
        56067, 147788,   4373, 137946,  81116,  49875,  42087,  63749,
       134746,  59248,  82282,  92285,  36645, 141335]), array([ 91561,  79176,  47240,  90697,  36095, 129234,  67169,  36016,
        22298,  21603,  39784,  82515, 106874,  54995, 143518,  19189,
       146951,  58134, 143615,  34723,  24788,    403, 107826,  37080,
        63331,  94708,  93953,  94166,  38665,  90475, 148634,  59734,
        40123,  26517,  89536,  42482,  55541,  91132, 143102, 107856,
        89269, 146389,   7358,  36453,  83824,   4265, 147945, 151066,
        98310,  75583, 147591, 148721, 118327,  24486,  31100,   5537,
        67912,  62114,  92746,  25508,   2447,  50132,  95482,  63871,
        45903,  60134, 103974, 145270, 144995,  74470,  41454, 143757,
        29707, 104906,  92724,  78429, 124249,   9642,  44547,  63537,
       118401,  59447,  58089,  59557, 108069,  52660, 107671, 137390,
        11326, 111443,  91743,  47779,  29813, 151698,   8890,  13925,
        87077, 141510,  94235, 135887,  41477,   2699, 135361,    879,
       119457,  17601, 113472,  27328,  94977,  83753, 127956,  63812,
       125322,  72730, 145016,  22640, 153512,  17938,  13880, 125074,
        39379,  12511,  14666, 149590,  94535,  32914,  29235,  89537,
        92862,  77834,  34424, 151725, 140009,  31566, 150861,  96136,
        53383,  46956,  22991,  33022, 131145, 133757]), array([ 68221,  30129, 113731,  85986, 102909,  29027, 150764, 128919,
        86276,  64794,  17312, 134129,  65146,  91785,  45457, 136007,
        47690,  59288, 101912,  70708,  69325, 130323, 110779,  89226,
       123751,  22677,  25981,  87038,  31522,  24781,   2713,  80799,
       151261,  10840, 136820, 116312,  69983,   5711,  17946,  31225,
        76255,   5458,  16075,  28250, 140161, 109416, 150205,  49046,
        83736, 144674,  58145,  65373,  50136,  36917,  14159,  64245,
        91041,  49699,   1566,  38773,  58850,  74713, 142415,  84178,
        59930,  53895,  45179, 143501, 137240, 121013,  54887, 142891,
        17864, 102833,   3696,  41271, 122843,  49575,  55290,  38277,
        37318,   3343, 113732,  20062, 105640, 116862,  53827,   6638,
        47738,  37607,  39550,  71798, 135783,  61449,  52111,  27053,
        83268, 145348, 117689,  50167,  46274,  59488, 148406,   1426,
        32377,  28842,  54996, 134675,  19140,  96630, 145230,  87234,
       141927, 141297,  52294, 108979,  60249,  80583,  59663,  45932,
        16879,  20493, 108573,  32411,  34682, 100103, 114835,  26477,
       143478, 112237,  77496, 121595,   3681,  63276, 105663, 142785,
        30908,  16932, 130643,  23682,  77509, 149807,  13423, 121645,
        91519,  23372, 142311,   2716,  64364,  81926]), array([142053,  55098,  69535, 107910, 108400, 120359,  94949, 126871,
         8476,  98841, 104295,  90985,  86778,  85895,  35540,  76952,
       152737,  83238,   9860,   5921, 143074,  18307, 105474, 147658,
        64589,  38538, 114383, 131063,  76591,   9817, 105895,  88803,
        38094,  44738,  60127, 104280,  54852,  43139,  94271, 126798,
       104979, 106477, 140311,  40236, 114418,   7692,  78990,  44407,
        43912,  26990,  19019,  65038,  92774,  84241,  25839,  46990,
        49242,  39440,  32496,  42960,   5316,  38403, 138081,  34260,
        61297,  56839, 110914,  28308,   6273,  87398,  93668,  91421,
        75498,  18683, 126814,  73250,  69497,  37849,  47906,  44677,
        40792,  18640, 111250, 151208,   6723,  73502, 100005,   7487,
        73782, 139398, 140740,  25331,  94862,  52924,   9524,  53197,
        56359,  29057, 153786, 145674, 130943, 150791,  40714, 113339,
        23132, 105297, 122944, 102342,  49634,  62733,  68239,  68156,
        38619, 148868,  20196,  53635, 153155,  31472,  61794,  18490,
       127650, 125316, 142524, 105096,  70247, 132678,   5171, 128649,
       102867,  90155, 130022,  69482,  29896, 148415,  87044,  22911,
        73729,   2655,  71504,  28818, 107185,  25251,  35767,  56499,
        95121,  22607,  62565, 136753, 138947,  39758,  50051,  94744,
       145324,  65579,  54640, 103987, 143029, 120794,  29354,  38165]), array([153076,  57741,  23117,  89823,  34678,  90998,  89296,  81099,
        90588,  72978,  74117,   4326, 150628,  12226, 133612,  66259,
        89699,  76969, 145922,  43013,  58976,   6621, 110633,  79573,
        91346, 125296, 150131, 138851,  56386,  77811,  64667,  13824,
       136890,  82761,  53594,  91814,   7870, 150118, 133545,  30316,
        49424,  69224,  15681,  29939, 136363,   4310, 122449, 113592,
       116340,  49889, 150403,  77485,  59105,  11590,   8570,  82962,
        16558,   4543,  61152,  99853,  42935,  99344,   4438,  20764,
       118590,    104,  93353,  81571, 142011, 113128, 127554, 101455,
        14356,  20390,  37089,  20000,  34803,  34509, 100873,  44652,
       126456, 133838,   1926,  89206,   8380,  77234, 108829, 151567,
        22979,  43584, 143421,  99684,  74121, 133836, 122758,  64781,
        59697, 108274,  77584,  36548,  54197,  85051, 144256,  85098,
       134108, 102384,  54495, 114751, 148182,  86495,  39954,  57287,
        83903, 142127,  83633, 129178,  55458,  13678,  82757, 137303,
       145510, 127844,  76972, 141477,  89672,  48246,  99442, 146625,
        86372,  90483,  50988,  39840,  47178,  91989, 139922, 106238,
       148985,  33137,  65911,  57726, 117593,  94924,  45652, 107389,
        95480, 120538,  55989,  47300, 125419,  14131, 112273,  72541,
        63675,  77619,  26462,  30222,  16115,  51936,  26783,  87979,
         3175,  75594,  14974,  28041, 141409,  56428,  66751]), array([  4147, 129557,  11444, 105812, 107571,  59136, 118914, 137091,
        67606, 142947,  61503, 126140,  88202,  17036,  45524,  91499,
       126713,  47622, 153001, 115191,  82867, 141891,  15331,  56222,
       135801, 117426,  25516,   9734, 144238,   4813,   7860,  85843,
        65466,  42479, 134686, 102183,  65455,  62372, 106866,  24636,
        66157,  22687,  71630,  88014,  72861,  76902,  57712,  29566,
        13250,  15299,  92167,  89461,  20899,  38379, 134743, 109662,
        73349, 124582, 135974,  50848,  95028,  34102,  87931,  11560,
        89281,  32707,  33474, 111758, 118346,  50282,  19610,  86687,
         6560,  91682,  52844, 147904, 144366, 102148,  40409,  27253,
        21495,  30365, 134798,  25646,  31093, 138468, 125172, 142125,
       152031,  87705,  32906,  94182, 132112, 124811,  27561,  84928,
        63010,  38299,  22465,  76870,  41545,  21613,  56885, 133437,
        14289, 113527,  96490,  65253, 125528, 116507,  43585,  34108,
        79006,  34503,  58615,  57552,  22380,  33595,  66006,  43219,
       105191,  46152,  29712, 145612,  79446,  77358,  39928,  11557,
        13232, 114269,  75411, 109459, 116726,  48239,  56299,  22883,
        38696,   4392,  79296,  94651,  40608,  24856, 120912,  28285,
        45069,  44327,  10529,  79475, 132535,  79017,  74048,  29096,
       141061,  52762,  10260,  80310, 125493,   4713,  36962, 132631,
        56731,   9513,  61055, 109405,  58873,  54960,  84155,  84498,
       142615,  44729]), array([  6054, 105783,  49304,  86868,  22862, 137400,  15215,  57574,
        32626,  88018,  10295, 129995, 126386, 144389,  85143, 145122,
        48989,   6747,  22224,  73151,  39669,  59414, 131807,  76476,
       101995,   9107, 140449,   6573, 128812, 106768, 125233,  28214,
        72639, 108888, 138044,  92605,  48247, 123170,  63685, 112614,
       124345, 153740,  21097,  53206,  22957, 151758,  22574,  42647,
        23838,  29064,  64213, 104822,  96596,  78167,   6821, 142717,
        70701, 142523,  24409, 141240,  97884, 150834,  37151,   9273,
        97431, 145904, 101173,  68436, 101544, 105818,  14324, 109072,
        62095,  40760, 147442,  22813,  72788, 103731,   6544,  84250,
       151284,  29440,  20931,  85375,  88778,  75317, 149788,  13669,
        17128,  90311, 136768, 127069, 124734, 137220,  13088,  22393,
        14263, 148343, 146784, 150643, 128899,  37338, 143033,  58510,
       111347,  60052,  60200, 107020,  94641, 152311, 111285,  63434,
        97727, 104568, 132622,  34355,   5061, 118759,  97827, 153841,
         1673,  85614,  33993, 145228, 107218,  77177, 143407,  84874,
        96667, 121334,  40716,  53759,   8957, 133286, 100410, 119510,
       108257,  79436, 127989,  26207, 140575,  78792,  11793, 148589,
        64177,  75144,  54051, 104710,  13210,  30676, 108137,  98586,
        39061,   8796,  11506, 115951, 109310,  33464,  84234, 124778,
        48774,  42364,  77176, 108537,  52737, 131965,  13489, 145527,
       139543,  97647,  76155,  28841,  14908, 106680,  26017,  21946,
       128061]), array([  3628,  12259,  46797,  10298,  73348, 143089,  50562,  76182,
        24292,  38351, 117829,  22272,  18765, 115411,  56264,  90766,
         3978,  72400,  42577,  68204,  19655, 121056,  67668,  47485,
       147487,  96642,  90628, 125372,   9388, 105652, 128742,  61256,
         8871,   9121,  62488,  79553,  54622, 147358, 125081,  80348,
        50563,  84908,  12041, 110686, 120998, 128984,  47133,   5183,
       133910,  68407,  44060, 137724, 135015,  78337,  47784,  79137,
       139754,  26018,  56914, 145767,  68971, 148524,  22247, 122068,
       144009, 149832,   3595,  68688, 103956,  56873, 136517,  24512,
       125094,   5527, 143864, 103468,  99726, 123630,  63111,  35352,
        35508, 153572,  49538,  59256, 118949,  42818, 109470,  74319,
        33503,  39935,  96767,  15164,  79136, 131133, 106434,  89503,
        79758,   1735, 116616,  75312, 134350,  22898,  52068, 101155,
        92723,  94005, 134322,  66749,  76875, 110982,  96165, 134258,
        78928,  52395, 144801,  11222,  80725, 149716,   4403,  69471,
       122367,  26602,  68562,  83979,  72471,  17124,  80828,  73386,
        48212,  15622, 111642,  80436,   6176,  93503,  37145,  56087,
        50887,  58573,  55791, 144257, 115160, 114496, 127723,  24997,
       145697,  64526,  72183,  69870,  61385,  55713,   5605, 120980,
        39023, 140214,  56476,  36767,  73454,   9257,  94335, 118576,
        75393, 125842,  36446,  77443,  14913,  26307,  73890,   3613,
        99439, 151736, 150938,  58670, 147562,   2874,  87197, 141368,
        58399, 113445,  40361]), array([ 73192,  33653,  81896, 107450, 118588,  45174,  42409, 134929,
        96879, 138055,  61911,  74869,  78084,  68757,  40701, 112097,
        75940,   2932, 103677,  82832, 122376,  38687, 125974, 135808,
        18290, 143815,  38483, 104657,  41893,  94756,  15964,  49050,
       109280,  37751,  99357, 138899,  53437, 113394,  46518,  84109,
       121157, 104950, 100701,  66449,  42226,  21823,  83998,  61321,
       135427, 139449,   4998,  52749, 144881, 121671,  40265,  39520,
        96751, 142036,    330, 149749,  74847,  47810,  25870,  30378,
       103984,  47922, 101229,  55438, 102338,  52182,  76634, 100188,
        65817, 150760,  91905, 115812,  85476,  64492,  21200,  76667,
        60311, 132651,  63001,  17770,  73243,  66757,  79172,  63297,
        13766,   3193,  33991, 126660,  63322,  92397,   8603,  38572,
        10686, 145075, 141032,  12215,  37641,  79808, 125898,  58591,
       146134,  82835,  28241,  55176,  74123,  35206,  98248, 123891,
        32474,  63108,  50836,  13285, 144783, 120576,  97534, 115245,
        82626,  62714,  67858,    833,  29158,  51915, 110289, 126189,
        31240, 141779, 144385,  63004, 123286,  93447, 127730,   2601,
       126050, 143093, 130878,  82045,   7017, 147982,  58541,  39258,
        57501,   8457,  90901,   3016,  32956,  48769,   1423,  29241,
        33382, 134704, 138191, 152824,  90165,  96974,  33247,  35578,
        64324,  38180,  15094, 100089, 121335, 121431,  59922, 141446,
        35224, 129123,  71372,  67810,  84504,  46351,  98602, 149499,
       138529, 127400,  47504,  93494, 113146, 138936, 131747,  47814,
        86646, 109979, 135704,  53472,  83260,  76629,  34222,  51836,
        12701,  93990,   5735,  47497,  91974, 119662, 105541,  58695,
       152539, 127218,  47097, 122345,  87050, 123639,  57215, 119701,
          350, 137836]), array([146064, 137479, 143889,  95202,  27754,  26157,  53088,  46875,
        68700,  37427, 116649,  61299,  32281,  96356,  12936, 100339,
       146954,   1814,  86611,    204, 130681,   9337,  79512,  11398,
        98539,  89937,  67838,  29465,  67750,  90258,  99710, 133650,
         1328,  92085,  17464,  45043, 140560,  42750,  19455,  39565,
        41119, 132972,   6462,   8317,  23212,   2892,   9979,  79791,
        46602,  78274,  19123,  47897, 150415,  97242,  72515,  48226,
         9118,  76630,  32034,  67075,  46298,  54679,  70146,  58165,
       113451, 142157,  30978, 132240,  71973,  55575, 143239, 115877,
       141205, 147937,  93708,  48277, 136217,  24331, 115678,  35321,
        48289,  86667, 113265,  76821,  56770,  72761, 151382,  72542,
        60010,  69074,  91082,  67228,  37897,  40005, 101846, 113977,
        76493,  90302, 123576,  18527,  13078, 137763,  77448, 134714,
        58328, 122682,  24057, 147818, 104036,  23491,  86290, 153199,
        66912,  77825,  53056,  44659,  66278,  47983,  11147, 118889,
       138270, 137160,  98222,  61120,  78932,  10476,  71899,  24713,
       146393,  35412,  71740,  53671,  42641, 118815,  20774,  14170,
       110361, 134871, 147490,  59266,  28777,  14160, 108243,  44190,
       102527,  13235,  92869,   8666, 127005,  29260,  24780, 117090,
       122960,  54589, 131757,  24237, 115437,   5397, 101084,  65118,
        11882,  27836,  91658, 137441,  89110, 103894, 135210,  32573,
       130157,  61494,  42290,   8641, 118372,  30718, 102734, 148191,
        33897,  24351, 121944,  45305,   7589,  19112,  67528, 117687,
        18465,  90033,   3717, 141610, 128628,  21819, 121548, 107040,
        48419, 127398,  99923,  36700,  86784, 150750,  32663, 135708,
       133930, 130155, 150678,  65431,  18042,   6192,  88579,  20820,
        35395, 130622]), array([ 20440,  58893,  69204,  29891, 147535, 106957,  37453, 124729,
        90566, 131523,  37399,   4463, 118154,  31657,  94904, 120745,
       106292,   9276,  70942,  68184,  85335, 129387,  76320,   3973,
         6099,  52413,  95120, 151843,  87701, 149520,  88976,   2517,
        28617,  29708, 146402,  83088,  76814, 131951,  80073,  34596,
       115385,  72194,  88535, 145929,  84694,  28471,  96551,   4057,
        19732,  67092, 118008,  94573,  67479,    175, 140788,  49808,
        53597,  10918, 122412,  28198, 106854, 124942, 138923,  97604,
       135999,  49486,  39382, 131406,  41312, 151604,   1031,  37853,
        93354,  50178,  83775,  21842,  34246,  52982,  99246, 122387,
        27241,  21648,  71515, 122879,  82216,  39251, 118082,  62096,
       139797,  15425,  83887, 113875, 138908, 109796, 115919, 140028,
       123331, 135623,  84253,  39217,  22479,  15474, 102649,  12062,
        39054,  15930,  11640, 108402,  95167, 125309, 109305,  94616,
       108653, 125267,  93189,  73382, 129329, 144666,  45302,  67234,
        69344,  73744,  81476,   2152,  48618,   5531,  16757,  76132,
        95827,   1630, 143271,  65099, 124059, 116067,  94832,  26717,
       107693,   6319,  30921,  30433,  90856, 126350, 138135,  66741,
        25009,  41548,  49130,  67649,  83835, 112883, 150102, 153779,
       111186,   9718,  60306, 133123,  97283,  35002,  24446,  22132,
        90486,  32839, 153426,  17709,  72580,  97824, 128695,   4979,
        87688,   2681,   6623,  83108,  90904, 105646,   1227,  63028,
        99385,  44806,  68504, 102147,  21276,  35681, 126543, 134095,
       143736, 108549, 119612,  78612, 136131, 101003,  86584,  21033,
       116125,  92601,   9372,  73128,  54489, 151868, 134213, 146284,
        48237,  71846, 131402,  21832,  75999,  75696,  35741,  87249,
        52790,  72424, 146019,  29038]), array([ 59728,  98040, 130138,  16506, 139311,  84023,  62959,  52433,
        73854,  95502,  45735,  38934,  68376, 134959,  49217,  62471,
        67222,   1826,  36818,  47914, 100456,  85620, 151206, 148638,
        16967,  55830,  33807,   6468, 108506,  48944, 147477, 120714,
       103897,  38640,  98656,  71435,  40295, 130209,    929,    448,
        89913,  15721,  93792,  20743,  88442, 117327,  18720,  78498,
        46366,   3438, 112047, 108819,  51294,  52052,  33109, 126923,
       125569,  43733, 141183, 149406,  42730,  36422,  57875,  54759,
        88560,  67158,  67114,  28136,  58892,  85079,  68019,  94676,
        70038, 136275,  59519,  46749, 112976,  61362,  99331,  98765,
        13107,  76601,  49807,  46268,  45769,  94118,  81594,   2935,
        67789,  65153, 131140, 101656,  24090, 104717,  79311,  10057,
        27243,  59934,  10428, 115822,  40220,  22591,   9012,  92109,
        29493,  18843,  59599,   9945,  67778, 122506,  24514,  74471,
        38794, 141723,  33123,  74201, 144815,  15504, 115652, 128349,
       116246, 103770,  35818,  37489,   5668,  59158,  61643, 130366,
       110801, 130212,  92345, 102086,  55428,   7985, 107945,   1017,
        15974,  30889, 126506,  99328, 101520, 107436,  13715, 141130,
        76522, 116219,  40902,  19672,  14852,  64003,  50240,  92156,
        96469,  71196,  38866,  32775,  84594,  10335, 109539,  62187,
        80925,  11282,  12609,   4766, 141775,  71295, 107220, 111220,
        40745,  30698, 146222,  48650, 103299, 106108,  50491, 114512,
       100507,   5152, 116624,  96302,  88776,  50516, 152945,  13303,
        64473, 118107,  47603,  69330,  11103,   6837, 119639, 121463,
        27507,  78396,  31302, 133782,  50159, 104965, 126442,  35341,
         9651,  71592,  14228,   7014,  74554,  48006,  87608, 137794,
       139172, 108324,  83549, 131723,  19919]), array([ 73313,   2144,  99945,  83814, 151215, 121453,  28721,  98373,
        84476,  97286,   2859,  10858,  71920,  38929,  89768, 135169,
       114448,   4594,  90823, 143257,  85707,  55249, 108275,  31367,
        92280,  15852,  83663,  40875, 149972,  59295,  57229,  70628,
       120871, 109339,  59374,  88839, 114215, 126221,  63013,  69860,
         6055, 101310,  30298,   2065,  57237,  97233,  56858,   6435,
       124936,  61230,  12417, 106994,  60751,  24169, 147797,  83546,
        23697, 145291,  74307,  94098, 146458,  80810,  48745,  78900,
        41351, 133091,  57669, 113993,    453,  24432, 142310,  94476,
        34821, 103325,  85368,  53723,  20863,  20731,  96691, 126996,
        31679,  90337,  15372,  19521,  11110, 124880, 117531, 114668,
       131563, 119586,  58860, 122698,  50538, 151996,  36189, 127284,
        23356,  74277,  21520,  80453,  83315,  79245,  84208, 125633,
        93877, 108310,  57806,  25892,   5919,  34973,  21377,  48588,
        61931, 132491,  33907, 133264, 135387,   6457,  43183,  91192,
       136487,  38200,  12519,  92152,  22649,   6034,  58848,  79545,
        48155, 141106,   5761,  19153,  73535,  25694,  55951, 148825,
       110216, 105597, 124549, 122660, 141898,   7978, 120979, 101622,
        22918, 106828,  58898,  27473, 117499, 119683, 122873, 144611,
       139336,  17157,  65224, 101580, 152122, 118285,  60685,   3188,
        54070, 147753,  67690,  25110, 115079,   4095,  33186,  86850,
        76149,  50211,  52752,  12198,  20517,   5312,  68011, 142570,
         1158, 143043, 130086, 142272,  91442,  23221, 102234, 130884,
       150217, 145547, 137929,  13861, 121925,  57743, 153053,  22713,
       100547,  49189,  42857,  40706,  25015,  70525, 151196,  21232,
       150115,  67640, 137398, 103199,  56908, 146405, 121300,  15273,
         7444,  16025,  25640, 134134, 146027,  79677]), array([122815, 148967, 128536, 109346,   9520, 119686,  11581, 147775,
        63807, 102501, 132105,  31441,  37805, 115293,   9940,  28675,
        93111,  19960,  50531,  41171,   9532,  85048, 136394,   9045,
       128911, 119360,  39476,  83026,  29692,  10404,  83285,  27412,
       128703,   7769,  93110,  87025,  36147, 111673,  51824,   8013,
        78007,  90548,  18619,  79782, 124888,  52878,  40268,  91347,
       111119,  69076, 117838,     79,  13801, 151938,  58375, 133837,
        68770,  49356, 152857,    783,  68132,  17677, 130129,  14970,
       116493,  17605,  11479, 153567,  92610, 144033,  57233,  57196,
        66886,  62789,   6665,  92350, 127205,  31366,   6507, 149458,
        38814,  84943, 151225, 134509,  89643,  68737,  24938,  50006,
        32121,  10312,  90532,   2041,  56852,  38453,  14507,  11948,
        97013,  49390,  20911, 124017,  66353, 120125,  51665, 139125,
        32746,  48415,  63100,  88336, 143620, 102212,  58575,  54604,
        12159,  60933,  95256, 113556,   4291,  69545,   3946,  62332,
        88864, 150690, 148867,    708, 119829,  73960,  51699,  49791,
        49498,   3891,  51923,  74653, 116853,  24558, 139076,   8404,
        26921, 150336, 144361,  96384, 131960,  10160,  13524,  55094,
       128661,  70043,  82440, 100407, 108688,   8338,  88444,  46347,
       129154,  38830, 126934,  78602,   7898, 122063,  75591, 114667,
       115797,  54980, 126979, 139836, 106005,  64148,  19941, 149401,
        12309,  27708,  15274,  43025, 115132,   6509,  30620,  81612,
        39204,  92421, 119232,  77890,  93390,  20251,  31276, 134857,
       129126, 147834,  23008, 130971,  10658, 111389, 151164, 152622,
        20358, 143488, 122370,  27157,  23673,  25538,  85397, 109465,
        44890,  62608, 134181,  49323, 103103,  37355, 102920, 107059,
        77516, 124475,  56933,  70439,  81306,  63889,  34164,  98059]), array([105129,  41153,  46052,  85951,  30153, 101448,   1369, 139317,
       117588,  10020, 130409,  85237,  10424, 145535, 102660,  86823,
        15020,  81049, 143315,   5673,  76176,    556,  19674, 141275,
        76180, 137425,  74900,  85566,  46530,  70867,  88250,  32288,
        73070,  34731,   1592,  96625, 127379,  92334, 148536, 143340,
        45733, 106897,  47358,  69024,  72838,  15156,  57377, 149515,
        83924,  70428, 103765,  12895, 140761, 129100,  92931, 112620,
        23720,   5767, 142413,  59260, 101356,  92478, 135963,  48049,
         8992, 116936,  26752, 115792,   7464,  39642,  91778,  35500,
       112893, 109768,  80300,  19069, 116748,  51850, 119866,  85154,
        89894, 103125,  12376,  51328,  47319,  70982, 114061,  20001,
        41157,  60982,  22221, 103923,  62730,    952,  16638,  46121,
       126908, 107112,  81886, 111724, 152012,  16898,  11408, 135406,
       136996, 108218,  54407, 140943, 141454,  48795,  20819,  56339,
        66973, 127669,  37732,  47595,  89199, 131042,  98309,  99647,
        90512, 105926,  89994, 153246, 128160,  72525,  87081, 109153,
       122837,  82423,  58396,  98785, 126600,  52905, 125574,  60804,
       103483,  99370,  36041, 123080,  59454,   6830,  75320,  18506,
       102684,  90897, 108020,  65816,  19169, 141168, 110442,  62245,
       135392, 131460, 140533,  59130,  19261,  85371,  64221,  96354,
        35254,  69926, 105668, 126869, 119482, 101001, 148776,   2404,
         6075, 111395, 114178,  40868,  98894,  16618,  51292, 152903,
        54553,  58916, 121605, 148023,  98650,  58334,  14185,  48411,
        48510, 118238,  89953,  75686, 126113,  19171,  98496,  15024,
        33674, 102735,  62257,  51490,  91635, 127529,  20934, 109440,
        17201, 101472,  36009, 139227, 129904, 132375,  12156, 117743,
        56312, 153049,  49738,  98243,  16322,  90111,   9643,  31966,
       128513, 145481,  11468,  57674, 135922,  86812,  34546,  32740,
        36948,  14045,  43727,  82019,  45664, 150284, 109158,  43872,
        46776,  30172,  68776]), array([ 35507,  19697, 141737, 112766,  16901, 128276, 129059, 151894,
          930,  17149,  98318,  70183,  58051,  89604,  77235,  41048,
        38635,  89493,   6692, 109418,   4188,  53371,  87199,  68843,
       113120, 147382, 116520, 130570, 102093, 101504, 132660,  89196,
        72108,   1103,  77064, 102155,  76334,  77371,  26956,  51012,
        92841,  15281,  98083, 132977,  98672, 129339, 152323,  11633,
        24439,  91935,  94932,  84295, 109508,  11724,  16912, 101437,
       104335,  62563,   4033,  76235,  15549,  70620,  81057,  18841,
       150912, 110131,  84887,  20406, 103043, 147726, 135882,  85888,
        50138, 118634,  97694,  58214, 105411, 147771, 143784,  55400,
       115343,  42996, 134784, 151578,  14610,  15588, 123675,  13071,
        66275,  42831,  96550, 123694, 132819,  97764, 101526,  60309,
        90983,  71750,  39560,  28930,  44899, 131923, 145475,  96906,
        58607,  92950,  35447,  80451, 123876, 126761,  73936, 120856,
        77845, 138382,  46708, 114043, 148660,  13182,  62517, 135239,
       125197,  87928,  38823, 114239,  40651,  53401, 130122, 123586,
        80386, 113095, 129555, 120379,  91028, 122085,  66345, 152744,
        98101, 101287,  18681, 152655,  18919,  52810,  78159,  33518,
        48552,  89046,  22769, 153792,   8081,  82670,  17589, 142384,
       100282,  48893, 147657,  59780,  22172,  79992,   8940,  68785,
        76790,  50361,  73006,  82687, 142219,   8069, 150600, 103060,
       143748,  69594,  98194,  20033,  44017,  69957,  92501,  82333,
        46321,  43439,  93252,  75625,  67890, 111439, 123144, 113081,
       109315, 140380,  47841, 133980,  48837,  75111,  24857, 110725,
        42712,  63569, 110047, 124792,  29483,  47348, 101169,  20715,
        53358, 142654,  86906, 147802, 110913,  97260, 133967, 128770,
         9200,  40901, 132427,  17419,  37283, 131516,  75280,   7547,
        64721, 131947, 113560,  24727, 119894,  33385,  46744, 126995,
        10347, 138185,  78345, 133325,  92446, 152155,   6102,  79427,
       103220,  97421,  61164, 102972,  84401,  61131,  68191,  43541,
       121540, 133718]), array([101399, 148302, 119475,  50372, 104949,  86292,  67466, 128945,
       135350,  58275, 117397,  46370,  76383,  30170, 140818, 135779,
       106822, 102722,  27981, 117192,  22767,  90427, 114466,  99661,
        32971,  45751, 119108,  35220, 141740,   8709, 125059,  49039,
         3473,  70143,   2100,  75021,  22737,  71539,  35011, 102040,
       150759,  38721,  73762,  34515,  80166,  34504,  55116, 137040,
        70627, 128926, 105203,  59462,  98949,   3351,  94587,  51072,
       153559,  62521, 121380, 104841, 136875,  72315, 132224,   9089,
       107850,  15316, 103502, 112346, 106155,  89079,  66442,  66763,
         3117,  17162,  34231, 130861,  45598, 131880,  38005,  65923,
        49956,  94516, 133712,  76418,   7458, 141801,  92477, 134262,
       105333,  89864, 123679, 112042,     88,  91114,  44345,  76563,
        35144, 148974,  79313,  17644, 121247,   7051,  72770,  40131,
        79670, 152914,  11748,  50854, 101960,  75528,  27118,   4151,
        17408,  16587, 106930,  70776, 139673,  29695, 149445,  80047,
        39327,  96558,  72422, 125219, 135493,  58019, 129837,  32745,
       111653,  46255, 105020, 100639,  61996,   5517,  36105, 151318,
        77393,  28700, 136982, 127243,  35673,  72468,  30876,  87486,
        31575,  88855,  61464, 128585, 129028,  60762,  98469, 133645,
       101434, 120585,  55053,  40837, 152068,  91050,  88927,  67070,
       143887, 126499, 128110, 114650,  28708,  27824, 130963,  29451,
        34425, 137486, 124255, 114027,  19002,  98779, 114244, 113717,
        45620,  11129,  71378, 108870,  13778,   6422, 127093, 119458,
        37963,  66218,  41055,  41194, 121745,  38993, 116322, 119250,
        51493,  81019,  64144,  62646,  67453,  71550, 118298,  54619,
        47349,   7357,  91469, 152029,  80920,  90650, 108269, 117040,
       107002, 120282,  69542,  53245, 124716, 153639, 134170,  53040,
        23781,   1010, 111939,   4224,  74258,  44793,  22762,  76057,
        60294, 118887, 125596, 144779,  93667,  86150, 116996,  68515,
        51545,  56072,  23336,  97180, 135805,  27168,  38339,  54467,
       103451,   1456,     69,  15822, 152123]), array([117471,  84270, 116683,   4452, 130045,  64881, 129001,  28203,
       131593,  82941, 137912, 134730,  98168,  53789,  55896, 108565,
        56291,  93618,  21092,  38922, 119262,  80934,  82640,  79919,
       153467, 140534,  98619, 152639, 129203, 143219,  10790,  61429,
        24105, 105025, 149324,  47385,  24775,  70906,  77433, 119988,
        25215, 109769,  38537, 143931,  38887,  64100,  91565,  50284,
       112477,  40704, 107849,  21370,  62778,  41978, 111564,  80910,
        79344,  44231,  16840, 100208, 122545, 129507, 126650,  44748,
       119336,  46136,  29837, 151296,  75597, 142064, 139840, 109971,
        16498,  88901,  36855,  38110,  84983, 120619,  56613,  97549,
        31858,  85963, 114251, 153032, 123029, 125466, 152191, 136203,
       142662,  17613,  45936,  11180,  50845,   8942, 136730,  44000,
       144059, 118190, 139546,  30431, 117530, 139141,  39679,  12101,
       128286,  12355, 118929,  69981,  71002,  66162,  40275,  52392,
       107640,  78883, 144748,  63722, 100213,  22475,  45693, 107299,
        47538,  47012,  90809,  41056,   3698, 116259,   1120,  97168,
       115707, 113507,  86061,  16033,  91397,  21457,   9199,  36070,
        16027,   5681,  78298,  15076,  39029,  55323, 107251, 113444,
        70685,    612, 129207, 119929,  53563,  80173,  84618,  84447,
        71717, 147273,  79760,  70811, 126201,  94380,  89011, 105388,
       133206, 124324,  96703, 143684, 153037,  37541, 134246,  19694,
       101835, 151132,  91177, 113414,  21728,  82840,  97982,  72507,
        15414, 141140,  58168,  88270,  39412, 115848,  63773,  24690,
       118970,  64101,  57550, 108606, 122761,  58130,  97798, 147512,
        27150,  86612, 145729, 136625, 105782,  12098,   3041,   3322,
        32512,   8238,  33730, 125943,  71781,  89240,   2193,  86536,
       101595,   7820, 147277,   6765, 125075,  79486, 114400, 109738,
       134610,    364,  81917, 102487,  52868,  73044,  85288, 113442,
       124244, 118330,  59051,  70806, 151246,  29624,  98764,   8147,
        56107, 128389,  16346, 120176, 114974,  88193,  55995,  80153,
        66149,  48992, 121014, 152990,  25703, 110347, 125724,  60531,
        15103,  76093]), array([ 68917,  87673, 148401, 115455,   3509, 143517, 142113,  49504,
        51554,  87136,  53036,  34072,  65713, 148609,  29645,  68122,
       152037,  25803,  31121, 138032,  94820, 144994, 138722, 136148,
       123026, 145645,  28002,  50928, 102774, 126211,  68860,  87035,
       141730,  33048, 107309,  97355,  21512, 115761, 136301, 148289,
       130442,   1534, 123428, 126463,   1797, 141481, 105859,  22164,
        15091,  34614,  56685, 151804,  52126,  72775,  53913, 121195,
       111299,  62732,  72698,  21202, 143633,  86851,  82902,  95356,
        78070,  93993,  24323, 150653, 121451, 144606, 113117,   3895,
        75698,   3156,  30216,  52925, 100224,  50769,  68919, 118934,
        61620, 134916,  84923,  30644, 150263,  61635,  76709,   6717,
        11058, 104669,  12766,   6353,  54392, 119053,  93665,  20224,
       149298,  20448,    192,  40972,  72823,    790, 151747,  77361,
       133135,  91303,  83817, 130189,  32645,  55086,  41755, 128964,
        70287,  69161,  60942,  19814,  85822, 131312,   6331,  80561,
        78150,  93040,  62582,  38754, 113057,  44620, 115148,  29991,
        28108,  59467, 144075,   6817,  55292, 115298,  23853, 143640,
        56912, 150167,  59341,  17257,  44202,  44252, 120361, 123336,
        53411, 147456,  32604,  65259,  17696,  46691,  71981,  25631,
       129146, 122885, 151239,  12466,  11846,  54137,  35161,  61310,
        44468,  78140,  52544,  19149,  56178, 144896, 129694,  85418,
       141302,  62381, 105040, 114160,  16599,    963, 111517,  35048,
        38551,  54521, 144514,  75513,  27123,  61865,  61989,   5746,
        51056, 112469, 140654,  55251,  35132,  49760, 153495,  38060,
         5886, 117108,  39486,  17334,  80713,  53880,  35257,   9989,
        95086,  68942,  10426, 130073,  33147,  66182,  37305,   8407,
       127486, 149048,  23517,  42723,  22443,  41596, 115645,  11363,
       139591,  93777,  55553,  66416,  73288,   4977, 126181, 129336,
        48724,  91324,  96421,  11583,  94567, 122368,  97237, 112781,
        64726, 133209,  31301, 120346, 153532, 104733,  59507, 124422,
        95416, 107891, 152361,  60404, 104256,  81918, 129977,  53154,
        57500,  23772,    487,  18742, 132780]), array([118582,  75368,  43765,  30794,  50216,  43536,    492,  50482,
       125836,   3720, 150695,  45683,   1843, 125455,  25810,  33077,
        24295,  56399, 111301, 108328, 130623,  33507,  17152, 120554,
          414, 127832,  87239, 151623,  19878,  83605,  72798,  35376,
        67395, 148914, 108276, 143978, 146051,  41106,  25919, 142813,
        64709,  78445,  57145,  25638, 122180,   5080, 117646,  90546,
        93378,  80564,   7727, 143589,  20182,  15054,  64773,  84931,
        82883,  13503,  91348, 126881, 147021,  70264,  50883, 109821,
        39336,  95452,  83415,  66010, 151859,  58206,  33707,  23704,
        51827,  40703,  53586, 102001,  66415,  77060,  88387,  24992,
        14583,  11347,  19875,   4091,   8697,  87274, 114430,  81288,
       126493,  28071,  92108, 140991, 127111,  11632,   1960,  29315,
       150266, 130787,  63304,  39508,  10439,  98533, 116878, 116696,
        78491, 144833,  20236,  66884, 112069,  17618,  71898,   8996,
        60139,  68680,  78597, 141560,  16542, 128512,  19040,  16540,
        53325, 128548,  19322,  43484, 108934,  16061,   7024, 119561,
       108856,  86291,  57972, 149712,  93989, 148013,  86669, 135577,
        80883, 148770, 129932,  34179, 149569,  12682, 136057,  26697,
         1386,  96184,  45976,  98819, 147048,  57762, 118886,  33065,
       105817,  81613,  10169,  44002,  84353,  71737, 130740,  38944,
        56924, 134787,  13467,  11277,  76159, 111769,  53389,  75214,
       142478,  37671,  58156,  34415,  83363, 117744,  87472,  83486,
       121428,  87267,   4761, 145193,  41009,   1407,  19264,  55981,
        95876, 110962,  29366,  75373,  45070,  37181, 116502, 139441,
        75154, 133706,  19485,  66391,  95125, 152106, 115226,  55505,
        18461,  92229, 105258, 124775,  11489,  38597,  23790,  22652,
       102369,  11681,  27312,  37788,  82052,  93610,  37811,  90387,
       103705,  37704,  22851,  37769,  79021,  59784,   6371, 109536,
       142607,  42519, 105189, 141144,  74634,  41530,  30080,  75465,
       120925,  50608, 152957, 135266,   6570,   2504,  19492,  66323,
       102814, 153136, 102092,  65256, 146579,  87524, 132425, 132966,
         1166,  75441, 123808, 101502,  91572]), array([ 94534, 128567, 149681,  45427, 127922, 101418,  63590, 137917,
       127538,  93567, 152158,  71172,  50074, 121283, 132435, 102425,
        90039,  68410,  28900,  13033,  34109,  55893,  38327,  99682,
        95726, 153479, 120051,  48804, 122269, 107459,  68272,  30251,
        45878,   2965,  94751, 136021, 113884, 105527,  95764,  97832,
        77439,  27057,  18611, 101596,    697,  97312, 124668,   3352,
       115297,   4294,  54639,  30904,  21018,  22135,  38852, 153221,
         2376, 126913,  59833,  51666,  83239,  58292,  87506, 136323,
       139383, 143117,  98473,  16598, 148858, 119487,  52278,  81566,
       130408,  18722, 138118, 140238,  87630,  83829, 108080,   8431,
        33615,  69797,  98235,  70295,  98301, 128538,  78656,  56675,
        43572,  35455,  25103,   7904,  91914, 151916,  39276,  30541,
        51312,  27220, 118214,  18327, 100706,    970,  39132,  66985,
        72919, 110588, 100043, 102221,  96275, 139413,  20183,  57494,
       124536,  55337,  54342, 127675,  62091,  27143, 122546,   6187,
        89622,  38458,  39395,  75418,  24472,  10983,  91948,  93365,
        92857,  28954,  56052,  66311,  27567,  88102,  99387,  55941,
        56928,  43674,  18785, 112162, 121941,  98196,  24316,  91139,
       115136,  13873,  18362,  48682,  24538,  77460,  56508,  95656,
       122576, 146749, 115697, 136351,  35922,  67760, 110771,  67109,
        51650,  15980,   6490,  36151, 136249,  13410, 113620,  13809,
        22606,  80684,  42110,  30103, 116660,  12247,  83940,  75963,
        86046, 142738,   8795,  64677,  78713,  72316,  96293,  29196,
        15452, 110734, 139196, 114727,  61757, 112769, 144177,   2081,
       116934,  72865,   3631,   1143, 136472,  53225, 107871,  31108,
       118187, 148000,  10086,  89589, 146257,  45869,  82229,  51919,
        36216, 119811,  13663,  65022,  90613, 107184,   2295,  32638,
       110860,  76665,  27259,  19922,  18489,  17909,  30393, 103466,
        17917, 123717,  66542,  84372, 132903, 134912, 107911, 145825,
       152748,  59673,  97907,  27525,  60886, 134365,  49137,  25319,
        51867,  63591,  92656,  35946,   2246,  26091,  88312,   7570,
        75446,  39650,  95895,  81537,  66592,  12360,  50998,  22736,
       126071, 139084, 150471, 133677, 147713,  94761,  91172, 136449,
       127570,  82395, 101485, 121199, 101738,  34428,  84470, 153075,
        45358, 112772, 108492,  70175,  26574,  79860,  48926,  55173,
        92662,  61948,  62557,  85968,  40273,  51694,  22897,  66072,
        43062]), array([ 68484,  42181,  40483,   8024, 148983,   2671,  42537,  22103,
       106595,  65412, 104471,  16072,  48622,  32654,  29364,  29250,
        83610,  60793, 150472,  69232, 132818, 126956,  90834,  34337,
        39173,   5460,  42916, 139206,  66022,  56653, 146504,  32711,
         1321,  44836,  82671, 109570,  59062, 150481,  71674,  65815,
         4215,  47822,  99381, 136737, 148933,  50429,  79911,  47211,
       122440, 131664,  68854, 126362,  52650,   6953,   6895, 123884,
        76306,  37011,  73622,  64592,  18688,  34430,  56721,  85372,
        48211, 126124,  12611,  61009,  58185,  21990,  33017, 149973,
       150647,  30332, 122912,  57394,  86029,  11445, 112206,  12859,
       139142, 130853, 124261,  43886, 111185, 107724, 152605, 109486,
        43350,  95368,  94612, 112771, 139354,  47003,  99372,  35058,
        86560,  45851, 125978, 130027, 119589, 126532,   3099, 103107,
        50739,  93895, 106083,  16806,   1453,  32700,  67034, 114438,
       101077, 129402,  78204,  17680,  47035, 134567, 150823, 102888,
        98717,  18078, 144913,  41373, 102307, 138137, 110164, 138739,
       102321, 140838,  13371,  97366,  67456,  33106, 121910,  29814,
          216, 126312,  91527,  68112,  44815, 109521,  15632,  63449,
         8325, 143801, 139577,  59082,  85615,  29541, 106425,  38378,
       119276, 105796, 142004,  91893, 133304,  99614,  87993,  94824,
        40761,  30385,  45712,  50955, 107513,  61578,  84445,  15194,
        44660,  24920, 141018, 102844,  95820, 132416,   3969,  52295,
        34262,   4537,  80382,  64908,  91976,  27505, 135650,  57396,
        33424,  77341,  79238, 102013,  16150, 107591,  47107,  50049,
        20929,  99875,  89912,  56301, 136183,  38098,  80846,  61455,
         1699,  51172,  95680,  53061,  25285,  97925,  38485,  43723,
        58762, 109744, 124224, 122374,  13705,  64875, 131481,  44218,
       119511, 124165,  18359,  84378,  18787, 149018, 124074,  71845,
        96403,  47556, 115913,  55331, 118879,  78746, 106032,  36017,
        56997,  91411,  77091,  59943,  57880, 125947,  81337,  89596,
        50939, 128152,  14338,  70853, 137992,  49210,  17928, 144357,
        49822,    400, 104564,  84333,  79560,  29935,  73915,  46635,
       105662,  28490,  11191,  93439,  13713, 123457, 118349, 131610,
       108160,   1589,  30484, 142218,  14693,  88451,  61091,  80891,
        10018,  44485,  18164,  97638, 115283,   6744,  57223,  18935,
        77022,  71559,  54295, 145425,  41222,  31094,  41694,  11431,
          838, 114376,  62846,   2321,  99851,  39522,  41562,  60784,
        58504,  90967,   2691,  34527,   6880, 100700, 127652,  75657,
       118874,  50002]), array([121943, 100785,  40743,  84324,  31929,  93501,  57370,  94729,
         2998,  65343,  62176,  60242,  54031, 106449, 101819, 153847,
        34539, 101409,   3936,  56047,  57238,  24539,  71030, 148923,
        20750,  24540,  92996, 134454,  49115,  90234, 100357, 127279,
       105127,  59742,  66107, 147817, 134015,  80869,  89667,  81848,
        18426,  31136,  70621,  26158,  47094,  32851, 153132,  46697,
       152679,  62988,   2219,  48713, 112913,  66057,  67899,  72546,
        89449,  74979, 129572, 141134,   1904, 129803,  55444,  60679,
        92272,  35969,  20939,  47786, 121721,  24500,  69692, 153665,
        71956, 152656,  13406,  62540,  33676,  60420, 150596,  41684,
       152812, 123897,  63840,  74180, 100234,  20138, 102354, 109118,
        90237,  34319, 147854,   2028, 149001,  67133,  93274,    811,
        95208,  26374, 107406,   7907, 130410,  83465, 109786, 148020,
       146604, 132251, 117678,  82591,  11627,  91539,  14706,   4801,
       148992,  11452, 122696,  96129,   9629,  99175,  15340,  71850,
        13302,   9476,  18286,  52889,    587, 148440, 130744,  36384,
        82551,  73847, 147956, 109347, 132284,  93725,  38983,  29744,
        21490,  83090, 126614,  23264,  25235, 135753, 135003,  26829,
        47447, 135353,  60487, 109324, 105092,  98035,  18397, 126864,
       127938,  56417,  16646,  68848,  61653,  37978, 126157,  60403,
       130052,  60983,  79045,  41159,  52763, 101116,  69000,  34905,
        64613,  28994,   7626, 127228, 140979, 132215, 127059,  53588,
       131353,  10433, 106338,  19718,  17399, 126504, 116684,   3716,
        71900,  93308,  76184, 153451,  41272,  89096,  79043,  60372,
        88719, 107285,  65129, 136765,  89965, 107361,  81393,  55617,
       148471, 111754,  18124, 128904, 134884,  50889,  12585, 148279,
       117575,  95965, 121764, 114529, 150983,   5394,  48910,  56979,
        42201, 128314,  34406, 109875,  70723,  10111,  56462, 122638,
       102874,  85702, 117331, 106368,  71006, 138302,  39567,  91450,
       104340,  85949,  60800, 132905,   2087,  84071,  77228, 116212,
        73001, 132439,  53886,  57877,  13932, 119888, 130517,    519,
       121718,  10228,  25551,  62510,  48848, 120123, 123376, 146703,
       151746, 122610, 115382,  74887,  65278,   4397,  74336,  28447,
        97133, 140833, 133105,  19508,  18240,  44589,  63118,  94974,
       137847, 123812, 107203,  93056, 111798,  37688, 122179,    163,
       114048,  49515, 137904,  67018,  43360,  61618, 139611, 111537,
       150571,  73150,  42800,   8665,   9239,  46468,  64823,     48,
          505,  64080, 140553,  92621,  50431, 100317,  57502, 102279,
        70482,  90914,  41045, 149612,  41570, 143830, 108463, 137598,
        16606, 116169, 134667,  32799,  20053,   7577,  91373, 109896,
        11565,  20853,  10780, 113768,  48259,  72825,  27982,  77588,
        13842,  45354, 122344,  20180, 114629,  36867,  63123, 100361,
        41797,  58408,  71324,  94562, 150589, 100722,  81108,  51425,
        24823, 113143,  21356, 144911,  28883,  15311, 130033,  21303,
        33314, 151763,  87999, 137590, 151069,   6553,  36430,  80523,
        38066,  20261,  18448,   9067,  55229, 110907,  42314,  59276,
       115819,  46482, 124758,  47155, 115782,  56294,  78423,  23522,
       135526,  53576, 115483,  58570,  89431, 124040,  40384,  74508,
       140409, 151761, 106458,  51914,  40042, 106963,  29420,  25941,
        19802, 116310,  52250, 136055, 139468,  26502,  15733, 127482,
       142674,  53479,  59184,  42909,  63115, 147889]), array([ 81678, 151636,   7107,  23668, 104024, 103130,  19010,  61382,
        81002, 115730,  39245,  81103,  16234,  81416,  88528,  69118,
        57290, 140112,  31467, 105447,  25817,  12144, 145575,  69491,
       129730,  58537,  12674, 128112, 126712,  58398, 152305, 149705,
       109782,  84162,  55859,  30531,  97458,  40146,  12508, 112197,
        63661,  15508, 138430, 145465,  76914,  32058,  39150,  12129,
         7637,  19840, 133157, 148134,   2306, 124171,  52659,  13344,
        34286, 107367, 145771, 140405,  82462,  80149,  38115,  31124,
       107723,  74134, 142427,  48569,  59717,   1628,  59816,  59800,
        34026, 130401,  96909, 132233, 125697,  67604,  77695,  81518,
       150985, 134665, 105016,  95790, 134779,  76008,  36626, 101769,
        39439,  45241, 117747,   4870, 148845, 102428, 135265, 143162,
        25437,  24493,  41206, 145663,  63803,  42497, 113030, 111362,
        88685, 149591,  56114,  70987, 149983,  89582,  14009,  40158,
       152625, 104904, 102238, 142552,  85350,  76468, 105610, 149462,
        19926, 118670, 114664,   1461, 149245,  83241,  96380,  44296,
       116785,  47677, 146697,  22956, 147032, 135422,  68577,  47773,
       147520, 114570, 142466, 108183,   5995,  59477,  47136,  55648,
        33554, 140090, 112038, 142305, 117522, 150215,  16843, 103374,
        56851,  94527,  37595, 105716,  89825,  30366,  33629,  63743,
        49183,  46813,  69270,  84218, 111140,  56091,  95865,  48748,
        95145, 116395,  72573,  66643,  48166,  78649,   7267,  18045,
        20385, 111661,  10531,  99148, 123610,  20020,  87348,  66827,
        83839,   1936, 133347, 110733,  75603,  89459,   6141, 153458,
        32366,  53972,  57433, 141527,  78373,  43558, 116560,  78027,
       108142,  23564, 144021,  16548,   7012, 151693,  52399,  59156,
        18513,  91718, 140993,  56509,  61819,  16433,  26607,  24505,
        82694,  56219,  83199,   1076, 104828,  98020, 102572, 100481,
       153855,  51103,  41922, 108721, 119260,  15200,  68381,  93169,
        93319,  68719,  38542,  13557,  55185,  74585,  43056, 143629,
        89086,  33438,  20909, 147425,  39088, 101469,  19935, 107211,
       122692,  85464,  22333,  76096,  56477, 134060, 134762,  79626,
        63571,  93897,  10466,  25910,  94830, 126135,  22623,  17569,
       131303,  72995,  37357,  48967,  11036, 105712,   8589,  88785,
         4022,  48173,  77403,  58194,  65536, 124506, 146065,  67738,
       119332, 124726,  24506, 127391, 152982,  66861,  76343,  88016,
          344,  92162,  90393,  15328,  62251,  48192,   7436,  76226,
        68141,  74719, 107555, 113929,  20113,  66325,  48956,  92814,
        26665,  57068, 108805,  60910,  71027,  69592,  84121,   1485,
       136597,  17943,  22684,  21365,  38645,   6424,  68718,  78308,
       127641,   1236,  69732,  25823,  25178,  27806,  30138,  57766,
       100494,  29011, 132280,  78955,  47222, 153436, 146759, 153798,
       149318,  22651, 116162, 149659,  99303,  16913,  66597,  10768,
        20957,  12422, 141283, 120975,  11368,  89588,  41223, 106508,
       104966,  54008, 105539,  90919,   5274,  62355,  89799,  19192,
        62590,  62008,  15253,  25219,  89266, 120460, 107695, 104314,
        22547,  55944,  42881, 115348, 132000, 148807, 125951,  19630,
        86965, 132365,   7741, 153121, 130688, 138609,  67255, 114771,
        80155,  39651,  83367,  48812,  68553, 110125, 143939,  85608,
        20972,   8712,  54032,  32173,  31907,  52178,  73678, 143415,
       115236,  78516,  87806, 115653, 149781, 106596,  19567, 120655,
       101347,  96710,  45251,  41590, 112948,  51870,   5715, 124071,
        49620,  72445, 103119,  93030,  84604,  25791,   8272, 100108,
        80288,   8406,  91571,   3957,   8454, 123950, 130961,  74257,
        58713,  41369,  75826,  27923,   3795,  67736, 117547,  79859,
       127700, 123636,  67041, 106027,  45171,  83551, 105477, 127623,
        21872,  37311,  61283,   7254, 130199,  80864,   9146, 112031,
        89126,   2598,  33146, 138263, 127493,  40373, 104772, 100085,
       130203,  85377, 131124,  19250,  71977,  54800,   2555,  25206,
        62000,  74197, 153618, 142241,  90428,  24069,  31779,  59284,
        34776, 130176, 130559,  45637, 153119,  12050,  48033,  80028,
       144025,    869,  82842,  46062, 119700, 115213,  87614, 151432,
        13574,  45230,  46148,  44210,  81989,  69147, 151784, 118053,
        62109, 100759,  70091, 146266,  64631, 113706, 120788,  46839,
        69574,  78205,  50488,   8489, 111337,  86310,  52483,  10933,
       118365,  52401,  29638,  67142,  62031,  33055, 138306,  56626,
       122517,  39736,  68667]), array([ 41768,  96915,  72911,  23932,  31524, 101851, 131482,  51880,
        50694,  24449,  75015,  24947, 142243,  62348,  81765,  71854,
        49904, 110430, 119443,  16119, 138271,  19283, 136621,  32237,
       100097, 135226,  96505, 130016,  81955,  45806,  29710, 130244,
        91936,  55537,  27662,  71268,   2881,   7083,  54977, 135444,
       102787,  36362,  24646, 133526, 153384,  82275, 131779,  63725,
        48621, 118738, 133914,    302,  43735,  70451,  96537, 121274,
        36598,  33590, 118950,   2975,  36656,   7802,  54267,  84486,
       149774, 111120,  99929,  70809,   6901,  19776, 152395, 142104,
       135064, 102937,  60292, 134265,  16238,  13946,  83872, 145034,
       142770, 142959,  22024,  60941,  98125,  51047,  77997,  72685,
        27796,  36262,  34501,  30617, 116713, 131770, 146201, 110525,
       135885,  26235,  94566,   1346,  16760,  64968, 127789, 135879,
       150224,  65429, 144394, 137287,  74215,  79098,  52265, 126856,
       120427, 111994,  55667,  99371,  32123, 134738,  97721, 127210,
       116027,  90083, 110587, 117548,  38254,  24853,  89686,  96174,
        13194,  43074,  40348,  52141,  62092,  50679,  49716, 145346,
       144054, 125862, 104988,  80061, 112044, 146332,  97372, 123797,
         5125,  90192, 134406, 153829,  90598,  29569,  60190,  21410,
        18196,  93208, 150958,  88502, 127196,   5189, 153147,  17120,
        25448,  95518,  66263,  49873, 115128,  35052,  77546,  74300,
       120561,  14670,  88298,  46010,  27892, 111482,  28312,  45839,
        23786,  89442,  94411,  20752,  14267,  99942,  44878,  43161,
        28173, 119845,  70189, 135596, 124112,  65004,  52962, 109426,
        85243, 122694, 102970,  49152, 152126,  43930, 116954,   8949,
        16104, 126561,  44856, 147503, 120687,  66819,   9897,  68758,
       105157,  59388, 146762, 110250,  73670,  11991,  82406,    528,
        53119, 119794, 126109, 136883, 148319,  23664,  68254,  95391,
        35616, 104011,  34212,  50103,  83668, 125207,  13633, 143081,
        21209,  94444,  40730, 132544,  70665,  84819,  99932,  85896,
        10672, 142044, 132313,  92243,  72470,  89900,  25656, 103710,
        15055, 130549,  19530, 152148,  66954,  41154, 103454, 100217,
       139128, 101818,  97003, 108698, 102877,  45323,  28630,  25733,
        22945, 109210,  13310,  82800, 120657,  52167,  86042, 132222,
       121029,  54416, 112338, 131328,  15455,   6979,  70829,  34330,
        37308,  26777, 145163, 115584, 131952, 116906,  34949,  88349,
       146649,  40825, 130862,  86366, 152587,  37907,  98947, 139474,
       149809, 140277, 103660,  98681,  80978,  14919,  13031,  54809,
       113577,  89567, 136727, 133226,  51357,  42642,  69191,  45535,
        74323, 112543,  28816,  27735,  55717, 100474,  91206, 153185,
        33905,  80377,   6989,  99460,  86799,  18665,  12077,  24610,
       133397,   2420, 150492,  30227,  67097,  90451, 139696,  86450,
       147960,  42705,  75268, 128172,  76283,  70992,  81133,  81164,
       110736,   4783, 109717,  74211,  57425,  49215,  29257, 132199,
        25053,  87164, 104546,  80641, 120665, 119209, 127912,  54637,
        96083, 113647, 137074,  13053, 132641, 126646,  83637,  88937,
        48532,  47177,  11527,  61173,  92666,   1488,  38065, 152805,
        42630, 146772,  68895, 130563,  64681, 145391, 109174,  69730,
        21305,  39007, 115659,  11373,  61338,   9644,  30246, 150117,
       130581, 107652,  59464, 126322,  34569, 146920,  67498,  23594,
       104897, 119172,  10808,  70585,  10650,  94240,  81743, 128606,
        54163, 128100,  51906, 140987, 143893,  93828, 132807,  54723,
        10837,  26122,  88677, 118001,  24797, 138741, 142230,  11656,
          678,  39746, 138665,  91387,  67550,  26855, 114427,  39012,
       102604,  35047, 150880,  46316, 147064,  29663, 103554, 103127,
       104290,  40666, 103441, 137784, 142814,  59998,  66350, 120653,
        97709,  75503, 129259,  14543, 146379, 106793, 147375,  39561,
       141457,  67261, 105651, 125529, 120528,   6933,  69696,  71432,
         8669,   5850,  99407,  65386,   1292, 141664, 120595,  63718,
       127033,  37114,  88474,   4074,  41335, 147260, 106414,  71757,
        18214, 114872,   9195,   6261,  57419,  99467, 114426, 141890,
        95633,  34999, 113586,  13348,  80177,  57336, 145049, 119492,
        88501,  91653,  52999,    354, 105987,  94442,  22502, 140710,
       101853,   4436,  50932,  34601, 109061, 124999,  13309, 138172,
       142301,  91988,  58720, 126779, 119742,  33386, 109047,  68742,
       124304,  53144,  73638, 124898,  22669,  35671, 119895,  63286,
        55511,  30010, 114191,  38318, 145306, 131080,  89841,  98695,
        36628,  20616, 135988, 104299,  72768,  64336, 149140, 113499,
        62686,  77652,  71943]), array([ 87743,   2836,  29986,  34233,  95045,  83040, 125905, 150524,
         8146,  31873,  80115,  83024, 150703,  49413,  74575, 122569,
        47140,   9486, 108642,  82494,  41297,  79870, 101357,  50426,
        80773, 108887, 144664, 122821,  76592, 107263,  30634, 124303,
        18463,  78284,  87438,  66553,  44995, 141700, 150946,  95852,
         4289, 100924,  85852,  92508,  42532,  16118,  29876, 117956,
         3500,  86824, 129107,   6731,  42991,   3828, 109326,  96977,
       146746, 117830,  14980,  77115, 146923, 117686,   6339,  37851,
         1238,  30836,  73600,   1731, 142294, 148738,  10159,  21458,
        38338,  57915,  64786,  66782, 153033, 127633, 117981,  72031,
        48559,  55837, 125111,  75239,   7680,  67819, 149791,  45252,
        56226,  37286,  42387, 147278, 148893, 150790,   5764,  19836,
        53390,  93271,  39130,  74776,  39648,  14497,  23678,  63146,
       139066,  47619, 105734,  56969,  29437, 111067, 117587,  65858,
        63506,  37352,  17784,   8613,  31219,  22067, 107369, 139545,
        17506, 104640,  35890,  27865, 101756,  56612,  49548, 137522,
        79720,   5733, 129523,  54086, 100764, 152786,  53523,  19931,
       137496, 136800,  60512, 131131,  31064,  67333,   5275,  93751,
        85954,  51987,  75331,  40271,  59333, 125976,  17973,  64521,
        64227,  71165,  19456,  33229,  24474,  30154,  46432,  88129,
       104734,  86860,  95437, 134822,  38347,  31633, 144797, 120592,
        93921, 124049,  33031,  85260,   3581,  57938,  96549, 120212,
        42324,  51950,  27794,  38834, 143279,  20060,  43859,   3954,
        83156, 137591,  12960, 120621,  92558,  62925, 135531, 122851,
       109525,  59639,  55935,  48708,  14574, 134343,  20571,  30020,
         3121,  73474,  98744,  16347, 152552, 144095,  10745, 132663,
        91142,   1582,  32199,  17150, 135502,  26793,   6052,  91849,
        41116,   5296,   4827,  67682,  73494,   7454, 146775,  50553,
        53933,  30533,   4042, 151219,  38661,  12783,  81719, 118728,
        39510, 114527,  38584, 104255,   2858,  78082, 124524, 126702,
        93009,  81771,   6847,  90859, 113754,  98026,  48611,  34079,
        14726, 120189, 136244,  24643, 116840,  91880, 132736,   5112,
        31163, 121419,  24347,  26822,  87071,  18689, 105648, 109319,
        28009,   1207,  71939,  52825, 113508, 135741,  12230,  94407,
       131148, 141639, 117853,  72650, 102057, 123342, 113336,  56733,
        85163, 152469,  97869,   1092,  24317,  97856, 123101,  29248,
        37693,  73345,  86337, 141102,   3081,  31020,  34019, 151756,
        53035,  13444,  38862,  16799, 145154,  78936,  14894,   9541,
       104809, 133658,  35728,  97560, 102687,  92541, 143744,  99466,
         7571,  35280, 105446, 153304,  54068,  92179, 153896,   6039,
       136334,  86900,  12741,  58333,   4531,  13350,  80588, 137300,
       124970,  96042,  49220,  82327, 136916,    687, 150282, 150928,
        56398,  39259, 150086,   6845,  79701,  73146,  18872,  61748,
        97951, 107682,   6002, 111419,  20100,  12909,   5078,  84896,
        67297,  63233, 140313,  65907, 116371,  34859,  41795, 133690,
        22710,  98344,  70787, 125790,  29225,  27888, 103973,  42848,
        97705,  61052,   3360,  16574,  27178, 125034,  97658,  69387,
        16689,  17845,  20665,  63127, 120301,  32988, 124018,  22695,
        80211, 115636,  72906,   8581,  57694, 132695,  59854, 100656,
        90582,  87045,  72272, 103110,  60054, 123903,  61788,  57499,
       138565,  58110,  21038,  38654, 121974,  42590, 119667,  53550,
        59059, 107098,   7375,  91909,  27684, 153576, 131234,  40113,
        86897,   6683,  50001,  43102, 141062, 120962,  70133, 136015,
       100613,  54742, 127063, 120465, 126734, 120527,  47483,  57179,
        34977,  17047,  81632, 105935,  89162,   6008,  65665,    471,
        40558,  33156,  31743,  50276, 135687,  81740, 126106,   6409,
       147047,  76831,  29856, 138463,  91243,  31183,  92175,  15647,
        80860,  44940,  85545,  93660, 110104,  47853, 131395, 149486,
        84051,  26542, 136817,  21026,  39601,  45643,  84181,  15497,
       106118,  20692,  37160,  42593,  33543,   5368,  95937,  37061,
        31428, 127533, 144223, 146366,   8107, 100617,  22150,  39127,
       140773,  70244,   7300,  92004,  87317, 111384,   8879,   7473,
        56181, 131164, 131408, 109345, 133754, 137555, 104687,  69146,
        79656,  82145, 134924,  46312,  44062, 143603,  43968,  36311,
        61171,  24846, 136716,  94381,  29630,  97897, 102247,  71327,
        16120,  61703,  53569,  78348,  97307, 135290, 121490,  60481,
        36853, 118174, 106273, 104765,  21409, 100560,  51788, 114230,
        66183,  83081,  21364, 142188, 125627,  40864,  42902, 148360,
        40417, 150726,  15830,   1045,  23399,  52042,  28963, 116468,
        16308,  27140, 134641,  39189,  93104, 107395, 126006,  74279,
       112990,  43916,  60901, 103711,  63680,  42489,  29382,    643,
        61398,  10548, 102981,  10970, 101268,  29022,  46898,  66544]), array([ 39045, 145215, 120445,  95522,  55942,  28182,  11874,  32744,
        51756, 151473, 151980, 106602,  14235, 129416, 146075, 122427,
       115280,  75034,  74066, 141535, 139435, 106081,  10338,  64775,
        17061, 152499,  74247,  75837,  49843,  66766, 132776,  41512,
       145399,  66430, 107607, 142667,  84287, 144966,  11334,  31872,
       114859,  79405,  94144, 153649,   2673,  45691, 121681,  18770,
        67284,  58656,  74531,  61872,   8580, 145975,  63031, 139340,
        74929, 125769,  32283, 104595,  20889,  10239,  95354,  70210,
        61273, 133012, 109246, 128158,  16103, 133238, 117420, 153642,
       108054, 106468,   2351,  54279,  11354, 125636,  40899,  24783,
        80663,   6549, 140470,  11019,  68089,  37568, 114656,   5691,
        67857, 124735, 131834, 123396,  57093,  73022, 124815,  47323,
        34312, 118776,  30031,  14808, 103300,  40950,  31459, 138089,
        14070,   3172,  54072,  97859,  48184, 133621, 146994, 144423,
       136503,   7989, 153869,  67172, 137726,  68981,  55525, 116577,
       112018,  61340,  77062,  15432,  22653, 104516,  64942, 138849,
        28958,  47048,  37617,  39906,  27799,  58066,  87955, 125504,
        55841,  93286,  32155,  24390,  70113,  10596, 153442,  29021,
        99889,  31376, 134932, 153454, 143469, 103488,  49195, 150872,
       130872,  97664,    802,  95585, 146716,  49886,  52857, 144592,
        74173, 125385,   3620,  85001,  76828,  71680,  68482,   7504,
        91720, 147460,  78020,  19566, 138903,  58915,  24606,  80944,
        25760,  19103,   9953, 132165,  81127, 148153,  56745,  42429,
        41865, 121986, 118176,  12756, 136303,  27653, 127495,  81584,
        20189,  77463,  41197,  53744,  19003, 116293, 144767,   7541,
        20082, 151431, 126671,  50071,  42534,  24849,  30415, 126495,
       104231,  49902,  97220, 150207,   2464, 128086,  41882, 153804,
       110530,  97269,  34433,  67337, 143016, 107641,   3150, 106948,
       123295, 148121, 153751,  93959,  86455,  23012,  71192,  21486,
        74677,  16461, 119560,    721, 143758, 117464,  94786,   5030,
        24147,  98896, 111331, 108577,  75099,  88199,  93998,   3219,
        92920, 121116,  61215, 152124,  77614, 109994,  66673,  63037,
        76514,  33813,  91290, 149548, 139553,  67376,  75313,  65210,
         7028, 147670, 132139, 122544, 134685, 153522,  59909, 146700,
         5015,  96522, 113728,  56186,  77914, 123162,  81659,  41151,
        61806,  97350,  91449,  95575,  48582,   5060, 151933, 124688,
        81153,  22537, 134747, 130524,  83306, 135782, 114122, 135720,
       107616, 104590,  90926,    227, 102449,  58771, 127138,  60462,
        64113,  73254,  70298, 105633,  71097,  87433, 150914,  82754,
        15812,  23351,  65513, 112014, 137285, 100314,  78260,  13577,
       112622, 106204, 113934,  93871,   3366, 138771, 112844,  74559,
         7698,  73635,  89038, 127962,  84381,  28659,  67365, 138639,
         9741,  34041, 105966,   1464,  32976,  39112,  92883, 108082,
         8004,  86862,  31298,  92246,  65784,  82646,  79823, 131398,
       153081,  79773,  58960, 132242,  40449, 123917, 143317,   2279,
        60867,  65638,  86306, 133306,  22384,  77264,  58234, 123086,
       147019, 149874,  79795,  41613,  53404,  64449,  80500, 147808,
        99222, 112330,  10641,  26135,    264,  90477,  84086,   8914,
        62523, 123255,  83353,   2444,  10328,  89273,   4997, 118902,
       105770, 122929,  43400,  66931, 100419,  52419,  19289, 122158,
        32047, 152166,  19446,  66637,  94357, 123843,  97249,   5623,
       100486,  88247,  64933,  95039, 139245,  60405,  26375,   8751,
        94192, 124238, 134069,   5974, 107215,  20136,  49512, 110896,
        68269,  54119,   5068,  96862, 106924, 126280, 107895, 126188,
        59517,  54744, 116987,  30226,  38124,  88623,  27324, 133333,
       115808,  31003,  56044,  30943,  48838, 139677,    786, 152457,
         3489,   4389, 114776,  66482,  72026,  88416, 153103,  29643,
        55052,  32072,   2010,  12689, 130733,  82424, 108029,  84723,
        13134,  14171,   6941,  98483,  39728, 103364,  51757, 118565,
        95127,  58006, 153259,  53606, 126311, 117664, 105993,  75360,
        41179, 150346, 147321,  60569, 132871,  81819,  65189,   1026,
        68932,  62276, 135949, 135132,  49422,  15954, 102441,  22075,
        98547,  94935, 146454, 123954, 126008,  95310,  45289,  42086,
       125641,  93462, 109117,  89785,  79091,  95538,  52564, 102834,
        13451,  60428,  77357, 110643, 110593, 131685,  19319,  47010,
         9706,  35444, 104974,  25571,  88581,  72963,  26064, 108469,
       135524,  20677,   5132,  32157,  99398, 108465,   5710,  54920,
        85781,  33120,  36188,  38029,  49111, 102529, 146963, 132938,
       140858, 139302,  21308,  49400,  76380, 144545,  34174, 132099,
        44011,  19431,  79207, 138642, 101561,  12114,  63068, 153725,
       100238,  88148,  58028,   5917,  80719,  48518,  94212,  23879,
        35404, 126900, 121710,  43374, 128174,  94154,  98230, 126828,
       121237, 122394, 132052,  46211,  50742,  64218,  86533,  14937,
       101338,  87179,  99595, 141035,  64844, 127105,  24318, 109903,
       147482,  83909, 121862,  20486, 143381,  90175, 146960, 104016,
        74005, 103290, 108147, 128525,  76126, 134110, 145271,  64179,
        73296,  96682, 148662]), array([ 93984,  67942,  64379,  91076, 151832,  81741,  66406,  30478,
       118313,   4804, 104165,   7282,  36751, 139184,  20124,  73008,
        92651,  98450, 140550,  65973,  44150,  69849,  62699,  42057,
        55362,  60131,  81813,  72064, 145026,  92692,  59867, 115222,
       104321,  37194,  95065,  20763,   8683,   7702, 151614,  78261,
        10566,  96195, 151266, 132138,  65215, 129078, 128339, 127470,
        12274, 132963,  64185, 116229,  11281,  21068,  99078,  34297,
        87777,  37918, 143002,  16021,  38009,  97388, 133168,   7582,
        14954, 112083,  40452, 128685,  78531, 113403,  12249,  74034,
        37394, 152696, 116161,  31759,  49087,  71565,  27868,  94344,
       137268, 144285,  64457,  71113, 136552,  92914, 101451,  98713,
       114616,  71201,  87741,  58296,  85063, 100211,  89257, 142863,
        39475, 101470,  99476,  69418,  96759,  21198,  51433,  37686,
       147895, 134320, 120876,   1221,  61193,  51861, 123788, 147967,
       145281, 118200,   8475,  99250,  43983, 134346,  20270,  10613,
        37087,  35590, 129031,  20575,  78513,   5653,  59419,  23355,
        65921, 139028,  14552,  65642,  15101, 109789,  79161, 128088,
       142249,  63830,  67030, 152279, 128759,  58497,  71269, 113201,
       132741,  72039, 103709,  27547,  53188,  19370,  48024, 118772,
        16000,  98962,  69591, 121325,  69521,  52897, 119812, 149573,
        11116,  26597,  32869,  28762, 116175,  17023, 152346, 133948,
        23884,  20579,   8255,  46753,  17217, 141403, 117643, 145438,
        29114,  92707,  34202,  68458,  48963,   5101,  18493,  78781,
       123242, 128834, 101164,  93158, 129433, 119099, 136354,  10846,
        38142, 107878, 149089,  13608,  89012,  87871, 144967, 148821,
        10509, 146122,   2774, 100181,   4787, 134745, 144476,  48850,
        78893,   9104,  88136,  44237, 108823,   8987,  20426, 128689,
         9345,  23489, 148164, 105733,   1049, 144538,  58830,  31903,
        12536, 140877,  71022,  36746,  52988,  77123,  82387,  28018,
        29826,  50252,  47666, 152736,  61344,  95015,  65266,  56599,
        97910,  28404, 120909,  22951,  24013, 116124,  62956,   8741,
       100519, 142911, 128280,  73143, 139375,  32182, 144150,  34193,
        35800,  76895, 133292, 119057, 146072,  75950,  97807,  79659,
        65877,  91895,  47063, 142730,  59494,  18238, 108307, 106457,
        87643,  28028, 143346,  31434,  71772, 133859,  57161, 142169,
        77533,  53867,  58388,  34455, 114213,  75631,  81965,  10195,
         8205,  39136,  77226, 135417, 104910,    271,  76713,  12281,
        37869,  48935,  72841,  27859,  60707,  72599, 149677, 123127,
       108264, 100461, 124891,  85588, 151271,  11759,  63153,  98186,
       130117, 131059,  79600, 151826,  24033,  73765,  92365,  95487,
        69590,  75771,   6216,  83842,  62651,  37169, 148300,  37395,
       138519,  53610,  81162,  52491,  43809,  17986, 117106,  54451,
         8644,  13606, 111505, 143863,  49416,  54020, 142740,  40603,
       134873, 128680, 122754, 106433, 143280, 146422, 146479,  78364,
        40840,     87, 116825, 140951,   3533,  85028,  74490,  92957,
        24959, 142409, 132740, 139567, 145861,  59822,  40540,  53167,
       107688,  78774, 141254,  67730,  90082,  86343,  73069, 117007,
        58533, 125830,  41888, 126304,  13208, 113988, 102788,  95469,
        59766, 124731,  78378,  76456,  58786,  89398, 103062,   6964,
       139653, 117811,  75008, 115392, 118977, 133913,  81672, 148966,
        84466,  76470, 138374,   7800,  41339, 153385,  78174, 146448,
       103855,  24978,  99446,  41936,  78317,   2450, 115379,  17132,
        38642, 142112,  79765,  27414,  77045,  65172,  94874,  12520,
        12400,  86364,  94152, 140940,  56191, 140544,  16524,  45054,
        85851, 140688, 116261, 152195,  22455,  36408,   9658,   6879,
        77984,  69962, 103546,  49124, 135668,  56547, 121529,  61156,
        66046, 114405, 150788,   4772, 135937, 144836,  44353, 125660,
        79621,  63690, 116135, 107372,  53556,  57910, 113738,  84040,
        45126,  89769,  29426,  95962, 113125, 130508, 119270, 125261,
        32340, 150264, 145321,  84847, 136948, 151627, 133953, 110038,
       130213, 125800,  45925, 140222,  22663, 116505,  54879,  48143,
       142578,  85199,  15138, 133610,  23891,  33952, 123003,  45105,
        63113,  38720,  69070,  97113, 138475,  94601, 104714,  83400,
        67816, 144519,  54892,  14501,  47587,  97920,  33333,  13131,
        98985,  34989,  40141,  29416, 135678,  48082, 149262, 108867,
         1432, 111037,  74079,  26206,  71632,  14142,  56154,  19390,
        69691,  13535,  60437, 144062, 129227, 126641, 128325,  95989,
        51026, 122760, 103316, 136689,  46333, 121570, 112643, 126775,
        71557,   3601,   2719,  19359,  44887,  51874,  49618,  20720,
         6689,   7052,  99865,  74158,  86915,  19982, 105717,  96111,
       117521,  20396, 113252,  56200, 137082,  71190, 118045, 136130,
       124738,  30126, 111224,  47584, 150783,  82774,  55563,  22573,
        30745,  11101,  29641,  73913,  81101,  75163,  80665, 145686,
         8861, 124553, 144027, 125991,  83416, 122230, 106747,  11073,
         6522, 118794,  20636,  30149,  94886,  65650,  29780, 137988,
        55515, 134169,  78722,   7979, 104447,  59206, 103882, 105946,
         7665, 149436,  40548, 140202,  72783,  47727, 111628,  14119,
       109679,  12303,  12031,   4949, 142890,   7740, 117496,   9283,
       104325, 108145, 101051, 112193,   3418,  43628, 153680,  99126,
       142966,  78000, 103816]), array([ 55434, 120011,  12547, 123778, 153627, 151165,  66667,  30205,
       139101,  83929,  21189,  67240,  43172, 131488, 101598,  94352,
       108261, 129831,  75610,  47872, 117395,  75758,  52408, 118013,
         9522,   4469,  50561,  45060,  47473,  29008,  98608,  21632,
        56697,  44175,  16133,  82527, 102583,  54164, 112515, 144600,
        93454,  76222,  48059,  52286,  36809, 144593,  60769,  91146,
        92072,  79816,  59188,  36101,  63984,  66481,  31940, 145586,
        54334,  42093,  91503, 134527, 140070,   2743, 145309,  36360,
        87752,  51696, 153812, 133025,  85816,  89624,  92820,  92306,
        80974,  37759,  79354, 138566,  72757, 145901, 147663,  80043,
       139159, 150574,  32928,  68935,  92681,  23407,  76729,  99352,
       139112,  50461,  93837,  20081, 100344,  84856,  78535,  67998,
          989, 149804,  77807,  10008, 111702, 103282, 149690,  62386,
        38048,  79839, 115230,  49054,  75068,  40045, 107055,   3821,
        82654, 115398,   4849, 101475,  91708,  60348, 114208,  98699,
       113121, 152165, 144065,  35334, 103275, 109234,  23120,  49958,
        60695,  28533,  19382, 123292,  94560,   9548,  79425,  75055,
         7321,  14300,  79935, 133576,  81570,  17500,  18306,  51122,
        14133,  24714, 112787, 103519,  72216, 114325, 138276,  74801,
       123179,   3123, 114076,  36045,  38881,   2658,  90848,  48909,
       119035,  39581,  70075, 126465, 152702,  65714, 123011,  88983,
        65680, 108211,  17972, 100450,  94531, 139561, 124468,  44331,
       105605, 151954,  61186,  88795, 112510, 143349,  72477, 110995,
       137177,  19558,  84632,  39838, 128116, 121830,  70149,  29770,
       138390, 131132,  26493,  72376,  51075,  67308,   9836, 140209,
        57847,  97883,  51684, 127515,   6761,  46642,  58677,  67843,
       110303,  77945,  93028,  92806,  16700, 149795,  10988,   1603,
       108648,  15997,  25736,  35641, 140626, 129895,  62359,  94903,
       150201, 131088,  30558, 107233,  63176,  93889, 137312, 126030,
       128243,  91926, 129452,  49368, 138704,  56424,  85193,  39107,
       109015,  29357, 110971,  94790,  13676, 106146,  53974,  48984,
        98988,  39537,  76397,  90383,  71507,  49742,  72439, 128344,
        19412,  14871, 106529,  99232, 119518,  63293, 127009,  50604,
       103482,  76750,  52299,  78761,  27408,  72744,  78432,   8051,
       137223,  95917, 106992,  54523,  60674,  21995,  35584, 123925,
       140064, 142679, 130125,  35680,  99415,  54280,  38480,  89341,
        71078,  45389,  53387, 127198,   7161, 138179, 104800, 151515,
        11540,  92441,  36232,  14195,  69632, 114316, 102988,  39765,
        78528,  83933, 144548,  53407,  97591,  21581, 145545,  83863,
       129579,  17542,  10578,  38120, 136877,   2442,  23094,  21270,
        57863,  65891, 118603, 100630, 126840,  46247, 127000,  31521,
       109065,  53699,  76086,  45568,  99627,  11367,  28258,   3299,
       136170,  58209,  60816, 119758, 120552, 102356,   2941,  84724,
        85490,  73165,   2854,  82151, 102855, 144010,  73067,  62861,
       100031,  97573,    922,  71368,   5655, 109000,  63738,  84248,
        23588, 108727,  34374,  99964,  96168,  71194,  76873,  65745,
        31382,  33859,  91910,  39488,  70895,  50840, 150561, 142098,
        96750,  17595,  60889, 117061,  74410, 139697,  15439, 134990,
       153191, 111144,   8998,  46154,  23298, 129551,   1921,  44185,
        27159, 142234,  23002, 152333,   9530,  80088,  34765,  36562,
       131839,  80751,  89309, 100435,  42431, 118232,  87735,  19800,
       129946,  64280, 141520,  23933,  73812,  96747, 116744,  35496,
        68817,   1436, 101639,  75298,  48937,  18916,  38450, 130960,
        16431,  50082,  44637, 116592,  18546, 112265,  69011, 104285,
        68273,  68417, 136993, 151202, 129153,  79555,  85878,  97066,
        78162, 118959,  96335,  66778, 123798, 106144,  40924,  77844,
        58203,  98241, 150645,  61516, 122173,  91263,  12395,  62133,
       147215,  78659, 136981,  60985, 119229,  31806, 125139,  74624,
       102160,  12334,  90063,  87728,  33196, 121062, 115804,  12064,
       141937, 112561,  16664, 144267, 133994,   4083, 106738,   1667,
       114157,  52430,  54898,   7555, 123898, 103233,  89260,  60641,
       116498,  73654,   5116,  72388, 113662,   8130, 125805,   6969,
       149846,  25248, 135819,  48208,  84275,  65902,  87138,  52514,
        15505,  94036,  82451,  45189,   5001,  83172, 137561,  93812,
        77863, 149535,   8157,  22379,  83347,  68145, 153162,  27401,
       113455, 120069, 133537, 115232,  50098,  66239,  88930,   6481,
        22903,  13124,  40941, 145312, 138224,  99382,  37727,  50169,
        54401, 130185,  28106, 111397, 124174,  61828,  89003, 134909,
        77499,  43436, 151536,  91595, 121067,  49785,  62905,   7361,
       105555, 113489,  96047,  50024, 107596, 151639,  85645,   8170,
        33426, 130233,  61134,  99876, 118600,  31801, 122154, 153079,
       115119,  10602,  63808,  52569, 122594,   3011,  84170, 129264,
        24607,  79643, 118948,  75429, 137199, 129615,  43405,  11436,
        10194, 142492,  95978,  70583, 120015,  55280,  10362,  30381,
        53684, 103244,  11411,  62570,  44243,  32427, 146221,  59907,
        48019,   3001,  70737,   5745,  52508,  87942,  52574,  40503,
       107330,  57232,  46146,  49187,  51619, 136151,   6696, 135931,
       106938,  26456,   3311, 119284, 137768, 115814,  28767, 110244,
       148834,  92114,  78700,  22355,   8974, 101465,  16366,  29179,
        46292,  82502, 101957, 150285, 111575,  43548, 109664,  66849,
        96905,   7878,  36845,  58903, 125054, 148855, 135451,  29910,
       105621,  94929,  63326, 103426, 134943,  41024,  90468,  32962,
       112677,  82777,  31265, 102432,  37321,  13875,  38766,  86722,
        68466, 101006,   3252, 114287,   3149, 138036, 135129,  31993,
        29518, 127990, 107280,   5554,  20845, 146254,  75768,  85943,
        77486, 135283,  35678]), array([ 30651,  36297,  88817,  30726,  92513,  42377, 147075, 153518,
        86811, 143254, 100096,  22487, 119494, 151819, 116569,  53368,
        18155, 129595,  39962,  18449, 148444,  23240, 111604,   2037,
       116848,  14943,  58742,   5629,  25534,  53631,  84893, 104475,
        69477,  67818,  35398, 106665, 115562,  69882, 145021,   1377,
        88530,  59701,  25186,  12120, 110965,  91625, 122664,  76577,
        68734,  85770,  91489, 141239,  11830, 129807,  90832, 122677,
       109454,  33587, 105057,  76109,   3752,  45963,  54386,  40066,
        60625,  88238, 117374, 133152,  38113, 138054, 115694, 143993,
       122013,  83719,  33565, 132083,  99114, 114940, 138076, 107454,
       134352, 111586, 121313, 121888,   5663,  89933,  40501,  43980,
        92956,  21641, 151864,  88604,  60877,  21294, 122998,  69969,
       142760, 151943, 117799, 149669, 113092,  28224,  77026,  73816,
         7965, 144672,  83430, 127380, 137164, 145200,  50582,  38344,
       107236,   9584,  57442, 119038,  40184,  60515,  11533, 103462,
         2005,   1736, 124379,  97784,  67290,  88860,   6260,  59097,
        31836,  43815,  71218,  77197,   4374,  92458, 120185,  75638,
       148665,  84965,  63374,   4986,   5351, 133835,  84746,  41991,
       136713,  90335,  48906,  77254,  76026,  75992, 138223,  38740,
        49288,   4311,  68780, 151205, 116950, 145773,  19462, 116250,
       129830,  75797, 133291, 149078,  50479, 101866,  29605,  58631,
       142000,  74658,  20069,  96286, 102287, 110173,  80685, 150976,
        95996,  51381,   5085, 141905, 139679,  54647,  32814, 102405,
       133275, 118942,  29513, 113196,  73125, 151925,   8874, 122899,
        74244,  25456,  94980,  76144,  17604,  79368, 113298,  47543,
        86376,  23560, 148470,  55205,  35343,  36057,  12462, 146985,
        71117, 132063,  73703, 151593,  32569,  70706,  48543,  46083,
        91992,  52832,  20223, 117486,  98703, 153683, 145165,  58792,
        12586,  88135,  24492,  30054, 111953,  65801,  45812,  94105,
       137056,  17534, 104127,  33413,  74948, 153756,  64573, 145518,
        28736, 138452, 137637,  10423, 145421, 101693, 131149,  53752,
       136580,  59401,  97353, 150649,  10266,   3987, 145470,  75031,
        84032, 152771,  28316, 143964, 128876,  52784,  42030,  56821,
       134593, 149873,    201, 135418,  12079,  93696,  64254,  57637,
        90395,  33241,  52951,   9446,  48370, 107529,  51031,  52539,
       118980,  95427, 101035,  71972,  39553,  13776, 141616,  42277,
       125397,  48306, 147239, 119863, 153539,  71354, 103433,  22512,
        57400, 144215, 137534,  31584,  44176, 130141,  13592,  45943,
       102626,  13014, 153138,  73256,  77667,  73083,  78327, 147675,
        37290,  79450,  40242,  65964,  62056,  11938,   6262, 122939,
       140637,  21986, 112371,  10494, 145504,  72720,  14945,  12777,
        97029,  36802,  36475,  63821,  74529,  67580, 127676, 119352,
       139579,  26765, 139741,  12057,  85982, 102194, 101483,  72106,
       135399,   4177, 100212, 136367,  96022,  31984, 128193, 148426,
        25691, 148920,  84107,  61210,  33431,  23322,  28414,  92507,
        66568, 105631,  66432, 149688,  32169, 114947, 114011,  98874,
       123804,  26434,  21161,  28555, 118850, 102252,  15599,  36516,
         3967,  33673,  74402,  81305,   5996,  50825, 104334,  71714,
       127617,   3814, 151115,  86073,  93913,  13838, 107533, 149433,
         4433, 117340,  33814,  25061, 115987, 125760, 151502, 131449,
        83674, 112729, 118406, 148304,  80648,  93177, 134604, 147891,
         8073,  14312,  81887,  96569,  68813,  75589,  90786,   2097,
        92442, 151905,  53533, 118426,  95874, 118599,  41283,  46606,
        36102,  63358, 118622,  55143,  49314, 130023,  75208,  98027,
       148571,  42360,  38061,  42998,  44684, 143341, 121196, 135711,
          826,  37382, 132401,  59418,  93069,  31233,  71499, 142487,
       121753,   1043,  68261,  69925,  94314,  92995, 128282,  38035,
        36018,  23828,  99032,  15124,  84775,  49725, 123820,  37335,
        78661,  75629,  55827, 110017,  39403, 134113,  58315, 104148,
       124949,  71442,  27441, 141896, 116557,   3859,  41667,   8390,
        69597,  30887, 149953,  25957, 145788, 123118,  33906,  78303,
       146996,  25578,  25075, 150445,  80237,  30657,  91074,  29509,
        70164,  32714,  76911,  37432, 130292, 123137, 144728, 139878,
        58914, 109080,  63224,  62204, 120958,   1471, 117601,  31075,
       149887,  57624, 109012,  21177,  27469,  93642, 113562,   2648,
        33954, 108797,  99663, 144694, 106883,   8863,  78139, 141342,
        58709,  31518,  74229, 142601, 136751,    731,  37018,  76699,
        49121,  60988, 140431,  71021, 120464,  64557,   2174, 135023,
        38521, 137402,    127, 125899,  40681,  85344,  83319, 112153,
       103832, 150613,  47826, 141128, 138864, 138927, 142610,  20793,
        66709, 109052,  97487, 138822,  72939, 117544, 132470,  76244,
        73156,  89215,   8710, 136059,  12850,  83284,   6593,  73760,
        15404,  36691,  48981,  90999,  29623, 134492,  18774,  85251,
       143483,  33315,  77548,  10415,  21809,  40850, 111572,   2121,
        41583, 153774,   5190,  50773,  69473,  72540,   4371, 119480,
        25218,   8773, 115846,  94851,  63361,  24743,  21560,  82698,
        79528, 122310, 128298, 112500,  63746, 149158,  15836, 119199,
        51271,  32562, 130831, 148926, 117639, 152164,  47515,  67217,
       118714, 134514, 148162,  61687, 119989, 151464, 150054,  59443,
        61681,  84711,  54325,  80151,  23923,  76979,  92805,  15354,
       135105,  74454, 102185,  18704,  70385, 153252,  90444, 150855,
        26689, 123508, 135655, 119872, 110042,  72197,  53134,  96772,
       108720,  87674,  41534,  86473,  89908, 119891,  49478, 136392,
         3238,  83047,  38112,   7785, 121299, 112621,  16523,  66439,
        34052,  17203, 134107, 121391, 129362,  42962,  53577, 136663,
       118293,  31221, 106041, 144720,   6367, 108271, 148344,  26425,
       106234, 104006,  41752, 102108,  91984, 115450, 130497,  31320,
       130955,  46902,   7945,  62111,  32530,  59584, 141201,  98953,
        85400,  77639,  66331, 144316,  39463,  75247, 122959,  63347,
        69381,  67823, 110636, 147935,  32418,  25815,  19681, 146412,
        84439,  96991,   2664,  90903,  73380, 119089, 122136,  58993,
        17940, 144214,  34440,  80566,  42367,  97711, 148029, 148205,
        17815, 107600, 150827, 140359,  66889,  59925,  10066, 150052,
        84278, 107011, 147590,  36335,  10739,  39629,  16830, 110454,
        99658,  53813,  51185,  19218,  79100,  88613,   7141,  93735,
         8002,  82913,  47794,  16688,  73282,  45493, 115142,  63468,
        60869,  56247,  94475,  87344, 104823,  33015,  82967, 122665,
       104045,  41958, 133853,  71359,  28067,  23400,  29238, 101178,
        61532, 142778,  61688,  78090, 136177, 153195,  95673, 139526,
        65407, 139425]), array([ 34333,  87972,  98145, ..., 124159,  80859, 130458])]
shape of feat_train: (11544, 602)
Mean accuracy: [0.9285068854592113, 0.0008424377070738956]
