Namespace(dataset='reddit', dropout=0, epochs=400, gpu_id=0, hidden=256, inductive=1, keep_ratio=1.0, lr=0.01, method='random', mlp=0, nlayers=2, normalize_features=True, reduction_rate=0.01, save=True, seed=120, weight_decay=0.0)
size of adj_train: (153932, 153932)
#edges in adj_train: 10753238.0
Test set results: loss= 0.4640 accuracy= 0.9409
idx_selected :  [array([135190,  76367]), array([ 33926, 141720,  74673,  69489,  12304, 102418,  16915]), array([ 60912, 122848,  91386, 143061, 111394, 146218, 153240,  12527,
        10850,  31107]), array([ 77155,  75891, 142074, 101497, 113964, 109161,  49871,  75949,
        25503, 153248, 119112]), array([ 28927,  87827, 150896, 150508, 129044, 112755,  98453, 119299,
       123541,  26834,   4275]), array([ 17879, 120334, 144745,  72820,  81979,  58947,  49452,  25324,
        76524, 101927,  75678]), array([ 22157,  36178,   7007,  48692,   4120,  77831, 114806,   3064,
       120995,    399,  88843, 108609, 143713, 112511]), array([136081, 115175,  76357,  67667, 113879,  36269,  80607, 113526,
        29292, 132739, 118326, 146563,  38395,  65035]), array([107528, 111638, 123621, 100850,    336, 134565, 101677, 114899,
        32537,  70026,  27409,  61095,   9282,  64186,  65332]), array([ 97306,  86420, 148931,   4363,  94140,  15991, 103460, 105711,
        62928,  70329,  48171, 123111,  41742,  73523,  63032, 111133]), array([145464,  40087, 133713, 120707, 137556, 134456,  90536, 111629,
        62100, 136863,  13335,  77922,  22000,  72172, 116636,  77943,
       107581,  96424]), array([119483,  75658, 125743,  67190, 151880, 137615, 150370,  14440,
       121600, 131113, 138667,  42993,  62361,  30696, 117710,  97915,
       138126, 152868]), array([ 48121, 144943, 135813, 125485,  90075,  60520,  37208,  31113,
        62755,  30528, 129537,  41322,  31072, 122044,   5804,  86991,
        42814, 138127, 108599,  52175]), array([ 86404,  83002,  18573, 128860, 125375,  65711,  43002, 113339,
        22452,  37849, 137412,  77318,  52866,  69323,  54598,  86778,
        44974, 106988,  50705,  10267,  88909]), array([ 20417, 109564,  53003,  30222, 148165,  55117, 142773,  69224,
         9647, 100466,  44077, 142127,  31596, 106238,  58244, 130657,
        25719, 121640,  14330,  63601,  77697,  54110]), array([116576, 109040,  37591,  93834,  65223, 113664, 137682,  84267,
        72453,  42796,  79446,   2824,  68859,  66586,  25173, 134340,
        76128, 109597,  55831,  93325, 125562,    287]), array([ 13025,  42591,  73118, 125729,  38192,  66090, 100410,  28829,
       129217,  36332,  87436,  59305, 147442, 122106,  40156, 143782,
        16088, 128061,  15215, 111048,  72606,  98879, 129458]), array([ 44537,  68204,  45759,  85240, 130445,  76830,  92649,  92594,
        35840,  93977,  89140,  40192,  52279,  30901, 130059,  52100,
       130329, 147923,  95426,  76947,  57347,  45818,  14206]), array([ 73014, 149575,  86034, 110277,  35578, 135134, 114879,  18290,
       123132,  36745, 138862, 108323,  96974,  70269,  61155,  51264,
       101879,  85647,  34448, 102348,   4998,  84961,  37979, 151968,
        64066,  95892, 114063, 135785]), array([ 67783,  61120,  70564,    402, 136628, 127595,  28777,  13328,
        52596,  67075, 140745,  52493, 139433, 124167,  17188,   8435,
        14826, 150349, 106464,  47021,  76310,   5706, 119974,  98697,
          204,  36304, 151803,  38856]), array([102241,   2907,  62813, 119338,  98061,  28959,  26470,  19590,
       115725,  14256, 116413,  11121,  31544, 106573,  92181, 113548,
        61642, 120930,   2343,  66626,  37504,  42199, 142865, 135692,
        56158, 107325,  47600,  36144]), array([146481,  63800, 108115,  83041, 100456,  57875,  39319, 133085,
       112945,  93407,  33069,  11149,  37337,  68154, 117572,  50516,
       143555,   2935,  51659, 122738,  42313,  95342,  42951,  73829,
        26993,  35638,  84368,  15993]), array([111603, 119683,  28915,  15273,  74147, 150603,  24328, 135343,
        46004, 131097, 149907,  39359,  17241,  14293,  22127,  11673,
        42128, 151960,  12198,  64023,  60736, 100967,  62708, 100681,
       104860,  94389,  79748,  40706]), array([ 22582,  43479,  84106,  35622,  78358,  68451,  57300,  51423,
       141359, 136866, 137518,  32761,  60358, 145701, 145652,  25837,
        85266, 107027, 124922,  60518,  33163,   5999,  36613, 149029,
        60059, 122955,  60606,  41677]), array([ 25488, 109835,  21850,  27555,  43657, 148729,  33560, 136745,
           56,  77210, 125574, 131698,  47264,  34520, 128894,  22902,
       111041,  70086,  30881, 149353, 122837, 111743,  13432, 132220,
        28262,  79358,  98320, 153246,  15312, 103914,  17962]), array([ 23302,  18294,  71791,  24094, 102127, 147726,  45217,  65953,
        43991,  94650,  27394,  66252,   7547, 115556, 113340,  68397,
        31360,  34324, 153020,  21664,  72927, 105118,  73278,  85689,
       127289, 146766,  66863,  18919,  78497,  64480, 127833,  74841]), array([ 16332,  66940, 107775, 150195,  90379, 129787,  26576, 106155,
       149333, 121750, 143786, 132193,  39941,  53471,  56204, 121542,
       120505,  53481,  72353,  99047,  25771,  54551, 121420,   3077,
        35861,   2481,  71445, 133038, 129470, 122892, 139492,  93700]), array([ 51320,  40480,  56693,  80542, 138736, 103219,  94764, 130887,
       126133,  56609,  53359,  48090,  90651,  42560, 117759, 132279,
        21674, 144869, 132874,  21046, 116586, 145578, 153037, 148934,
       122934,  40521,  96094,  43744,  83083, 123904,  70078,  63773,
       135153]), array([ 87136,  65232,  31293, 144019,  70929, 147628,  19202,  25581,
       102360,  55106,  94576,  98674,  64678,  91052, 106996,  10185,
       121384,  44583,  66202,   5561, 141730,  51816,   8480,   1723,
       101253,  64235, 127271,   1389,  44714,  65807, 135631,  91536,
        32091]), array([133044,   9330,  97589,  55346,  26684,  21269, 108328,   6298,
        37547,  36882,  37181, 100926,   1407,  72581, 136511,  78952,
       145537,  20282,  64746,  36709,  77119,  47219,  65957,   5840,
       144495,  19702,  42049,  83590,   4814,  67907,   5136,  39119,
        61030]), array([100706,  11351,  85775,  63269,   7958,  53132,  85705,  17263,
       122598,  72890,  50294, 127273,  24641,  83829,  39358,  59833,
        48682,  13178,  19295, 100354,  79077, 148000,  53225,  36285,
       138259,  14269, 115697,  69280,  77039,  42765,  41058, 118992,
       110472, 114501, 109874, 133849,  80437, 100358]), array([ 81850,  67728, 106314,  62015,  45848, 150481,  43886, 141562,
        63463,   9538, 145112, 101072,  31098,  78253,  22535,  13308,
       101832,   5696, 102284,   3240,  69199,  36762,  97622,  98670,
        71590, 101099, 128501,  47167,   2408,   7199,    210,  38119,
       124273, 119454,  25860, 150742, 122221, 141406,  15941, 131736]), array([126062,  78116, 106816,  17779,  27279,  88465,  23735,  13810,
       122116,  41941,  96548,   2920, 149722, 148543,  52009, 149970,
        97394,  24985, 112280,     48,  53745,  13230, 127762,  71975,
        85949, 119288,   1375,  24540,  57361, 143663, 127242, 149031,
        57805, 145219,  40822,  45343, 126732,  86479,  29829,   6006,
        14006, 139262, 103151, 132588,  87593, 107406,  97133,  99926,
        93452,  52545, 116802,   5394,  42356,  82314]), array([103459,  14944,  78105,  39297,  52732,  47144,  92796,   5075,
        27869,  78923, 112149, 108450, 151559,  93377,  47933,   2798,
        97503,  48575,  58321,  17256,  29809, 138363,  85930, 144858,
       149318, 113969, 133332,  50922, 136415, 134097, 110314,  72913,
        78716, 119246, 151667,  62267, 124080,  96271,  50153,  39996,
        99005,   1076, 129795, 142161, 124485, 150844, 125990, 119700,
       128112, 100378, 127318, 113813,   2085,  71265,  35869,  82982,
       144736,  50929, 139667, 148061,  60654, 128122, 103883,   5808,
        50844, 142549,  17051, 134481, 103226,  13520]), array([ 93373,  82945,  98372,  28816,  98762, 107914, 114327,  76283,
         8382, 144681,  27490,  91160,  14116,  82603,  80120,  29206,
        37675, 133613,  89149,  80907,  15030,  83356,  66819, 153232,
        49152, 114595,  91518,  51654, 143046, 143297,  10445,  63226,
         6588,  18113,  52995,  76134,  87085,  29906,  77858, 109747,
        37479,  34575, 124441, 103952, 118291,  32890,  85226,  48491,
        62547, 151291, 103841, 115811,  10738,  22827,   6261, 131122,
       152863,  12454,  91377, 111056,  58476,   7670, 138364, 132814,
        54635,  52342, 111289,   6428,  25728, 112848, 127116, 108902]), array([ 85414, 144899,  84659,  73530,  28289,  25435,  50494,  16799,
       145192,  32749,  83958,  99197,  67537,  37371,  44129,  34354,
        59677, 121791, 134294,    471,  67207,  17154,  37149, 135651,
       143914, 148772, 126615,  69419,  43660,  61085,  51574, 147727,
        31788, 149236,  32768,   1846,  41602, 114937,  47437,  99341,
       129915, 146231,  10450,  76852,   4316, 109587,  91589,  81793,
       122686,  86917,  38261,   4149, 120267,   5786,  57662,  25855,
       101404,  16883,  73146,  81204,  80588, 138045,  27660, 134382,
       153491,   4198, 107141, 112880,  45867, 113034,  85562,  26746,
        15644,  44861,  60326,  58682]), array([ 29367,  10916,  71782,  34873,  85456,  37982,  62675, 122486,
        36129, 122343,  77801,  62167,  59030,  86902, 123173, 148788,
        34276,  71855, 152006, 122339, 125691,  12166, 101239,   6857,
        42588, 149896,  33388, 100903,  54151, 106533,  71682,  59077,
        43143,  16397, 144543, 138462,   4580, 119979,  44093, 127639,
        42999, 138601,  22622,  37127,  86549,  94545, 139278,  80365,
        58581,  30349, 100486,  26358,  19431,  40069,  16934, 101326,
        88262,  55488,  74852, 111453, 112968,  51667,   9240,  29703,
        20082,  91898,  95161,  47261,  10579,  49974, 142697,  33004,
        77914,  32770,  58960,  40316,  99299,  25571,  91449,  96382,
        12574]), array([127501,  95529, 117306, 138611,  41855, 104322, 117248, 106839,
        53700,  12217, 123526, 111566, 140814,  88818,  41813,  58770,
        80735,  82938,  40383,  19062,   9325,  78078, 102949, 149050,
       111671,   4112,  82259, 112758, 115515,  67448,  14966,   2127,
        97513,   3310, 109637, 129668, 146315, 119579,  85994,  75244,
       133002, 124100,  58473,  89658,  36891,  62536,   8549, 128285,
        27961,   6302,  35720,  80485,  83702,  65330,  40906,  90645,
        28938, 141865, 128508,  27261, 153214,  44993,  89931,  20241,
        26516, 145912,  97910,  26511,  54826,  61099,  70388, 109396,
       117774,  41150,  16800,  66841, 136646, 122663, 116276, 138519,
        83599,  78768,  53978, 120957]), array([146569,  19090,  14523,  28016, 119828, 123982,  88762,  16776,
        40862,  25926,  97850, 131088, 148898,  42316, 150561, 151942,
       124294, 139771, 120552, 113396,  20161,  13500,  72141,  59651,
        94850, 117965,  61149, 138804,  38120,  85754, 115732,  78829,
        42747,  72291,  60506,  68352,  11570,  10039,  42117, 151138,
        37721,   4046,  38766, 101012, 109728,  71742, 120823,  68953,
       148928, 111829, 100920,  48861,  99683,  31389,  18283,  98918,
       148328,  53923,  64885, 141728,  83990,  82614, 102709,  74832,
       111766,  41326,  52299,  37378, 110148,  51576,  90827,  90430,
        29614, 143774, 138114, 124858, 120190, 120011,  86393,  12052,
       140070,  68185,  13473,  17932,  94291,  37637,  26863, 125139,
       146606,  30558,  60578]), array([108787, 141618, 117444,   5115, 138329, 129151,  47641, 111531,
        96472,  79785, 142808, 126541, 148782, 127707,  55314,  40927,
        84784, 126822, 152768,  58026, 122405, 117322,    138,  54916,
        15481,  63005, 143805,  31652,  75797, 143376, 148216, 149557,
        74658,  39198, 116257,  79081,  70399,  23052,  24693,  49912,
         3515, 136367, 144208,  96660, 113332, 109142,  61187,  72918,
        86663,  28337,  89687,  47680,  26007,  54112,  26524, 137743,
        26776,  17910, 128342,  94447,  79579, 114653, 109064,  37723,
        42874,  71354,  24027,  22501,  76244,  98998, 115724,  64285,
        92891, 144596, 107131,  87921, 121221,  43273, 147680,  21161,
       104136, 130556, 104632,  80484, 127387,  61536,  18965,  80311,
        50331,  58814,  96967,  84596,  12891,  29422, 144070,  51378,
        88207,  78939, 119714,  61196, 100263, 117832, 115860,  11789,
       122664]), array([ 91836,  66301,   8291,  65121,  91221, 127581,  18903, 120367,
        32036, 106462,  81665,  36510,  39055,  55999,  83704,  71050,
       146876, 115677,  22727,  97825,  59215, 142767,  79064, 120193,
       106712,  57625,  56514,  28635, 131253, 134321,  21115,  27179,
        27906,  29236, 102993,  85228,  49266, 113824,  99871,  87458,
        21885,   7079,  53614,  29319,  31300,  24236,  77089, 113705,
       137044,  25314, 107438,  39365,  69460, 111032, 117701,  34160,
        56252,  42513, 109854,  10017,  93799,  37718,  58865,  53085,
        26011, 142360, 150594, 130652,  83648,  72096,  33840,  32705,
       122796,  48911, 100620, 133043,   7671,  69306, 126238,  37738,
       105473, 134769, 150309, 106175,  90431,  71552, 139183,   3715,
        33094,  95545,  83915, 124535,  12128,   9564,  50081,  57497,
       134693, 119264,  96254, 151510,  96284, 128678,  28013,  45861,
       101668,  31073,  52005,  26598,  82370, 106635,  73445, 137951,
        75252,  30633, 111070,  32724,  72435, 147016,   1523,  18711,
        33197,  36274,  99449,  15738,   6239,  20599,  35838, 123863,
        85659, 108209,  79356,  85361,  91640, 105188, 109472, 126925,
        26309,  90643, 117600, 135717,  13103,  25598,  78094,  60063,
        92809, 130753,  39842, 129320,  93838,  53794,  68490, 128629,
       139767,  65196, 141421,  51279,  99722, 144197, 130848, 121266,
        55131, 118705, 138296,  59147,  94765,   8731,  28270,  23745,
       105750,  23154, 109467,  51413, 120933,  47807,   5930,  66132,
        41770, 110562,  69017, 110399, 140786,    253, 101361, 148376,
        79597,  48328, 139024,  49887])]
shape of feat_train: (1539, 602)
Mean accuracy: [0.8514186576065349, 0.0032439463846302545]
