Namespace(dataset='reddit', dropout=0, epochs=400, gpu_id=0, hidden=256, inductive=1, keep_ratio=1.0, lr=0.01, method='random', mlp=0, nlayers=2, normalize_features=True, reduction_rate=0.02, save=True, seed=1000, weight_decay=0.0)
size of adj_train: (153932, 153932)
#edges in adj_train: 10753238.0
Test set results: loss= 0.4835 accuracy= 0.9394
idx_selected :  [array([49065, 17565, 88809, 27132]), array([ 88824, 152102,  49172,  70604,  87547,  88236, 129532,  83106,
        55514, 134939, 100237, 142367,  65271,  39330]), array([ 90236,  37670, 105982,  98399, 119073,  64390,  14273, 112722,
        85553,  39422,  36554,  45601,  18092,  56232, 148583,  33078,
         5820,  74153,  17167, 103513, 140601]), array([134576,  51275,  75891,   1882,  83104,  90360,  61786,   1324,
        89944, 116232,  25374,  76803,   6503,  49240,  64938,  91819,
        37858,  45483,  50234,  68689,  94518, 127087]), array([139015,  56704, 105988,  83691,  75452,  42660, 119797,  21451,
       141213, 122185,    494,  17788, 109400,  28970,  69510, 126667,
         7243,  91429,  25496,  84293,  31242, 144696]), array([119268,  49977,  53658, 112466,  83771,  81158,  89758, 103573,
        22873,  23469,  61031,  85067,  43672,  32792, 134204,   3636,
        65725, 112910, 120334, 138939, 121404, 133094,  95194]), array([ 24097,   2564,  74176, 141112, 152070,  23434, 147941,  29723,
        83575, 118249,  17022,   1818,  16048, 153663,  38313,  79023,
        88652, 126539, 104643,  54420,   8201, 114822,  63045,  71084,
         5968,  39145, 153684, 137021,  24367]), array([ 37136,  48457,  80844, 122567,  72460, 129070,  63558, 151005,
        93401,  34534,  37533,  50484,  41397,  75321,  97839, 107456,
        72408,  91400, 142358,  75619, 136710, 105553, 108300,  48869,
        16295, 134559,  19100,   7096, 118353]), array([ 20117,    297,  67851, 104462, 144337,  58317, 136676,  41880,
         2183,  84463,  50014, 104691, 146311,  17209,  15645,   6529,
        64861,  52158, 150188,  75133,  28157, 118468, 144597,  99500,
       116896,  43960,  68792, 136607, 128166,  73794,  30286]), array([ 20982, 147171,  27180,  64662, 133753,  10269,  87626, 135492,
       103651,  10704,  65879, 109417,  44213,  16960,  41938,  99362,
        92588,  75676,  64618,  29919,  97166, 134553,  70827,  54599,
       152099,  87764,  64699, 153268, 102380,  39540,  96765,  98784,
       127362]), array([  7961,  39024, 137946,  84221,  31035,  94910, 119350,  27284,
        35032, 123853, 108907,   6200,   7639, 142101,  77259, 136111,
        56748,  69705,  35062,  35453, 116363,  34704, 148699,  57192,
        88988,  84454,  61608,   4501,  29212, 149495,  13893,  62618,
        72747, 138724, 116916, 149630,  35885]), array([112619,  26761,  75658, 135038,  42861, 137390, 134535, 136609,
         6957, 151725,  46498,   6201, 122562,  90314, 114770, 103313,
       110835,  87311, 141605, 119147,  56468,  72251, 125468, 141479,
       126929,  75290, 118192,  31057, 142215,  80045,  10623,   1933,
        65081, 103587, 137084,  86700,  69116]), array([ 68258,  93018,  65314, 140923,  91248,  18591, 108502,  15790,
        91566,  93773,  50640, 116764, 119799,  39338, 108253, 133518,
        93302,  66244,  20031, 110938,  55038,  89695,  91900,  91292,
       110396, 149645,  33473,  80654, 102909,   4199, 137258, 133902,
        34350, 138402, 110779,  58784, 133551,  20264,  89307,  30411]), array([ 52296,  83932, 130716,  42346, 145044,  39815,  23103,  78287,
        77205,  54686, 136026, 107736, 133183,  30151,  46494,  59843,
       129310,  19531,  49931,  36441, 122700,  89454, 144628,  17348,
       136079,  92543, 132678,  31727,  60140, 138714,  88799,  79637,
        59933,  50853, 140037, 119003, 137237,  42975, 142896, 118906,
       132350,  31472]), array([ 43045, 106513,  64303,  89210,  76157, 128638,  48680,  70049,
        92992, 142773,  53904,  52748,  59228,  52586,  86753, 107060,
        99586,  75526,  60115,  83237, 108949, 140013,  54197,  72043,
        15084,  15770,  80680,  40270,  82205, 106486,  20234,  56271,
        94261,   2148,  61143,  53675, 104976,  68179,  52806,  58045,
       110766,  55037,  18999, 108108]), array([ 87862, 151376,  81388, 126889,  49730,  41707,  66586, 116507,
        97912,  19505, 106498,  42654,  41016, 110519,  15050, 135176,
        96673,  70167, 132112,  33595,  84390, 115067,  33808,  10876,
       134689, 153299,  52028, 123200,  31645, 131139, 109405, 113594,
        68784,  83911,  19647, 149419, 113828,   6069,  61461,  90132,
       130772, 107931, 118781, 151389, 105682]), array([ 93384, 131415,  92376,  39326,  33736, 101918,   1204,  35009,
        67444, 143109,  54040,   1519,  53020,  16880,  34524,  93181,
        36029,  45097,  26846,  72084, 127598,  80353,  61092,  41105,
       136389, 107218,  84077,  72023, 118979,  97806,  97710,  97576,
       123121,  68278, 153640, 134162, 148659,  68681,  52162,  84874,
         6542, 125135, 131813,  37655, 125214,  22123,  28841]), array([  6639, 138119,  64810, 111837, 144987, 106334,  86324,  28476,
       128275, 147685, 143058, 122980,  59992,  37661, 104638,  90714,
        59541,  64690,  15516, 115160,  87683, 110994, 149303,  54622,
       141368,  60203,   8631,  52668, 136134,  89140,  22406, 130828,
        87361,  25806,  78292, 126374,  65514, 100258, 128421,  72400,
        11213, 141651,  46346,  61829,  94667,  86232,  71168]), array([ 99357, 146586, 127185,  63854,  45409,  34014, 135108,  13352,
         5769,  31648,  51836,  17186,  61451,  37596,  51678,  38412,
       104950, 108378, 144334,  53472,  84342,  31153,  10747,   8746,
       150100, 127146, 142036, 144183,  71320, 130576,  25531,  43364,
        49653,  31655,  79109,  46851,  33343,  68757,   5168,  91696,
       104284, 104958,  60311, 120916,  82626,  51284, 113864,  29572,
          420, 153356, 152466,  31750,  86484,  26439,  63004,  36834]), array([ 26530, 112323,  22810,  95891,  67397, 115990, 135237,  77524,
        49911, 129919,  51527, 105764,  95299, 102711, 149283,  38001,
        22149,   6173, 143045,  44061,  12630,  42327,  94581, 132876,
        80331,  62735, 129484,  27032, 119840,  80601, 148043, 144031,
        88024,  80422,  13579,   1305,  67601, 115662,  54412,  55285,
        39937,  37263, 152785,  66293,    259,  16321,  63365,   7249,
        79511,  44690,  96589,  34925,  68268,  32888,  83582,  51406]), array([106609,  27263,  16511,  79487,  64684,  40529,  29914,  47470,
       132024,   5877,  43473,   7837,   9416, 143425, 109553,  75987,
        54537,  59409, 130750,  75636,  10874,  71910, 135897,  67861,
         9718,  53484,  29820,  50442,  20495, 101241, 141780,  90566,
       114591,  78970,   8708,  92475,  85503,  65436, 136119,  31730,
       101200, 124387,  86787,  18495, 131985,  18232, 103486,  37316,
        94035,  58073, 118237,  83703, 114335, 106549,  88941,   6475]), array([ 97661,  14042, 108666,  92782,  52522,  29672,  24354,  32389,
        75316,   8725,  87347,  91473,  88917,  82601,  17294, 107111,
       137296,  36391,  90425,  85079, 148932,  76642,  75550, 139303,
        17878,  17840,  51725,  17319, 119162, 141723,  14595, 111562,
        29635,  42246,  64976,  86429,  95902, 111370,  46780,  69991,
        37825, 133449,  84975,  65766,  76019,  72972,  87664,  11226,
        56876,  47488,  33182,  73854,  50727,  58776,  26142, 104735]), array([ 70072,  42978,  25187,  49149, 116434, 150115,  45454, 116570,
        72249,  50795, 112002,  32507,  49258,  25913,  60080,  38891,
        72304, 152534,  15368,  45975,  83663,  60102,  84502,  57940,
       150241,  74277,  29271,  91225, 118743, 105231, 108167,  86394,
        64143,  65224, 149162, 105638, 151118, 105114, 109320,  73213,
        67945, 142832, 152821, 149328, 114668,  42640,  54791,  87502,
        66348,   3970,  64396, 131425,  52095, 100681,  62634, 151448,
        62256]), array([ 88853, 102838,  13067,  63948,  23205,  97552,  17202,  92734,
       126863,  35966, 149484, 111597,  54592, 149778,  37701,  53397,
       140416, 116942, 134560,  32681,  96497,  66683,   3171, 144598,
        66916, 153421,   2518, 136208,  62789,  32062,  35933,  46440,
       102783, 139967, 113045,  79800, 114992,  27291, 133936, 148930,
        50603, 143780,  85477, 133821, 100222, 136490,  98556,  24543,
       125189, 137332,  23031, 124724,  69076, 113970,  98104,  99506,
       120620]), array([102475,  59076,  20013, 100048,  11070,  43344, 122383,  51306,
        29209,  59495,   3925,  28544,  95429,  70428, 114741,  35778,
        31646,  24787,  88340,  94741,  17544,  64194,  93866,  38744,
        36858,  58804, 111778,  55293,   9174,  81078,  49015,  54834,
       136135,  19710, 148109, 137715,  96051,  31091, 121284,  45845,
        70474, 118177,  10802, 139186, 110200, 136626,  58795,  16420,
        36880,  30184, 136856,    401,  62106,   6014,  47071,  38210,
        80091, 139236,   3834,  58932,  45543, 110518]), array([ 65254,  23306,  53431, 114975,   2963, 147657,   3381,  93476,
       108551, 106545,  50242,  95394,  31668,  37873,  14941, 113308,
        46685,    739,   1525,  50475,   5701,  40191,  45348,  21369,
        41568,   4915, 152744,  81407,  29291,  59472,  22218, 101526,
          941,  56817,  99311,  71316, 138958,  33706, 112742,  46341,
       136381,  82278,   1368,  15582,  83228,   7967,  29031, 153101,
        24006,  58114, 130261,  26108,  71923,   6466, 105338,  44808,
       151769,  71750, 151679,  15581,  48187, 133393,  27562, 136102]), array([ 44863, 120270, 149468, 129810, 110531,  44653,  39769,  50824,
       116167, 139129, 123176, 109050,  91469,  83876, 102998,   4579,
        84894,  72561,  65352, 139443,  69411, 141703,   6177, 109333,
       130135,   5399,  82097, 122530,  70415,  36120, 103905,  61996,
       113598,  90240, 119462,  73252,  57727, 136089, 128930,  56060,
        46144,  52311,  51782,  67429, 136940,  82848, 148089,  53014,
        30947, 142428,  42113, 116048,   6400,  92477, 104891, 143695,
        47909, 122256,  75948,  75005,  20307,  98616,  64315, 109413,
       121416]), array([ 85394,  44222, 145600,  66645, 100938, 139912, 120643, 128828,
       102198,  75463,  85357,  51817,   5908, 119513, 133296,  50034,
        75861,  41594,  81939, 152080, 148270, 152474, 136097,  82331,
       100904,  39318,  82581,  23981,  12078,  51055,  45729,  38958,
        93759, 133266,  59115, 102269,   2193,  73368, 111564,  22961,
         4306,  53356, 152384,   2666, 138153,  52452,  59606,   9501,
        45562,  52318, 132336,  22894,  79919, 122888,  43744,  84618,
        53810,  77030,  74547,  58998, 100228,  47538,  94764, 103599,
        61987,   3896]), array([149718, 114160, 101407,  16599, 100691, 110379,  70725, 139773,
       133472,  25835, 103715,  70626,    168,  15906,   9725,  73387,
        60543,  34398,  95416, 108255,  78725,   7759,  86588, 132747,
        33573,  69867,  40387, 126219, 124656,  94615, 113676,   5941,
       123974,  43207,  63066,  62887,  49838,  36703,  54347,  14999,
       145919,  74333,  70864,  72130,  58016, 117256,   9192, 132023,
         4656,  86685, 100393,  21787,  20827,  32040,  30857,    963,
       133443,  11622, 112899,  27972,  71981,  57872, 144761,  48436,
       142943,  78477, 148030]), array([ 73989, 153414,  88913, 108276, 114837, 117077, 107936, 132247,
         1535,  89865, 118951,  61001,  25939,  43245,   5827,  79334,
        45928, 123216,  30913,  32778,  21373,  67396, 123152,  13611,
       143637,  79032,  58557,  51995,  92047,      3,   1265,  52310,
       125836, 137032,  42645,  46272,  46605, 146671,  88484,  76036,
        21586,  69355,  78063,  69001,  68018,   9245,  30709,  66884,
       121946, 113440, 131597,  51635,  70067, 104513, 134683,  24100,
       100696,  19702,  23690, 132642,  92396,  71318, 132485,  15307,
        96180, 140765,  91990]), array([145973,  32701, 114727,  31531,  88807,  24963, 143038,  22262,
       119283, 123190, 139235,  92656,  24635, 102610,  79593,  21957,
        36333,  48586, 113412,  90454,   6385, 104293,  20063,  77466,
        35276,  19044,  27054, 109321,  66373,  40812,  72934, 148000,
        33079,  63443, 130531,  37936,  98760, 142572,  64705, 119966,
       151720,   4892,  78196, 132903,  30810,  56675, 105527, 114636,
        69717, 148925,   3467, 133535, 142177,  67116, 127685, 129483,
        91787,  14120,   5337,   1646, 122122,  30542,  56455,   4563,
       147936, 150471,  54952, 142737, 130807, 117964,  24941, 146392,
       147812,  91431, 133328,  81539,  37107]), array([102307,  51206, 105662,  76580, 132416,  66869,  73653, 123352,
        38279, 121115,  53450,  48216,  37071,   2643, 128409, 125160,
        16926,  77565,  17915,  54296,  95130,  25585,  85862,  60784,
        59082,  87163,  36017, 122374,  98948,  94296, 151659,   1453,
        14337, 115968,    838,  62776, 141660, 148608, 140974,  61885,
        41085, 146124, 106032,  17193, 151825, 130456,  69934, 101832,
        44915,  65507, 130958, 140911,    522,   9357, 136617, 102925,
        94934,  26995,  61789,  28303,   5237,  79092, 135449, 126273,
       103434, 152575, 120447,  97344, 131738,  34396, 140003, 106626,
        85857,  53464,  68423,  38002,  53973, 124963,  70064,  58326,
        41416]), array([ 16078,  61105,   2430,  49209,  97133, 116310, 134948, 128386,
       148309,  92779,  78383,  83720,  82475,  11942,  78698,   6482,
        21858,  25789, 152812,  19335,  76922, 140169,  62525,  93260,
        62912, 126887,  80655,  34901, 129057,  11093,  59112,  54076,
        40573, 152679, 136004, 113222,  59006,  28227,  57703,  73928,
        29175,  49075, 106449,  92252,  24035,  32242, 119574,  47661,
       135003,  22708,  23079, 147643,  71391,  33623,  87028,  20477,
        87621, 124892,  28249,  89262,  98035,  46442,  57928,  69378,
        19007, 103347,  89425,  61008, 123599,  39533,  70251,  17624,
         4911,  90608,  92836, 125798, 111924,  97157, 110863, 105705,
        14449,  77041,  76519, 128011, 114627,  81255, 101586, 152501,
       150570,  84820,  32837,  18879,  81042,   3248, 125946,  53659,
        20249,  41710,  76827,  61492,  71163,  48041,  17277,  67088,
        56815, 106480, 146717, 133222]), array([108391,    869,  53178,  72336,  88769,  13519,  64013,  20152,
         6424,   1320,  80036, 133421, 120490,  95790,  14577,  58856,
        62680,  12422, 148437,   7092,  24908,  72620,  95492, 144509,
         5588,   3434,  59399,  67406, 105378,  20831,  75647,  18799,
        39452,  91571, 133715,  78951, 133086, 101820,  69454,  60145,
        14448, 152651,  26915, 110733, 112396, 137603,  30145, 120460,
        18183,  28629,  70108, 147519, 115069, 100872,  79764,  30843,
        91806, 144567, 141056,  59964,  12050,  47719,  91339, 144221,
        11126, 111878, 107866,  87445,  70792, 129795,  64261,  57132,
        58596,  73717,  27928,  79943, 118280,  10768,   5676, 104472,
       143352,  25257,   5075, 119246, 149621,  49370,  32026,  67671,
       130614,  45136,  81416, 105564,  76323,  97503, 128047, 118764,
       113355,  93196,  93008, 103205, 109649, 137368,  27010,  28837,
       143108,  57686, 117337,  35869,  87248,  44226,  78849,  36319,
       122248,  14512,  41223, 146286,  52147,  44016, 138108,  82365,
        21437, 142549,  51904,  40616, 149113, 109356,  85535,  10099,
       152751, 132897,   4194,  55042,  65861, 136782, 113184,  67255,
        74662, 140317,  62576, 121407, 116387]), array([127649,  93553, 132358,  29812,  96343, 111689,  38289, 105968,
       140368, 109940,  30570,  77859,  19777, 100799, 110710, 130596,
        78271, 147045,  79098,  36675, 146353,  17057, 138208, 128842,
         2169,  69398,  28898, 129312,  92536,  22055,  98771, 128606,
        70503,  24833,  88298,  22581,  55118,  30617,  16131,  37675,
        61173,  62371,  37878,  97159,  88781,  83696,  93687, 146839,
       123262,   7021,  95523,   4475,  64134,  23702,  29697,  75787,
        14755, 118697, 137076,  55371,  22746,  95993,  27186, 101392,
        10075,  41175,  20369, 146379,  87312, 132937, 144106,  10033,
        17265,  50649,  14116, 147968,  91924, 118193,  89074,  45323,
         3611,  36389,  99723, 117833,    932,  78439, 108195, 120479,
        52845, 135391,  34330,  45279, 120293, 123714, 146799,  95363,
        44262, 152613,  55059,  53329,  84872, 102505, 105741, 141676,
        46889, 105423, 135622, 118550,  58000,  51912,  96851,  74761,
       115284,  65234,  41429,   4532,   5072,  52228,  55186, 109717,
       145391, 107722,  75203,  48186, 128413,  27246, 143134,  34352,
        61524,  85684,   4064,   9865, 123888,  91522,  49571,  70753,
       111666, 128944, 138949, 151380, 139507,  61071, 111539,  74478,
        62436]), array([ 57182,  33779, 134924, 124995,  94843,   6007,  90758,  45428,
        73146, 140145,  29437,  79243, 132068,  16448,  61675,  55886,
        44006,  15207, 109432, 138486, 141337, 138439,  65678, 102052,
        93495,  50950,  22404, 103711, 136939, 107369,  49548, 112179,
        60919, 123342,  31329, 102661,  17353,  72093,  91880,  61895,
       127918,  45232,  95748,  62297,   6672,  69218, 149377,  20685,
        68479,  36374,  64917, 101897, 127907, 135476,  83140,  84940,
        18798, 128308,  42465, 109415, 112086,  49736,  76876, 103609,
        18775,  25999,  77116, 127703,  47140,  29743,  55195,  30854,
           50,  29986, 119836, 113754,   6196, 147796, 103722,  79701,
         3739, 115765,  87857,   2490,  62552,  76822,  22099,  38591,
        84356,  26038,  46065,  91004, 136501, 113390,  54462,  25275,
        55948,  47988,   8103,  50925,  87220,  71944,  45138, 149791,
        89705, 136482, 114965,  94709,  56969, 125859, 120267,  31143,
       125648,  74942,  80389,   8983,  73547, 116846,  71327,  66856,
       122969, 112262,  28366,  78742, 134294,  86824,  24319,     75,
       117514,  77275, 118350,  32478,  96890, 115014,  25402, 102280,
        53628,  97346, 129039,  98005, 124550,  13664,  73677,  89334,
       139157,  24960, 100617, 106983,  65251,  34526, 136333,  87835,
        24254]), array([137436,  15277,  76095,  97010, 146127,  66717,  96891, 124698,
       111932, 112127, 114742,  10898, 149658, 127766, 115529,  64397,
        59869, 110940,  48327,  49599,  76488,  24413, 114345, 153477,
       132352,  91000, 110305,  29010,  95488,   6474,  88124,   3043,
       132914,  19146,  46472, 119835,   2576, 133745, 124894,  35295,
        29463,  97963,  49132, 132047,  18231,  80298, 137609, 104092,
       117135,  21061, 129880, 123700, 131613,  63850,  37992,  55751,
        85030,  25124,  17523, 153707,   7590,  15531, 151126,  22092,
        74146,  57929, 135686, 131978, 152764, 111700,  21741,  69120,
        74066, 136763,  45801,  76833, 151800, 148838, 122540,  90458,
         9648,  34888, 145727,  64920, 133081,  46211,  46508,  90534,
        42737,  70813,  56118,  40350, 142088,  28438, 152049,  75099,
        89934,  27949,  89945,   5279,  63421,  78430, 126598,  27819,
        80087, 132655, 136441, 102507,  98537,   9134, 153081, 135744,
        16103,      1, 124247, 102386, 145074, 153851,  18136,  86862,
       135471,  52562,  90248,  46911,  59030,  41512, 113280, 140932,
        15935, 135556,  80141, 122544,  83816, 102605, 100675,  31112,
       118706, 136031,  61793,  85575,  14528, 120867,  32006,  34265,
       132887,  86613, 142461, 100438,  66496, 117519, 131619, 114859,
       150042, 126762,  40950,  74435, 125644,  75866,   6678,  19837,
        48184,  33994, 145292]), array([ 54624,  91333,  25133, 126548,  93984, 132449, 115222,  66115,
       107857,  58435,  40260,  29416,  34857,  68374,  92171,  14830,
        53342,   9691,  57851, 104318,  92434,  66953,  97801,  14110,
        36221,  28335, 151195, 134282,  23215,  92912,  60062, 125484,
        17176, 124608, 143015, 122418,  57416,  68639, 141805, 153369,
        35996,  87610,  43810, 139567,  55913,  47727, 123083, 140950,
        58423, 150003,  25583,  26925,  43983,  12625,  94970, 137270,
        23452,  10629, 101579, 102803, 127222,  99316, 143597, 149665,
       145438, 108248, 112577, 105270,  23854,  21465, 110715, 138272,
       130170, 101997,  77525,  86873, 145435,  48382, 142169, 139010,
       111005, 101845, 109427,  31487, 135597,  27838, 100457,  54246,
         6117,  17501, 113826,  91596,  39389,  90603,  55162,  71632,
         4332,  35340,  32001,  27849,  70363,  19046,  47725, 120325,
       151504, 127513,  86242,   9016,  68834,  99779,  38642,  27104,
        43202,  30126, 151150,  46074,  60677,  73612,  43554,  97113,
       100444, 138540, 124911,  94153,  80409, 120156,  69457,  97950,
         9295, 127336,  56717, 138824,  40548,  45527, 114045, 107354,
       123909,  27577, 153158,  38505,  77645,  33616,  40186,   7582,
        14260,  63113,   5924,  83098,  14675,  95476, 142966, 105254,
        34103, 120876,  65642,  44993, 117491,  35720,  67982,  56971,
        82548,  69142,  61836, 127409, 124630,  79010,  67686, 102832,
        39363]), array([  6846, 120699, 111734,   9431, 103508,  53889,  43285,  60088,
        20439,  13989,  11540, 139988,  83933,  89291,  99571, 113545,
       136987,  32855,  17442,  77273, 150894, 136296,  16756,  47636,
        18705,  79947,  57553,  97906, 115915,  16961,  20907,  44736,
        81136, 101092,  12935,  70216,  18773, 108483, 140236,  60674,
       127216,  41329,  71038,  76256,  27773, 112299, 116393, 152593,
        46653, 147295,  92959,  76196,  41563, 130760, 117051, 144010,
         2770,  89674, 147274, 101938,  61180,  15533, 135890,  52852,
       142827,  88795,  20128,  18519,  52267, 101331,  63020,  10255,
       135951,  84706, 101701,    905, 109437,  11707,    992, 153533,
        88752, 102132,  91958, 108268,  50191,  91475,  75935,  28547,
         8986,  79839,  17181, 139960,  31711, 106629,   4640,  61369,
        14536,  34856,  61134,  46475,  95711,  83656,  82926,  56342,
        20029,  71175, 139573,  82451,  77049,  42092,  87904, 140234,
        61370, 110852, 122466,  25851,  29413, 119468,  54045, 118694,
        94030,  94477, 129650,  10356,  21607,  29649,  95759, 151992,
        67485, 126283,  13360,  68595,  50471,  39494, 124438,  64502,
        68357, 125688,  23646, 150975, 124856, 115109, 107520,  23038,
       122794,  50524,  65096, 112107, 113058, 140248,  26052,  89294,
       151536,  50625,  73706,  26068,  21169, 150935,  40039, 132488,
        62799, 127014,  33160,  89233,  23717,  76248, 131614, 101955,
       138179,  43437,  51848,  26234,  37052,  15698,  33299, 146816,
        71543,  75095,  65583,  18807,  79740, 140089]), array([ 38010,  98998,  74401,  90030, 106987,   2976,  73083,  42303,
       120300,  32325, 107636, 145610, 148920, 129396,  35022,  66719,
       131214, 146758, 150698,  48543,  14489,  56440, 101789,  97008,
       112746, 108510, 123204, 124082, 141794, 117416,  69394,  62875,
        56423, 113213, 145808,  48625, 127348, 135297,  52847, 135443,
        47515,  63461,  87978, 124782, 111604,  84668,  60104,  83278,
       150434,   7231, 114596, 137743, 117366,  42219,  89927,  84135,
          560,  59421, 104632,  36575, 142026, 121069, 150685,   5759,
       105994,  15389,  48321,  50801,    623, 141470,   1834, 152088,
        55143,  29562,  91170,  14086,  55720,  40077,  44984, 150012,
        70238,  19673, 148368,  52110, 102587, 130368,   6377,  97192,
        96677,  11470,  53199,  49200,  66452,  34865, 138822,  51791,
        56360, 147845,  88445,  78502,  18774, 113152, 111659, 129292,
        54386, 113066, 113338, 141553, 138400,  84596, 102199,  89217,
         3225, 151690,  51167, 107097,  98971, 146082,  97029,  61487,
         8843,  13711,  16688, 105420,  89158,  64910, 139482, 149115,
        13977,  21177,   5468, 137262, 118367, 138365, 134716,  56247,
       150613,  57772,  97487,   2174, 152956, 109419,   9438,  53737,
        82970,  33588,  72897, 106555,  40177, 153446,  75992,  78100,
        61356,  14074, 131224, 101902,  33090,   8345,  54714, 133315,
       130674,  54572,  71253,  23769, 100087,  94226, 136090,   5351,
         4595, 108498,  91241,  81267,  38935,  68399,  95079,  51269,
       151660,  93102, 115518, 140048, 123503,  18299, 129785,  67262,
       120464, 136872,  22853,  68820, 136684,  31287, 105373,  20173,
       120306,  26603,  56088, 102422,  91358,  35197, 130824,   3090,
       137352,  59485, 128864, 137280,  77504,  51273,   1870,  56170,
        75877,  84464,  56259]), array([ 88188,  89015,  53211,  31826, 125314,  56025,  54974, 113805,
        65202, 128881,  90947,  22488,  13887,  52487, 136577,  80959,
        25236,  80379, 134700,  85302, 107628, 116327, 135301,  27565,
        22721,  48504,  48985, 124561, 141313,  18911,  77951,  64905,
        35846,  27721, 109579,  82779,  48821,  27489,  52096,  91102,
       110612,  89482,  60109,  63873, 136483, 152248,  72203,  24924,
       134474,  12197,  77027, 132275,  93728,  74252, 110912, 148054,
        57035,  88182,   6455,   5464,  53193,  78996,  66534,   5383,
        38006,  92101, 112408,  67495,  66559,  63482,  49766,  46932,
       104199, 126388,  52708,  90485, 120623,  19570, 115475, 141464,
       126406,  49127, 146243,  40728,   2622,   6443,   3880,  29301,
        32289,  57313, 149666,  40269,  40675,  69198,  88039, 110444,
        59506,  90643,  98596,  14118,  70707, 127436,  89895,  77360,
        65106,  99011,   2678, 114106, 114813,  22575,  28551,  99852,
       120886,  44942,  86548,  59968,  94083,  96358,  22017, 118652,
        92023,  11695,  59180,    871,  85297,  75527,  17517,  55792,
       129172, 114039, 118683, 125217,  20583, 133016, 142235, 145921,
       114114,  25859,  82466, 153590, 136474, 106252,  45295,  71748,
        66630,  43581,  36733, 114308,  56668, 116900,   1766, 102038,
        80656, 121776,   4559, 147528, 149169, 131305,  98889, 100902,
       104182, 109803,  88058,  18887,  47398, 134036, 112557,  27989,
       145257,  42382, 136132,  73867, 107269,  84946,  69931, 145002,
        11858, 117827,  83621, 138913,  29487, 128429,  81077, 129681,
       141834, 114705,  92395, 139347, 129587,  99761,  22031,  20125,
        23994,  57625, 148498,  37677,   9366, 126174, 131390,  24665,
        32725, 132705,  18853, 142411,  78504,  18862,  18494,   5440,
       146793, 107818, 109472,  30045,  34785,  53559, 104152,  24264,
        99729,  66809,  74358, 135088,  19661, 127128, 145960,  54101,
        71666,  82247,  84213,  90681, 103306,  47360,  55999,  11599,
        75354,  61065, 104368,  52684, 102566, 142435,  94758,    137,
       145769, 101668,  51399,  49702, 129845, 126146,  44278, 130534,
        96786, 148176,  73541,  72609, 126352, 130548,   8515,  31651,
        31558,  18604,  49190,  36076, 134383,  71838, 112041, 143226,
       119527, 112202,  77740,  43208, 116872, 132087, 149466, 138890,
       114368,  46151,  76167, 146942,  98653, 128603,  79380,   9815,
         8403,  19011, 113289,  24247,  16610,  56443, 146769,  18516,
        47122,  74909, 115355,  28812,  17091,  37514,  67464, 126922,
        43617,  89022, 136706, 127311,  80728, 138518,   5857,  51525,
        77302,  95094,  61843,  36025,  76839,  90874,  14986,  31604,
        81356,  48777,  99274, 121383,  64210,  26242,  68060,  96272,
       151877, 104709,  31608,  17415, 131155,  20229,  12290,  48699,
        66221,  44988,  66033,  15197,  15942,  30117,  86293, 112743,
        50222, 132543, 148584,  41338,  55175,  74222, 148418,   1903,
        96971,  59086,  35349, 113237, 114900,  36228,  49294,  89652])]
shape of feat_train: (3078, 602)
Mean accuracy: [0.8865182347200637, 0.0035923186991051077]
