Namespace(dataset='reddit', dropout=0, epochs=400, gpu_id=0, hidden=256, inductive=1, keep_ratio=1.0, lr=0.01, method='random', mlp=0, nlayers=2, normalize_features=True, reduction_rate=0.075, save=True, seed=85, weight_decay=0.0)
size of adj_train: (153932, 153932)
#edges in adj_train: 10753238.0
Test set results: loss= 0.4403 accuracy= 0.9413
idx_selected :  [array([ 78793,  97844,  99264,  84461,  58440, 123592, 128903,  21654,
       109007,  22731, 104203,  77594, 152192, 150130,  38924, 140821,
        79906]), array([ 72657,  29816,  46007, 106028,  75749, 132394, 152253, 126000,
       126156,   1734,  46284,  70394,  62639,  52397,  10614,  74249,
       112491, 130712, 141071, 111351,  84269,  25462,  28672, 124358,
        14683,  70938, 131634, 100171, 150770,  36020, 141504,   6289,
       112884, 113714,  90173,  66816,   9661, 103820,  14615,  39538,
        93003,  49684, 113454,  25715,   8698, 136440,  72691,  81345,
       140192, 110861, 136164,  82357, 130889,  79300]), array([117672,  39309, 131754,   9616, 103146,  46023,  40903,  84996,
        63676,  67897,   5992,  14273, 113631,  37670,  51036,  75385,
       151757,  67490,  87910, 102830,  18549, 123512,  56670, 128869,
        81587,  40457,  81343,  50395, 147011, 135829, 120433,  46600,
        17167, 124471,  33391,  31107,  96728, 132845,  67465,  25569,
        44364,   3012,  23810, 102590, 118762,  85553,  79941,  12771,
       123421,  75755, 133986,  49795,  44342,  80027,  90829,  17390,
       116321,  91979, 138015,  89910,  37491,  21762, 148137,  56232,
        99215,  68832,  71646,  43451,  11537,  69901,  27436,   4140,
        50989,  14758,  76967,  54685,   3900,   5044,  87382, 153735]), array([108774,  92379,  54016,  52464,  43178, 122978, 144141,  44346,
        31983, 142603,   2124, 101592,   5915, 143406, 153592, 110833,
         8569,  85390, 133302, 105273,  88767, 112316, 139178, 118954,
        62910, 147989,  29608, 152754,  42141,  87225,  82074,  46278,
        45465,  55257, 150406,  45340,  67205, 115667,  40261,  50355,
         8989,  79754,  82944, 146882, 107239, 115544, 119272, 111920,
       116835, 105466,  96167,  32497,  99034,  39795, 144219,  35142,
        27592, 127344,  16746,  57245, 107292, 114220, 109734,  62376,
        70768,  22167,  22058,  18438, 108665, 138856,   6595, 102701,
        11936, 107464,  55911, 121118,  86783, 151327,  97031,  84862,
         7732, 115462]), array([ 15614,   9323,  99101,  37618,  43115,  68905,  15858,  89104,
        14384, 115479, 110692,   2584, 109400,  69510,  59996,  13551,
         3439, 133071,  29347,   3095, 100386,  70780,  98470,  90442,
        57294,   3693,  13697,  63246,  92471,   4275, 108603,  33789,
        69156, 151773, 115898,  57854,  32533, 138928, 139408,  93213,
       145323,   3709, 139095,   5569,  31355,  50719, 143718,   7964,
       129403,  31279, 109635,  20906,  62006, 124170,  17884, 110421,
       112967,  12263, 125536,  35573,  72118,   6599,  53121,  94398,
       109630,  21812,  30444, 110251, 112271,  90664,  58220,   3170,
        89185,  85928,  99378, 153437, 148462,  80904,  68952, 135612,
         7243, 128713,  42507,  32013]), array([ 52811,  31005,  52257,  43742,  42728, 141172, 122373, 138898,
       113718,  58003, 106990,  80760,  81951,  78223,  26254, 113755,
        15099,  55128, 125259,  59805,  50902, 100616,  68228,  18647,
       113014, 125746,  21766,  16543, 117336, 100843,  85546,  16342,
        75955,  89192, 141873, 145755,  36972,   7130,  64627,  84764,
       126899,  41140, 103431,  69134, 147739,  21095,  91639,  41505,
        51598,  66839, 130267,  59940,  21261,  42514,  81111, 100801,
        69210,  99975,  97578,  91226,   7915, 110532,  32864, 135012,
       130067,  25192,  92299, 137805, 142816, 119886,  90213, 113741,
       128236,  57240,  23130, 142695,  22835,  57871,  11417, 116199,
        85256,  93804,  85860, 148507,  75616,  62971]), array([136740, 131574,  95073,   7328,  42822,  21480,  84374,  19515,
       127571,  67125,   1863,  58097, 106024,  61107,  51113,  81709,
        18000,  70004, 132974,  91757, 136839, 138339,  39992,  67122,
        95551, 121884, 109285,  45444, 138391,  72654,  65265,  23718,
        46968, 116242,  55760,  88833,  79753,  91491, 109534, 127140,
        72205,  34625,  65212,   7527, 135288, 130291,  89826, 152070,
        94876, 105211,  69701,  76511,  85904, 125530,  89995,  61166,
         2180,   5147,   6096,  29705,  68473,  15673, 101956,  64047,
        77182, 112464,   5738, 107817, 108761,  93305,  75045,  76024,
        19677, 128625, 139908, 147941,  91137,   4366,  41303,  94782,
        38959,  94249, 108672,  92525,  84758, 148047,   9612,  11981,
       138675,  42365,  87325, 127434, 115589,  33019, 103477, 148792,
        61375,  24097, 107003,  12810,  24081, 124395,  75648, 105507,
       128013,  51397, 104596,  60167, 134455]), array([ 65972,  74282,  61991,  57188, 119045, 151850,  32042, 117148,
        12269,  20818,  83985,  32949,  65685, 137802,  78538,  26946,
       127079, 132005,  50666, 148436, 103181,  47970, 101191,  76686,
        49417,  41521, 109735,  91359, 108300, 122308,  32524,  27255,
        35593,   9905,  15051,  65035, 108872,  56117,  37827,  63875,
        52165, 117976,  59703, 133128,  27996,  90280,  59610,  72584,
        97795,  36203, 117244,  41946,  86409,  13562,  69110, 123845,
        21083,  54655,  39590,  23669, 129455, 126512,  48457,  95854,
       115359, 153903,  56802, 112005,  95947,  27141, 108926,  35950,
        19692,  82091, 147955,  20732,  55686,  70971,  39993,  26263,
        99837,  91121,  76304,  24711, 105309, 129226, 142387,  63354,
       103739,  82738,  81489, 137895,  60972, 115419,  56037, 119715,
          377, 100839,  40620,  17087, 105121,  13735, 114708, 127260,
        97924, 109847,  36565, 125065,   6044,  64559,  65470]), array([144489, 114033,  72121,  49864, 121583,  31580, 138721, 149960,
        16828,  77487, 109998, 149306,  80354,  88712, 101799,   5055,
       129846, 143184,  53751,  30581, 101257,  45386, 125970,  59107,
        80989, 134226,   5088, 128671,  82788,  53399,  14756,  46324,
       112526, 129942, 105667,  27734,  75512,  71235, 101378,  22546,
       134022,  71823,  72782, 148315,   9279, 116896,  55121,   1957,
         8969,  61026, 111787, 129313,  36404,  17104,  91368,  84603,
        55027,  52783,  14279,   6766, 151458,  26381,  51025, 138050,
        52851, 121812,   7894,  72975,  41310,  68641,  63505, 153821,
         5613,  22659, 107958,  58219,  99064, 124008, 134719,    324,
         5420,  57756,  40071,   1864,  42636, 106086, 110136,  75007,
        90087,  31131,  22235, 143030,  52019,  12308, 101777, 130480,
       113151,  87555, 133279, 117456, 133101, 128792, 103052,  65126,
          426,  63410, 111956,  43960, 105938,  37213, 142027,  68568,
        20861,  98944,  38037,  97017,  61394,  28291]), array([  2396,  31995,  69648,  91031,  52859, 123635,  44021,  58769,
       136773,  43511,  32148, 152845,  68367, 122211,  71825, 109755,
        18310, 131918, 136345, 138700,   3598,  15769, 119899, 131569,
       146034, 118334,  56661,   5004,  57273,  30928, 110683,  56523,
        23059,  45011,   8227,  83200,  92061, 133289,  77940,   6501,
        32521,  71369, 134707,  33226,  16605, 150619, 147873,  94714,
       113644,   8340,  62458, 136926,  30113, 145314,  79307,  23065,
        87002,  50498,  95623, 121220,  34960, 136161,  83463,  36139,
        47877,  79321,  59460,  25302,  86286,  76707,  62165,   4032,
       148450, 112947, 141626,  55875,  82804, 113033,  79188,  56378,
       102358, 115321,  75405, 113697, 103414, 149763, 152697,  50122,
       119150, 142344, 122045, 147100,  36986, 125487,  39975, 103651,
       108200,  41295,    275, 152069, 138350,  55023,    683,  86414,
        28539,  88634,  16609, 122583,   2137,  27228,  53287,  64699,
         8190,  84719,  14297,  88627,   6548,   9746, 109293,  19863,
        91629, 148647, 128245]), array([ 34704,  47625, 142101, 142978,  36177,  78232,  48914,  45849,
       109720, 113658,  49708,  42953,  42928, 102860, 111900, 122508,
       119664,  64329, 130174,  80871, 145464, 111149,  10634,  37812,
       122110,  64078,  74844, 107992,  12789,  27207,  22000,  95189,
       145226, 105163, 135324, 110609,  83813, 139070,  61063,  76339,
       104076,   3732,  55282, 114630,  46053,  15597,  86885,   2020,
        77922, 120648,  75784,   8930,   2896, 135713,    111, 143753,
        58609,  38205,  71808,  32120,  86480,  80234, 124250,  51470,
       135195, 152275, 138724,  21132,   7961,  77259,   8829, 133378,
        52808,  12624, 133713,  25831, 132115,  20351,  82112, 106780,
        43314, 131094,  31282,  88097,  18287,  17727,  35482,  65637,
       136152,  96080,  37155, 153094,  34418, 117712, 131493,  76257,
        49915, 129695,  44478,  11520,  21319, 150451,  30697,  38331,
        80598,  69084,  77734,  62587,  22113, 133923,  40124,  90782,
        21285, 119975, 108081,  53831,  61020,   7845, 115482,  52183,
        92753,  96298,  68181,  48796, 150043, 114284,  89479,   6600,
        72397,  60450, 121989, 103308,  45600,  87316,   2521, 124876,
        57186,  35519,   6755,   8334,  48310, 152588]), array([133976, 141674, 101791, 146508,  10766,  93969,  36719,  25938,
        66469,  12836,  81203, 134898,  83159,  26325, 105842, 103872,
        87612, 143102,  25997, 134684,  67484, 152933, 146328, 121343,
        82515,  92250, 134010,  62361,  31207, 118442, 103313,    958,
        85121,  30347,  69995, 107671, 136559, 137865, 104804,  69462,
       133759,  60449,  99916,   1944, 139587,  55544,  65081, 128212,
        17688, 112817,  49978,  59283, 152974, 136915, 130666,  75630,
        60331,  92895,  52355,  48459, 121421,  70861,  17883, 127956,
        33957,  96674, 125535,  74087,  43665,   6558, 136821,  51461,
        37548, 147591,  90447,  17100,  49282,  72010, 110714,  27199,
       133408,  52157,  75290, 115295,  73694, 147945, 112809,  24734,
        39410,  86543,  36766, 118686,  54084,  66249, 126803, 137703,
       131337,  28174,  46896, 121600,  89026,  97915, 109596,  82942,
       118069,  76250, 104224,  69386, 137478, 141774,  91614,  27271,
       119930, 121722, 151638,  37766,  90129,  89357,  60183,  86872,
        51197,  42419, 151481, 148904, 144269,  92176,  57375, 122088,
        55663, 139859, 152854,   2226,  28216,  24288,  56048,  40768,
       148708,  28094,  47585,  77277, 134234, 111432]), array([124572, 126076, 142522, 122842, 104005, 131125,  32335,  28152,
       125251,  80799,  28250,  72652,  62592, 129252,  36618,  22086,
        82088,  96630, 144503,  49108,  80999, 105775, 153770,  28470,
         2439, 101600,  96910,  49575,  22632,  78846,  98987, 144218,
        12973, 132062, 110488,  61839,  57864, 127177,  46405, 104504,
        42776,  62270,  67244,  66434, 146310, 110462, 101721, 139019,
        50628, 141764,  36198, 107115, 115302, 129307,  27698, 121013,
       101423, 120039, 102367, 114876,  66244, 150236, 112737, 150916,
       131971,  14878,  88045, 130723,   7934, 132752, 116481, 151254,
        79166,  51233,  97623,  89245, 109812,  19676,  52726, 129899,
        41793,  90682, 131177,  63509, 121595,  52526, 118168, 134572,
        32300,  58850, 153452,  50038,  89638,  34067,  64989,  44106,
        64364,  38647,  36206,  55958,   3227, 117140,  75127,  83509,
       133234, 153360,   3293,  70249,  98593,  36670, 133593,  93090,
        28176,  76017, 119077,  53895,  68904,   7721, 127433,   2052,
        91224, 104602,  99891, 110899,  62919,  64794,  90648,  61547,
        23424, 147088, 114721, 127693,  47113, 128388,  37540, 117537,
        44107,  39179,  53670,  72686,   1566,  69952,  28392,  65427,
          797,  57482,  60884,  13056, 145338,  89665]), array([  3388, 149319, 129814, 117268,  66082,  11838,  51562, 101327,
        73782, 150045, 139242,  46494,  28295, 126798, 125232,  67224,
         5921, 124819, 153544, 113641,  65038, 142053, 107222, 142524,
        61901, 124253, 138129,  25839,  20032,  38718,  74523,  63897,
        48823,  25309, 152427, 144628,  41410,  71872,  56743,  30151,
        48218,  86724,  78287,   5977,   4533,  88261,  11174,  17876,
        38063,  67056,  17771,  10584,  37850, 114241,  15321, 122461,
       124879, 144656,  28254,  96997, 146046,  67579, 119789,  75995,
        54672,  71959,  84241,  99149,  20797, 144413,  96282, 107966,
        95035,  78512,  77135,  21199,   7182,  24385,  69482, 126966,
       134087, 148115, 106300,  98079, 102745, 136505,  52229,   8300,
        69535,  44039,  53635, 133724, 104979, 147761,  79530,  62207,
       101140,  98550, 139603,  78534,  91421,  56499,  83519, 101101,
       150665,  99356,  67359, 113495,  70667, 125377, 108031,  49466,
        18008,  11476,  86704,  52535,  44386, 128860,  90062,  52473,
        20630, 150791,   6040,  67772,  62803, 148489,  66154,  22911,
       112389,   6987, 123400, 129497,  51981,  34695, 101184,  99590,
        90397, 121061,   2260,  75997,  38756,  16333,  59843, 118477,
        27959,  65568,  15592,  73505,  53285, 125954,  65447,  18864,
        76447,  79229, 104271, 130968, 117618,  22217, 123187,  41540]), array([ 51819,   2582,  70603,  88815, 136703, 142915,  14974,  15412,
        41627, 129824,  87466,  76157, 120903, 102384,  75594,  46025,
       152989,  36167,  82661,  19730,   8270,  40016, 131270, 111904,
         4543,  40880,  74688, 142436,  84182,  99992,   9622, 149556,
       107075,  21204,  67059, 131598, 104803,  26783,  56239,  85756,
        45917,  91814, 149820,   3612,  12322, 101732, 135548, 117706,
        47943,  99586,  89380,  89823,  50311, 150628,  86753, 100734,
        17175, 106800,  45749, 151567, 143818,  64110, 132277,  32816,
        74091,  62499, 141952,   6185,  53241, 136770,  98457,  89234,
        87146,  40654,  44626, 105556, 121586,  68761, 118382,   3309,
       121911,   2148,   7926,  71019, 149610, 145794,  89714,  46119,
        19323, 148985,  35285,  88509,  87414,  75146,  58753, 117926,
        65062, 133612,  36442, 123698,  91346,  70975, 149263,  48551,
        15554, 147104, 135778,  75233,  26675, 105124, 116682,  92503,
        61603,  89043, 153276,  72961,  45826, 144086,  70684, 131146,
        77969,  11345,  50004,  99853,  88154, 115944, 134071,  84881,
       120743,  28134,  47372, 105975,  64493, 145956, 151523,  31600,
        13900,  63514,   4304, 110631, 133482,  77697,  18162, 127844,
        76497,   8570,  66751, 136385,  15777,  42451, 109851,  37865,
        63675, 125119,  92933,  78619, 127698,  77500,  42580,  25961,
       138146,  88663,  77260,  43110, 108658,  79164,  34270]), array([ 89715,  26193,  12761,  54390,  15367,  13250,    911, 101829,
        93834,  89281,  37552, 121268,  58555,  56298, 144583, 111488,
        16224,  95777, 153299, 138408,  76886,  15254,  35872,  90034,
       124784,  77131, 125225, 110722,  74911,  66045, 115191,   4439,
          274,  58615,  75843,  22687,  67613,  23426,  87120,  65365,
       142839,  53318,  51566,  66157,  67243, 150511,  17099,  33595,
        40444, 141389, 109518,  92875,  72155,  80310, 127155,   6252,
        51877,  57284, 110519,  73323, 141891,  16128,  89981,  75074,
       118403, 109701, 121805,  49968,  57480,  11913,  13511, 136147,
        24218,  63424,  95034,  97322,  89573,  65357,   1360,  72171,
        89412,  84928,  68903,  86604, 130172, 126140,   1678,  26474,
        27164,  15021,  81639,  47902,  50568,  86984, 135051, 136857,
        73376, 152508,   2331, 145720,  31173,  19034,  62929, 114269,
        24376, 136720, 131229,  18696, 135161, 125537, 124449, 128865,
       103029,  61482,   8140, 105051, 152691,  13938,  36296, 129714,
        26250, 152031,  54314, 116189,  83149,  21039, 112361,  50933,
       145299, 119532, 152522, 117538,  48106,  98179, 142623,  98074,
        65732,  93537,  35089,  21094, 123740,  40136, 121232, 132415,
        64198,  56964,  38696,  40623,  14288, 120068,  65800, 115439,
       110753,  17733, 117831, 101778,  71679,  92892, 145664,  97462,
        68075, 121814, 133707,  35633,  84105,  26405,  40282,  66772,
        89694, 104542]), array([ 58743,  98615,  77177,  74302, 141939,  94155,  99307, 102324,
         2503, 138805, 139805, 102555,  55243, 148209, 110050,  36332,
        39326, 131769,  33762,  20482, 123883,  24409,  68487,  86891,
        14496,  87214,  55817,  97790,  44166,   5079, 132622, 142441,
       117500, 140805,  54017, 114502,  55035,  84367,  88332,  37864,
       137400,  85791,  66613,  82529,  44103, 104401,  34355, 149788,
       109341,  88150,  30746,  98747, 107028,  93707,   3342,  90050,
        31565,  65681, 141319,  28853,  52712,  45365,  95517,   5789,
       148659,  20099, 147731,  87192,  25393,   4839,  85547,  32258,
        29089, 128061,   1832,  79391,  33464, 122106, 151518,  20676,
        67637, 143955,  45682,  83290, 102049,   4018, 139841,  93012,
         6277, 139305,   6121,  29563,  86868,  99306,   2002, 112065,
        68681, 131670, 140322,  80096, 104179, 100489, 116450,  58276,
       102585, 120110,  74842, 146000, 129881, 131592,  66966,  42886,
        16844,  42866, 149662,  55146,  78578, 152887,  38192, 133205,
         6314,  76278, 125214, 131431,  64051, 148161, 125749, 128471,
        36935, 141373,  54969, 138986,  91592, 151912, 152652,  42591,
        71415,  92321, 149862,   2370, 150737, 143545,  26363,  48845,
       105122,  77372,  13669,  80984,  71697,   7848,  55066, 124734,
       105808, 101660, 101173,  13956,  82897,  43227,   7704, 115045,
        97295,  57164,  38398,  94704,  45246,  71311, 118272,  90124,
        37784,  58617,  53020,  14686, 143847, 131373,  82233, 136194,
        29246]), array([ 68866, 130149,  41816,  98448, 130476, 142822,  72973,  83693,
        87104,  36966,  98569, 152835,  44610, 115364,  34089, 134797,
       122398,  52713,  31961,  88967,  49475,   5965, 133324,   8093,
        56873, 117758, 140314, 122068,  98281,  54044, 121693,  24467,
       101420,  72400, 102840,  17270, 148177,  19372, 123918,  13737,
         1711, 152536,  69614,  17071,  60181,  85402,   2851,  21590,
        93483, 149424,  64231,  15516, 108068, 103455,  89298,  11247,
         8828,  22665,  68991,  97570,  28015,  30041, 112612,  49604,
        85027,  42577, 116184,  43309,  89503,  37358,   1840, 123135,
        57593, 114496,  45990, 136274, 104355, 131410,  81773,  10137,
        15867,  31838,   3606,  71092,  76478, 130062,  31989,  86962,
        67668, 115727,   9503,   1105,  23360,  34285, 145373, 130329,
        33300,  63779,  47546,   3564,  16062,  74086,  39913, 113769,
       126582,  54242, 146980, 137544, 100132, 144009,  49894, 132170,
        17953, 129853,  68732,  81561,  74218, 116633,  93290,  24239,
        94603,  85019, 137509,  65782, 109647,   6496,  26543,  47575,
        50497,  10298, 130921, 150871,  84573,  38909,  99439,   4135,
        73386, 132008,  80436,  29512, 100562, 132519, 144581, 103569,
        59880,  94211, 105329, 132056, 112374,   3100,  93816, 101632,
         4994, 115252,  53871, 118604, 153667,  59961, 123964,  86677,
       140279,  82027,   1745,  11753, 116150,  10150, 133169,  99024,
        80603,  88845,  40362, 105843,  20740,   3684,  62870,  50611,
       125026,  33820, 143316]), array([ 87295, 122487,  68483, 131262,   9049, 127185, 108982, 111508,
        34459,  61730, 116975, 143476, 110726, 125974,  29815,  85578,
        98232,  10191, 113811, 120811, 115130, 111511, 104950,  72864,
        90803, 132651,   1552, 152824, 101508, 144738, 138250,  29721,
        13640,  77916,  35583,   5716,  55236, 144832,  57065,  17107,
        50088, 125204, 151968, 135409,  89045, 118408, 138602,  69513,
        71931,   4968,  74217,  97769, 140240,  45409,  89988,  39025,
       146559,  14073, 106719, 135033,  45328, 126248,  32523, 101663,
        98206, 152024,  45710,  30021,  58591,  72760,  13285, 150238,
        28378,  89236, 134842,  45024,  24728,  24652, 123241, 120324,
       145279, 110583, 118918,  45240, 132917, 133877, 148701,  40876,
        69902,  13627, 145821,  71530,  52671, 148526, 116574, 123890,
        76667,  51792, 137408,  15053,  17713,  75469, 150084,  19665,
       143966,  50668,  32583,  53201, 136433,  86673,  73691,  79247,
       114063,  37641,  17770,  40637,  64665, 115812, 143905,  61093,
         4248,  12113, 153291,  33343, 126648, 108611, 134232,  13728,
        88152,  65830,  49020, 151153,  90876,  82626,  82559,  33653,
       125913,   2024, 141032,  84504, 120056,  18053, 142817,  15063,
        50329,   6296,  95421, 125642,  33265,  11725, 146463, 136436,
         5697, 120139,  63121,  37979, 108410,  32344,  58404,  79612,
        31240,  71259,  15829,  51264,  79807,  94128, 135466, 101843,
        75430,  90244, 102348,  24019,  12005,  25028,  13546,  99212,
          235,  52441, 144247,  22357, 101879,  97238,  70226,  57869,
         6764, 114404, 140052,  40776, 127827,  36568,  36426,  55030,
        71641,  99496,  26638, 146092,  72670,  52055,  75761, 138706,
        78422,  38562, 100632,  31681,  71549,  29836,  25344, 101908,
       145968,  67936]), array([101739, 111782, 133076,  25763,  43383,  81346, 127950,  41902,
        81482, 105609, 138904, 140408,   1303, 144636, 106022, 137622,
        49474,  49985,  14665,  58863,   4542,  30950,  53082,  22893,
        27056,  29985, 100229,  40595, 110067,  10746,  89834,  26243,
        18192,  65170,  54883,   5725,  48364,  46802,  27457, 123716,
        24952,  74288,  91090,  27465, 135235,  54114,  38878,   3616,
        18995,  79506,  59313, 102603,  45043, 122018,   7249,  19243,
        80853, 133605, 115662, 140077,  61604,  23491,  57578,  17464,
        61967,  90542, 130065,  12240, 133352, 132474, 130301, 146757,
       114651,  59988, 141861,  26530,  68386,   9066, 103342,  16995,
       118453,  17360, 148163,  64421,  78485,   9118,  25006,  92085,
       141828,  12965, 115009,  71899, 149206, 127991, 150415,  89661,
       115322, 118889,  71973,  52160,  59301, 104986, 148466,  27247,
       130857, 140284,  90015,  89154,  15347,  94940,  79346,  65778,
       139927,  69806,  12630, 112140,  40309,  77524,  63707, 126093,
       129405,  18477,  84451, 132304,  22244,  88964,  51102, 115990,
       115588, 117027,  18174, 118891,  50860,  60663,  56840,  16798,
       110579,  23784,  66952, 150337,  10024,  14429,    417, 133231,
       144942,  12183, 126780, 136184,  68806, 127360,  54442,  98200,
       102634,  21302, 144005,  11074,  99829,  28418, 114379, 153230,
         4856,  35412,  45539, 108381,  14187,  67008,  56909, 111819,
        38612, 107040, 102064, 100692,  54589,  52812,  46184,  21414,
       116143, 125080, 104922,  54152, 123942, 135846,  63201,  35864,
       123600,  59242,  96893,  73661,  83042, 151674, 104683,  27754,
       137461,  63122, 130681,  49441,  84446, 119101,  16630,  52253,
        36113,  25146, 149270,   9158,  16671, 100209, 129711,  41392,
       125128,  61318]), array([ 92630,  31481, 146177, 104495, 137841,  79150,  22647,  85503,
       118033,  65414, 136570,  14004,  40374,  57303,   3382, 140627,
        98755, 103129,  16962,   9886,  82680,  99305, 113548, 111847,
       152183, 142093,  52915,  40166,  29783,  61453, 144666,   2974,
        84550, 139574,   5950,  37246,  32178,   2641,  38105, 127630,
       125615, 147169, 138846,  82035, 132902,  70705,   4003,  84517,
        28587, 101210,  21482,  80077, 121768,  77552,  81945,  77622,
        16782,   9392,   7512,  80546,  28434, 139931,  56865,  21176,
       148731,  93247, 111246,  97012,   7705, 119568,  14333,  69344,
       106779,  78982,  36992, 147860, 104173, 104306,  16538,  82430,
        58800,  19108,  22316,  38304,  11225, 101033,  23801, 104808,
        86686,  77672, 116765, 114713, 153553, 118916, 108110,  94035,
       133211, 113882,  12690,  52828, 135162,  24128,  68840,  48142,
       139583,  36771, 144817,  14622, 108539,   7734,  82633,  40105,
        65658, 133488,     99,  82844, 103909,  80158,  29820,  67299,
        33853, 114946,  39681,  45399,  63951, 104244, 128460,  70445,
        32069,  40354, 147647,  69575,  91343, 124821,  62305,  35859,
       102448,  68184, 143509, 106058, 137497,  25509,  75186,  12944,
        82216, 131586,  52606,  31544, 119338, 115871,  25529,  19592,
        94284,  66417, 129439,  23679,   8249,  59920, 114153, 147410,
        62613, 100540,  73509, 132386, 110401,  93692,  40081,  59600,
        47592, 111052,  65436,   9960,  78696,  69097,  31211, 114083,
        96252,  77991,  45302,   3694, 147885,  72143,  90446,  58779,
        25776,  29471, 134469,  76165,   4269,  60830, 106573,  49486,
        23561,  42264,  47470,  17483,  15569,  48729,  23189, 147154,
       115746,  73688, 109709,  17967,  43850, 141433,  52638,  38770,
       134591, 124684,  74659,  80065]), array([107611, 101679, 124563,  47819,  50722,  22492,   3431,  45133,
       119277,  49526,  86429,   4173,  51826,  89597,  30968,  83242,
        78886, 111541, 152448,  14715,  44614, 108666, 125024,  49675,
        63575,  26818,  37779,  31844,  67821,  28654,  58449, 141227,
       131637, 110276,  84344,  54605, 103881,  53128,  69338,  53096,
        22930,   3184,  60243, 132971, 110801,  12022, 151989,  16835,
        73224,  18794,  11149, 103790, 133901, 134985,  33069,   9764,
        56438,  58711, 109539,  23422,  77107, 105571,  81660, 145478,
         9796,  97661,  38962,  56300, 152670,  22317,  58870,  50727,
        52052,  84879,  95119,  85767, 108850, 105227,  19919,  96011,
        59311,    299,  22257,   5946, 106506, 143241,   3229,  11282,
       152669,  27515,  40286,  57651,  56452, 129921,   8464, 148638,
        33024,  67863,  99935,  12812,  17319,  83535,  87842,  62959,
        80540,  46223,  60001,  71397,  38227,  61072,  31827,  10090,
       146317,  54759, 153296,  89856, 138775, 111562,   6242,  28430,
        29081, 132574,  11159,  95696,  10748,  50670,  41239,  36485,
        26209, 143556,  35886,  53942,   7805,  67158,  10883,   1247,
        68947,  49238, 144382,  98190,  38794,  33739, 139513,  87739,
       111024,  36008,  13217,  96937,  17664, 102390,  80113, 139800,
        36061,  67828,  20227,  78066,  18617,  75904, 149291, 152167,
         1139,  26283, 137491,  22011, 122137,   7891, 121947,  98293,
       146495,  28625,  67087,  43316,  81297,  24574,  55336, 128923,
        81247, 102805,  53105, 139303,  88775, 103770,  71330,  58274,
        94343, 133449,  33330, 142489, 134122,  38805, 125739,  15345,
       151848,  77316,  50073,  28565, 121187, 133878,  67908, 147209,
        87211, 103206,  61796,  26930,  15217,  27507,   8536, 130718,
       126203, 147757,  77580, 134914,  30120]), array([ 60228,  54160, 148494,  37273,  86394, 127706,  20532,  95358,
        87246,  86447,  90644,  18600,  39844,  53740,  28649, 130557,
       116914,  48651,  88793,  18254,  92044,  85707, 108901,  67800,
        65151,  74701, 118743,  14293,  15528,  13861,  97528,  42509,
       106379,  96574, 107238,  18614, 109932, 142591,  54769, 115435,
       141187,  56633, 100624, 101177,  14810,  33558,  28747, 109176,
       114995,   1966,  34506, 110355,  73740, 121295,  64708, 108814,
         8844,   1034, 134153,  98162, 110791,  32643, 143861,  17451,
        93461,  33115, 148545, 126161, 143380,   6070,  97263, 101622,
       107870, 149624,  68383,   2937,  24758,  49461, 142584, 108976,
       119903,  16199,  75156,  69362,  25326,  30052,   9955,  44565,
       142809,  11110,    804,  91003,  76758,  21558, 124880, 153295,
       118070,  68140,  10142, 109691, 146817,  31423,  19153, 150115,
        37949,  24482,  23062,  20628, 120070, 148787,  89854, 146239,
        91331,  34823,  29479,  46485,  50612, 137377, 131084,  68011,
        96525,  66759,  27282,  74307, 109827,  85939, 144725,   4687,
        19767,  11673, 140179,  66618,  41448,  90337, 110217, 146608,
        52718, 113835,  79245,  31821,  11475,  77178,  97536, 105643,
        42978,  10871,  47425,  57643,  50211,  50835,  69611,   3789,
       107234, 105684,  45702, 134744,  56177, 103173,  15265,  23705,
        66558, 150008,  41954,  77437,   1149,   2308,  28804, 142590,
         5761,  99135,  80326,  81024,  22918,  42225, 110931, 104106,
        86100, 104562,  14095,  76374, 142889, 132869,  44704,  47335,
        32041, 101459,  79545, 135817, 143747, 100077, 128898,  84101,
        82787,  72079,  93591, 106684,  30591,  61626, 117902,  96999,
        72004,  87498, 153793,  28376,  39013,  83133, 134056, 144089,
       125758,  47664,  24169, 141315, 139120,  73313]), array([ 89349, 130414, 127868,  22992, 108546, 102941, 104272,  61570,
        71555,  35985,  57162,  16670, 113556, 113831,  11493,  15417,
        82871,  46542,  17393,  47505,  67378,   9481,  25156,  84106,
       135969,  85048,  36837,  13067,  63100, 153407,   8100, 104839,
        73980,   9428, 106860,  86133,  11304, 146498,  66683,  23168,
       115539, 124137,  63296,  19903,  41814,  35415,  12631,  38186,
        94206,  44320,  89765, 149848,   4305,  54533,  94682, 111389,
       107621, 144277,  29692, 114488,  37904, 113973, 118318,  20251,
        63056,  55140,  80338,  71779,  22920,  21464, 123419,  60603,
       122815,  92552,  60356, 111433,  64741, 149029,   3690,  24343,
       116942,  94009,  42136,  43776,  86648,  21951,  99339,  75546,
        80272,  57638,  39332,  82318, 148828, 110476,  60783,  55349,
        62112,  99152,  18836, 145807, 123518, 124376,  91608,  94024,
        40108,  85029, 100176,  13121, 103377, 144992, 106663,  15271,
        55889, 111451, 101833, 146314,  51637, 108882,  68451,  97506,
        26931,  37244, 124676, 148607,  44312, 149197,  87018, 108451,
         5508,  13761, 131709, 149704,  31894, 138795, 142781, 125291,
        57300,  52843,  60059,  85452,  88666, 124724,  55312, 107105,
       141788, 117757,  63489,  80199, 149427,   4614,  15032,  79304,
       130290, 119717, 102314,  74617, 113992,  76217, 107988,  66710,
       153773,  39785,  19997, 148939,   4478, 117343,  26826,  59292,
        86185, 148554,  57376,  66370,  67840, 150157,  75591, 136726,
        84340,  42204, 132397, 133821,  19148, 111809, 152585, 124097,
       105343,  16580,  11355, 102481,  18149, 119750,  32681,  97368,
        76014,  24893, 141306, 100946,  50936,  89373, 109465,  74666,
        55080,  58650,  23957,  60111,  50384, 112331,  45959,  19666,
       103214,  60445, 106982,  76735, 130995,  78836,  98525,  34721]), array([ 34676, 132391,    401, 135883, 118666, 139426,  91951,  78277,
         7292,  40297,  28751, 126472,  66008,  14285, 142782,  49934,
       111169,  44484, 148301, 137715,  76757,  58804,  46530,  99490,
       152493, 117743,  70867,  23909,  60393,  35041,  15349, 148187,
        21436, 153272, 116378,  28544,   4934, 125574, 112618, 150688,
       147780,  59152,  29245,  83049,  32740,  89994,  45750,  17201,
        10923, 102107,   5852,  57674,  98115,   2876, 114144,  62245,
       115106,  60669, 150939,  93045, 114029,  77961,  54185, 109106,
       123309,  35592,  55696,  41324,  44057,  22382,  15664, 151479,
         5065,  80519, 152898,   1622,  66973,  76816, 119008,  65315,
        96787,  98990, 123524, 131647, 108447,  91078,  84024, 105115,
        84994, 114648, 152576, 126869, 136626,  51110,  78853,  69774,
        71148,  73758,  73154,  41390,  76463,  45192,  39497,  12020,
       105930, 132950, 152780,  80011,  37435,  20001,    609, 150551,
        98309, 108713,  20116, 136789,  76039,  93442,  81335, 129842,
        18385,   2552,  90168,  22639,  82019,  48978,  75105,  22213,
       139750,  54206,  12340,  28197,  64803,  37604,  53962, 132297,
       125756, 106798,  30714, 142143,  25563, 148241,   3412,  11804,
       101122, 123106,  33119, 125591,  50520, 126433,  26923,  45664,
       148109,  10087,  67475,  24306,  50385,  64071,  19069, 106897,
       119048,  16137,  96051,  79192, 132357,  48795, 140482, 113488,
       144306, 133402, 110936,  23975,  16796, 100589,  59690,  61956,
       151768,  32239,  52143,  64312,  63029,  12272, 106510,  15761,
        94327, 133139, 126462,   2073,  99281,  36041, 101449,  69505,
       116936,  55523,  90111,  86431,  25507, 101193,   5029, 107906,
       104026, 125258,  39642, 120987,  62374, 103835,  52905,   8927,
        17166, 101645,  58900,  77815,  17827, 141025,  50765,   8075,
        68776,  47384,  16667,  33422,  82784,  81224,  89886, 101111,
        95397,  95757, 101109,   9708,  30319,  21552, 122162,  53826,
        68426, 146841, 112793]), array([104283, 132932,  75473,  54136,  58603, 115183,  10844, 113745,
         5385,   5286,  89198,  76334, 102601,  70421, 139459,  88311,
        24624, 120792,  33347, 142446,  29568, 137673,  59891,   6521,
        86266,  43204,   8559, 152703, 140762,   4853, 104852, 100883,
        65631, 114043, 127845,   4290, 149489, 121532,  30819, 131947,
        90471,  45359,  65533,  21357,  87759, 119000,  78497,  80401,
        46321,  88783,  55322,  26637,  58373, 130228,  82159,  27553,
        69062,  35162,  16242, 120884,  32186,   2868, 124180,  44112,
        28803,  77153, 121113,  54931,  12852, 135202, 124131,   8006,
          490,  41139,  97317,  49507, 147128,  32877,  20900, 151890,
        80364,  84088, 130435,    205, 104905,  12806, 119807, 123543,
        39963,  13617, 148672,  27181,  58672, 101747,  56774,  24083,
       113081,  55972,  92501, 101358,  92687,  13378,  22523, 120309,
        86610, 148345,  80443,  63472,  42121, 112094,  93216, 105364,
        42712,  13997, 119134,  61883,  86636,  57822,  60135,  43439,
         6058,  98501,  15726,   8615,  40029, 145979, 100036, 152772,
        81015,  24922,  87199, 102928, 139469, 117864,   2792,  14978,
         4599,  94724,  27516,  39628,  84224,   7597,  43570, 133980,
       150912, 131580, 141644,  34590, 102253, 131763, 108785,  19410,
        71450,  51059,  61830,  56415,  74243,  81124, 129540,  91156,
         3236,  89493, 146766,  63570, 136879,  12505,  48275, 104193,
        69558, 110047,  95770,  56408, 110650,  85239,  83001,  79364,
        48396, 118345,   9061, 128714,  98926,  36252,    865,  25968,
       144050,  15745,  45129,  68397, 124402,  53164,  67210,  66128,
        25782,  19230,  40559,  31747, 120877,   3722,  52023,  54823,
        16907, 137089,  97223,  96906,  43376,  73497,  46604, 149100,
       118436,  58977,  95832, 137660,  91271,  74841, 117723,  23472,
        87607, 122074, 124701, 137959,  75355, 103220,  87619,   2527,
       134442, 113312, 118361,  76116, 118417,   9930, 145234,  25846,
        76787,  24244, 102058, 132819,  79383,  10294,  95615,   5879,
        14008,  65161]), array([  9346,   4945,  63340,   6177, 126058, 149635, 133385,  94512,
       121607, 143996,  23776,  41130,  79390,  24115,  57781, 115695,
       150096,  47769, 106525,  62483,  32433, 110997,  27295,  32398,
        61069,  51782, 142452,   6059, 117242,  41221,  44582, 114177,
       128930,  90492, 128951,  44731, 137932, 102065, 139251,  52159,
        47909,  33054,  15079,  98622, 124242, 149649,  49128,  79958,
        52365,  21849,   2100,  73553, 143737, 103451,  22405, 127175,
       151186,  67924,  33742, 134992, 118887,  69566,   1658,  47676,
       108336,  89079,  85386,  65847,  59095,  50824,  81645,  31833,
       123138,  36174,  33204, 148443,  40837,  49214,  62521, 144917,
        89023,  71510, 109425, 140818, 116922, 150275, 123176, 104380,
        21844,  36481, 125416,  47349,  56384,  84462, 139744,  80628,
       129303,  72999,  52153, 118455, 149740,  32767, 130713,  53203,
       109995,  74258,  68307,  92347,  48793, 132198, 130892,   1359,
        53081,  72095,  50180,  42350,  49698,  88520,  72073,  32140,
        14976, 130861,  39637, 110598,  55274,  44783, 146747,  21576,
        98024, 137217,  98587,  65157, 108729, 130034,  18030, 142691,
       139001, 115522,  77864,  21854,  52563, 133921, 149393,  83190,
       119889, 103474, 116108,  27575,   7458, 101430, 113171, 125907,
       139936, 110413, 106195, 121542,  92290, 139111,  86528, 133693,
       152077, 125059,  77050,  93415, 124871, 137581,  88927, 102295,
         2586, 107082,  28333,  41560,  14821, 101261,  73057, 141029,
        88019,  26281,  36486,  66764,  48815,  34082,  40519,  25536,
        79479, 149468, 119713, 139779,  36356,  88426,  27168,  52015,
        86292, 142551,  58937, 149608,  28509,  13554,    474, 148630,
        88127, 128027,  39755,  72513, 145542, 152396,  75717,  78801,
       119749,  82708, 151159, 130308,  68874,  32772,  79638,  68369,
        34504, 103879,  23042, 148089,   8966,  74835,  51493,  22326,
       108848,  16512,  39632,  53040, 107802,   4224,  94096,  80602,
        37659, 147898,  70765, 145978,  24580, 112042,  80047,  40879,
        61140,  68094, 137353,  48990, 117823]), array([ 60172, 147445,  76093, 148682,  75113, 113722, 100499,  24372,
        71420,  24554,  84298,   5565,  87707,   5702, 148096,  31514,
        49606,  24755,  17834,  47899, 127291, 137315,  88746, 114530,
          439,  65914,  31031,  11254, 130838, 148097, 119262,  30929,
       104408, 105868, 117834,  27150, 118685,  94130,  29778,   1435,
       106619, 147111,  84647, 110689, 132341, 122204, 105782, 101895,
         4087, 132464,  43290, 142047, 110110,  40480, 132398,  77133,
        15166,  57333,  55870,  21219,  73742, 116066, 102198,  91092,
       125370,   3322, 103485,    703,  50616,   1428, 120383,  93676,
       109642,  70528,  76076,  37417,  53563, 148846,  11574,  56811,
       142335,  96206,  53918,  97516,  29892,  96507, 139165,  21367,
        20061, 148037,  95958, 132279, 114280,  82801,  37256,  10301,
       107640, 128286, 128207, 138736,  70719,  87434, 147613,  28248,
       113035, 105897,  31878, 145747,  24417,   4404, 100904,  91722,
          293,  97911,  42979, 103068, 115848, 109401,  83083, 113444,
       123796,  19075,  36201,  49349,  71893, 143251,  44369, 123237,
        94798,  19826,  62459, 147512, 102880,  37239,  58998,  79568,
       118342,  99075,  78998, 114514, 144069, 137861,  62229, 127125,
       151812,  39318,  47336,  97831, 121549,  65728,  47385, 138148,
        23308,  94827,  24146,  82726,  15357,  36005, 133915, 144356,
       101256, 126989,  28089,  14617,  57548,  45233,  25807, 151296,
        65967,  58412,  61108,  50134,   2096,  56853, 110535,  25486,
        63788, 127562,  80303,  22176,  93981,  44309,  43782,  99628,
        70078,  75162,  65963,  16642, 149661,   4769,  26435,  94853,
       152987,  35380, 141303,  19209,  93360,  22072, 137645,  41831,
        52934,  15845, 133844, 125002,  53213,  16400, 126308,  42486,
        68437,  80153,  92566, 100213,  87174, 151752,  87927, 147224,
       101880,  21728,  66695,  44024,  66346, 128260,  79377,  56750,
         8948,  55763,  23500, 134778,  35588, 123477, 116295,  39017,
        53789,  36491,  59051,  55743,  34344,   4854,  54525,  61421,
        44735, 151771,  57277,  90741, 129962, 123554,  94308, 144539,
        53363,  90541]), array([ 48495, 114568, 114180, 149446,  97087, 146249,  87136, 120510,
       147158,  12593,  67015, 139119, 109639,  60621,  59411,   4075,
       126131,  92419,  14728, 147773,  61791,  43263, 125347, 148405,
       105956, 143633, 121782,  25581,  72635,   8043,  61045, 149098,
       108395,    408,  96072,  91611,  52544, 111216,  18054, 118571,
       121129,  27266,  80815, 136984, 138994,  41086, 120208,  62583,
       148049,  37747,  51816,  75601,  61865,  86446,  37424,   8195,
         9674,  87175,  55106,  36081,  52350, 121366, 146369,  95086,
       126959, 133846, 105724,  81014,  90965,  24194,  94743, 121684,
       142955, 109739,  44752,  35782,  10318,  83124,  98523,  29339,
       136888, 136062,   6876,   4259,  64534, 153279,  21621, 139432,
        93166,  42490,  45268,  21432,  15120, 101806,  85854,  98995,
        68122,  62051,  50821,  42065,   7759,  60359,  35132,  95976,
       130439,  17155, 131758,  24026, 137463,   2310,  35240,  10062,
        64935,  39444,  96066,  73288,  67571, 142120,  65713,  90061,
       120600, 149671, 125341,  68917,  59389, 117647,  41476, 145393,
       100818, 121623, 117256,  48138, 107208, 113036, 143873,   9765,
        97079,  33780,    695,  97084, 110357,  30192,   4977,  25648,
        57378,   6449,  86588, 136422,  70069,  21666,  19747, 108158,
        12656, 105517,  81761, 115019, 139313,  70789, 147252,   6803,
        84000,  46544,  89874, 135448, 112776,  48545, 129863,   4692,
       127381,  93813,  63634,  89630, 120658,  93757, 119026, 131517,
        37351, 114700, 114365,  93538,  13038,  60304, 125979, 149212,
        10513,  32629,  72364,  56807,  36308,    746, 142197,  66297,
        83396, 102170,  22030, 144896,  88718, 119292,  73525,  14522,
         4807,  63303,   1277, 128905, 115820, 112950, 123016,  34345,
       144834,  40356,  57872,  54990, 145050,  30107,  54227, 106801,
         8875,  74924,   3509,  73501,  71452, 138448,   4926,  75810,
        62684, 137663, 110386, 114452, 101221, 115298, 121624,  21469,
       143515, 118037,  21723,  51604,   8781, 141885, 108126,  53277,
       150419,   3405, 133620,  48894,  26807,  38018, 125038, 103715,
       147578, 135260, 126895,  43089, 148030]), array([ 62215,  78847,   1845,  88484, 133117, 148739, 115026,  23756,
        51931,  83375, 147612,  23089,  78978, 123961,  87829,   9182,
        20815,  50194, 147196,  90242,  59860, 147464, 136510,  47383,
       103778,   9330,  41225,  94778,  96259, 106661, 142753,  96601,
        24397, 132642,  97999,  92700, 121455,  65822, 127236, 126525,
       138370, 101658,  81072, 142020,  84985,  12682, 125802,  72514,
        21561,  99260,  99962, 140991,  39657,  32156,  37203,  95557,
        99996,  88550, 125996,  86401,   6686,  15117,  58206,  14658,
       140491, 118014,  82212,  87439,  75602,  87368,  76199, 105008,
        98233,  62388,   7024,  70344, 134290,  96932,  82883, 143594,
        76282,  91117, 139021, 130994, 102092,  25915, 122304,  25286,
        43635,  94936,   3553,  82575, 147021,  94197,  96781, 117077,
         9831,  86489, 114189,  62855,  55679,  70264, 130565,  47761,
        62868, 106892, 110258,  94945,  43058,  22373,  36533, 108157,
        19303, 102679,  34134, 122926,  17820, 104634,   9092, 111515,
        82690, 119998, 109921,  54328,  27656,  31177, 134944,  41530,
       123808,  52942,  19017,   8034, 101503,  52310,    239, 146132,
        57762,  40013, 146359, 146628, 124900,  65771,  97738,  34868,
        86671,  12110, 124136,  32416, 110344, 109032,  12278,  74609,
          237, 106606,  23832,  14901,  19702,  41260,  75373,  97217,
       144265,  93266,  98655,  24334,  43630,  20194,  95600,  21373,
        78367, 101196,  95704,  95470, 111247,  90182, 132425, 105101,
         8112, 127245,  87000, 106295,  34005, 134402,  26703, 148013,
        77060,  84580, 139286,  20236,  36669,  97098,  66906,  78697,
         7600, 105323, 137657, 152789,  26685, 138360,  45070,  37671,
        55481, 113703, 127674,  19322,  79524,  80140,  92047,  11677,
       110685,  93878, 125286,  89212,  34427,  29848,  49081,  94742,
       107672,  16698,  58141, 130915, 109352,  95047,    803, 108500,
       142735, 102794,  47781, 129702, 111896,   6648,  10369,  44601,
        53090,  16426,  83215, 107925,  53811,  58935,  18698,  82002,
        22421, 153102,  35845,   1798,  75441, 131597, 150067,  43266,
        17618, 150642,  46460,  70397,  24762]), array([126986,  23959,  38775,  26991,   3084, 123220, 150845,  60886,
        83309,  51698,  87432,  22048,  41065,  54801,  86976, 138718,
       151555,  29688,  23022,  61757,  55489, 150021, 125818,  29890,
        57960, 106261, 143117, 153588,    553, 112497, 111303,  43854,
       126570, 145144,  94649, 134590,  55337,  13312,  29084,  33108,
       148706, 121348, 149592,   8421,  12604,  78161, 112531,  21605,
        11971,  39678, 109332,  51024, 133652,   8048,  70175,  64625,
         6935,  57473,  39617,  40326,  22950, 130803,  59781,  73080,
        90039, 128721,  58642,  84518,  38327, 151362, 106742,  59624,
        36555, 130147, 116875, 102602,  28400,  41121, 123864, 117143,
          177,  55461,  35248,  10514, 104101,  29196,   7678, 126041,
       149732, 148925,  21018,  25014,  21862,  75166, 109902, 108605,
       137079,  84251,  69690,   1909,  40994,  75804,  95558,  94761,
        61048, 131662, 146252,  43367,  40163,   8025,  63591,  71927,
       132666,  90128,  80708,  19853, 112810,   2301,  90049,  68828,
        58798,  19176, 123712,  10492,  68593,  37527,  90613, 120004,
        91139,  90392, 106507, 114963,  39276, 107421,  72327,  13178,
        91812, 153925, 148417,  91148,  80594,  91948,  46627, 123638,
       126651, 143408, 121900,  66373,  90037, 109531, 107089,  57627,
        98777,  48072, 141628,  58409, 143809,  39723,  20886, 109301,
        63072,  37561,  45149,  49342,  80217,  62754,  28388,   2021,
       110980,  88029,  12918,  53225, 101811, 103886, 153205,  68537,
        99682,  19493,  75418,   2376,  75238,  74906, 121615,  86108,
       145879,  73568, 135436,  78845,  29028,  99872,  89903,  42786,
       110540,  48667,  33072, 114242, 148038,  53469,   1619,  28317,
       142456,  96524, 123865, 114897,  40676,  11646, 150065,  48198,
       115093,  86614,  87918,  79265,   4294, 124228,  73977,  57227,
        66393,  82219,  32105,  75963,  38404, 122131,  89180,  45276,
        65904,  24813,  73036,  85033, 117150,  28310,  41226,  87469,
        48257,   7474, 137696,  29555, 152196, 142336, 142566, 120077,
       109831,  37211, 103380,  82289,  36342,   7432,  24635,  86732,
        63150,   5598,  36123,  42481,  59673,  20782,  71567, 151997,
        75102,  85518, 148961,  40273, 138261, 110588,  60224,  46236,
       123128,  20648,  70295,  94422,  86176,  14645,  46436,  57966,
        15380,  56844,  68518,   4563, 114049, 129741,  36333,  63837,
        83918, 125157,  46283,  78954,   1143,  59025, 145781,  29925,
        98408]), array([ 56529,  85979,  17676,  13138,  72333, 143575, 115244, 146609,
        34779,  88203,  89837, 112393,  87390, 129437, 118879,  61137,
       140934,   3868,  22963, 129563,  76647,  33754,  94485,  93301,
       113783,  58225,  52380,  56278,  61498,   5652,  62981,  13589,
        31332, 123754, 143960,  52008, 104541,  17850,  95744, 106864,
       130466,  72289,  15595, 124623,  71777,  75305,  40307, 123372,
       114961, 142135, 152358,  99472,  44882,  25450,  55512, 118808,
       139212, 103742,  84558,  56411,  60282, 136466,  66972, 139811,
          416,  57316, 109570,  84335,  74984,  87284,  20353,  58919,
       106886, 108048, 120082,  72836,   3085, 109414, 150758,  35809,
        52179, 101707,  89313,  78543, 102888,  72313, 138731,   2211,
        83642,  85565,  93947,  27308,  98250,  59045, 118105,  93201,
       137613,   4051,  90662,  41744,  27720,  99411, 100206,  10644,
       115499, 125982,  32168, 113914, 107302, 143885,  18621,  67526,
        41176, 108517,  16280,  42631, 102048,  69684,  82202, 135901,
        57592,  69296,  50975,  27095,  90332, 100088,  47088, 137348,
        11657, 128915,  18590,  77330,  72998,  43114, 135650, 123233,
        45309,   1133, 141507, 128553, 129990,  83103, 139557,  63449,
        26648,  64634,  98895,  48497,  47211,  33256,  37519, 148311,
        12881,  25285,  95820,  35058,  65770,  58697,  86590, 149064,
        70202,  22994,  96172,  35314, 109517,  92120, 148320,  70696,
        51402,   9473,  47396,  73493, 122034,  45519,  16017,  14149,
       134657,  56493,   6375, 121051, 133413, 118541,  64820,  40365,
        93525, 103550, 113427,  66747,  12489, 127078, 129269, 118874,
       115815, 113788,  85095,   5243, 113314, 114171,  54736,  64710,
       146976,  72888,  37546,  33835, 116784,  98527,  15752,    848,
        67734,  90893,  82391, 125947,  96095,  11191,   9140, 103533,
       133304,  61379,  68294,  73028, 151002, 104347,  44485,  77098,
        77091, 137005,  77452, 141358,   3724,  33479, 151166, 104077,
        87791,  56524,  59943,   5661,  97622,   3247, 140588, 111101,
        68400,  35263,  43448,  65119,    882,  19344,  42527,   8810,
        32111,  12611,  36503, 112871,  89339,  42349,  31536,  54900,
        19082,  61742,  89754, 107606,  65243,  75719,  49811, 136342,
        94989,  49112, 121357, 148085,   5766,   5230, 116224,  41999,
       116612,  43629,  97016, 110943,  75483,  12382,  35175,  34430,
        42537,  46196,   6895,   9285, 114219,  21086,  33852, 109486,
        16261,  74556,  79560,  83419,  78043, 116722, 126616,  97366,
        46205,  37339,  95368,  60726,  70480,  79420,   5510, 101594,
        29814,  73639]), array([117953, 150983, 147449, 112601, 104510,  45896,  20772,  55366,
         7502, 122168, 138989, 141908, 150604,  20286, 107461, 152430,
        51784, 133297,  55453,  12763,   8922,  56611, 142097,  49515,
        74557,     90, 116698,  61609,  96628, 140611,  37415, 112367,
         2750,  38722,  89450, 102911,  29590,  60487, 102874,  32594,
         1570,   2263,  20841,  31002,  78483,  47298, 134368, 136655,
         1904, 104686,  25792, 147175,  87865,  56798,  22941,  68527,
        58462,  99033,  73799, 119138, 133524, 107379,  12160,  15025,
        86421,  57648, 140253,  34191, 113405,  38798,  49726, 148287,
        28278,  97122, 107926,  61319, 151529, 127228,  89085,  47729,
        87693,   6958,  47094,  68301, 132402, 133656,  40481,   5309,
        84494,  44801,  29175,  42800,  15951,  42718,  63136,  96342,
        88951,  80297,   8218,   8887, 129189,  69343,  20053, 133303,
       142303,  26769,  80165, 109853,  78542,  72931, 146043,  22494,
        37284,  13502,  92800, 114696,  27982,  96146,  77793,  81462,
        28499,  93274,  57006, 111537,  46185, 152501,  43390, 119318,
       132759,   6553,  80854,  34928,  17214,  45646,    113,  97034,
       130588,  74851, 108775,  33623, 127568,   2537, 105632,  48189,
       121255, 106480, 128105, 148475,  52590, 142122,  71437,  43693,
       153378, 105698, 127264,  65129,  20261,  48205,  77368,   7516,
        27481,  23593,  53709,   6849, 137186,  78238, 119741,   2901,
        60171,  99920,      2,  79519,  34901,  23044, 130433,  28759,
        75779,  72204, 119447,   6256,  27096, 125798, 131160,  88514,
        58912,  57369, 116310,  12964,  90700,  22812,  51735,  81134,
        46980,  77613,  65826, 108463,  73315, 103584,  56662,  78964,
        91858, 135790,  69617,  54906, 115575,  28847, 126880,  48366,
        16834,  64999,  41246, 140553,  19057,  25182,  25746,  47043,
       111431,  23495, 108708,  97763,  54223,  82228, 117984, 117243,
        72144,  19402, 125983, 127870,  98961,  89254,  29379,  36878,
         1865,  11379,  27212,  92038,  20202,  50499,  26158, 106816,
        33283,  85654, 150443, 103237, 141052, 116783,  87774, 132895,
        40042, 135934,  74428,  32135,  17516,  71787,  56926,  44575,
        70554, 129784,  26272, 104084, 132681, 120285, 137780,  14306,
       147085,  85461,  26323, 151945,  64724,  87926, 123348,  21242,
        93506,  67801,  54825,  92868,  17089,  81844, 137380, 110366,
       121002, 115721, 150708, 129443,  62142, 107324,  77041,  74771,
        79861,  41649, 122807, 127724,  46841,  23522,  73391,  22821,
        35706,  62144,  97977,   4826,  87600,  17624, 124182,  45981,
        75069,  41822,  32987,  15311,  23237, 116439,  99161,  84721,
        52879,  27069, 105905,  16529, 113134,  59872,   2105,  85902,
       100649,   5394,  45940,  93749,  38433,  94691,  86479,   9239,
        21131, 129208,  33750,  92860, 111648, 104718, 137966,  56478,
        88720,  45954,   1375,   5211,  41792,  77265, 121965,  11877,
        19525,  33471,  56815,  74508, 129733,  72813,    880, 142473,
         3234, 146981, 137699, 145179,  89586,   4391, 119452,  57996,
        32963, 135393, 121417,  25799,  63847,   5367,  38991,  85882,
       129647,  17069,  91402, 131079,  30241, 137862, 148396, 141349,
        31259, 113449,  41159,  82467, 152213, 153722, 123902, 114222,
         3248, 144990,  41422,  76441,  99175,  54076,  76773,  41605,
       107700,  50591, 106103, 129934, 126491,  24664,    606,   2514,
        63904,  18777,  60477,  88161,   4052,  67757]), array([ 10638,  67811,   8972,  95881,   4686,  38323, 104760,  60323,
        10519, 144282,  73152, 152864,  88923,  87560,  71574,  88016,
       100381, 117515, 114617, 138678,  83953, 121407,  12514, 115754,
       103267, 136530,  90661,  10453,  19311,  16049,  28327,   2950,
        35833,  56588,  88196, 139595, 114182, 143539,  35140, 144052,
        21507, 143688,  66194,  35544,  96652,  70792, 135784, 116591,
        30215,  19039, 106548,  70166, 104138, 130784,   3135,   6186,
        26198,  75138,  81211,  27856,  58956,  89103,  65250,  18177,
        13827,  60519, 102628,  79966,  56505,  88438,  19994,  45882,
       139109,  39631, 122455, 145211,  65683,  76412,  76660, 110369,
        40870,  15968, 130683,  49893,  39339, 130472, 148742,  95946,
       101977,   6430,  67487,  42256, 123556,  36737, 105656, 112281,
        24092,  23196, 103167,  78826, 124445,  48428,  87749,  10489,
       124071, 100494, 103396,   2066,  91305, 115711,  40010, 130160,
        37217, 153569, 108721,  40183, 135009,  70844, 117895,   8582,
        33663,  30522, 110024, 108790, 135851,   6411,  30357,  68164,
       118243, 131857, 124320,  42326,  23148,  41525, 111319,  68684,
        82183,  96115, 146558, 125290, 112493,  20321,  31901, 149924,
        35531, 115576,  74493,  80288, 127641,  69464,  66535,  12131,
        43749,  86574, 134060,   1076,  12868,   3731,   3327,  17759,
       127057,  84437,  42709,  79012,  70896,  24326,  59163,  70716,
       134504,   8162, 119071, 130294, 143869, 103091,  52498,  10590,
       145638, 153653,  32927, 141699, 140593, 137766,  80842,  93350,
        82305,   3806,   1500,  19630, 129391,  74400,  91869,  10041,
       137603, 153499, 130555,  95681,  62832,  15577, 104399,  96940,
         4649,  71087, 101406,  69732,  57290, 107833,  66426,  10852,
        35060, 144721, 127352, 103098,  36765, 149591,  90464, 107367,
        90229,  75612,  33428,  26195,  44296,  66174,  67390, 139288,
        54259, 128381, 104961, 128112, 110527, 132609, 109367, 117636,
       127004, 150502,  37855, 132365,  64489,  86565,  34002,  93897,
        46565, 151483, 145221,  25817, 121612, 115756,  76260,  22131,
       141236, 100481,  28885,  92469, 133725,  73560,  86511,  22302,
        87494, 112983,  19944, 114110, 137046,  93992,  86960, 113871,
        67118, 117405,  57100, 101243,    611,  36817,  60828, 142227,
        42412,  57654, 101556, 131130, 102283, 120019,  27376, 151795,
        99005,  88998, 120708, 126098,  86055, 131558,  35126,  71446,
        97309,  40983, 100870,  86203,   6024,  71977, 142222, 142685,
       140112, 123432,  26681, 132000, 110353, 138105,  33146, 129791,
        71558,  32058,  43171,  54885,  90187,  87782,  33660,  14517,
       104603,  20635, 150228, 108368,  56461,  54032, 105567,  40641,
       111469,  56713,  87939, 103531,  80970,  20303,  11066,  63803,
        15240,  27091, 125361,   4682,  36877,  34203, 136361, 149150,
       151440,  47929, 126522,  54654, 141192,   9255,  78342,  60263,
       117897,  40538,  21873, 134298,   8348, 112356,   9338,  79921,
       151636, 130428,  61844, 144535,  54491,  55324, 123349,  69050,
       113596, 127263, 115449,  89992, 150554, 118770,  20558,  95347,
       132280,  58108, 141744,  57658,  98051, 146144,  21866,  99521,
       136537, 122764,  34259,  97918,  46044,  86442, 136024,  55859,
       113689,  48575, 153223,  36572,  80778, 151435,  62001,  93404,
        21595, 115346,  66791, 122971,  66105,  87832,  85569,  27685,
       100069,  77960, 114684,  91666, 146065, 149281, 146303,  41633,
        20385,  98492, 130046, 136782, 120798, 124171,  71466, 100174,
       145862,  17525,  66712,  84839, 115407, 146269,  94527,  23128,
        22615, 150316,  68577, 141980, 124655, 107015,  20256,   5772,
        84375,  31124,  19574, 124726,  97503,  78486,  79144, 149482,
       153727,  50298, 127386,  52399,  23701,  58586,  49443,  84410,
       125988, 111412,  73088, 135077, 142549,  20119, 114977,  18918,
        41223,  11164, 150977,  94121,  77001,  72235,  90393, 109387,
        76888, 140851, 123487,  11663, 109898, 111139,  56512,  37913,
        21891,  97933, 112396,  52383,  78766,  52331, 115687,  88881,
       142247,  10187,  12203,  46615,  15544,   8908,  75840,  83147,
        55677, 107720,  29855,  83060,  11916, 132403, 128859,  10123,
        99665,  42026, 125021,  89325,  67793, 148061, 102654,   8272,
       120398,  98912, 132217,  85469,  98576,  84483, 134850, 110306,
        18183,  52223, 151174, 132499, 137698, 119859,  67321, 123832,
       145411, 101749,  95775, 120209, 105586, 146570,  13758, 118113,
       128688,  18317, 153810]), array([120341,  32151, 128539,  68583, 134618,  29169,  82894, 108156,
        96339,  35787, 118003,  18390,  77727,  47453,  97923, 124197,
        57754, 123806,  18352, 139090, 111022,  37920,  59706, 138411,
        43515, 100972,  87137,  11021,  70521, 140710, 135978, 132742,
        98332,  13001,  25471,  67042,  21720, 108173,  48647,  87866,
        98386,  22692, 121137, 128700,  21671, 140541, 131521,  33364,
        90060,  32172, 153042,  21964, 111482,  24845,  54943,  23702,
        42170,  65596,  23765,  48881,  39543,  19615, 135557, 116033,
        52167, 114892,  27094, 122459,  19988,  19905,  62668,  19179,
       128846, 130398,  97624, 124844,  60920,  22109,  51743, 149268,
        96174, 138386,  56702,  82082, 153087, 125737, 144179, 139726,
         7802,  44195, 142104, 102951,   1214,  96602, 119992,  15917,
        65629,  32641, 138665,  48542, 113346, 130903,  44417,  64542,
        18778,  15861,  13367,  76445,  64697, 129161, 128817,  82143,
        57481,  99802, 120135, 148435, 103127, 113021,  93549,  95743,
       116272,  23990,  36594,  97812,  74774,  23857,  78213,  61512,
       138906,  30972,  77544,    486, 119172, 119443, 135064, 118836,
        90951,  13073,  61071,  81695,  15075,  10451,  10545,  16131,
        89668,  17825,  61075,  25656,  73798,  29882,  54267,  95791,
         9881,  69532, 102213,  80790,  17475, 152760,   8398, 145863,
       146379,  52957,  72556,  49299, 119861, 118383, 141882,  10932,
        63666,  87312, 145191, 119782, 115102, 106001,  96915, 103649,
       116131,   6607, 101219,  36881,  33982, 101316, 136029,  28689,
        91890,  82778,  13573,  95814,  77199,  10189, 130563,  57715,
          229, 151317,  27902, 151514,  19043, 113764,   9625,  73669,
       105376,  80896,   3708,  57771,  30837,  83371,   3470,  24610,
       110398, 108180,  39453,  81401, 104062,  45148,  70502,  71631,
        74562,  20346, 124943,  42255, 126064,  59029,  68512,  32012,
        58033,  59976,  28695, 130692, 104491,  89159, 131518, 129835,
       105331, 150595, 143146, 143232,  56603, 119845, 148218,  53474,
        75466,  72778,  59518,   4556,  86591,  97921, 118001,  46170,
       140398, 152967, 151777,  59252,  93479,  20403, 114646,  29206,
       149799, 120058,    456,  48537, 101486, 134941, 138354,   2110,
        82658, 136391,  37051,  83545, 108596,  84708,   2684,  98125,
       130116,  18890, 110480,  83289,  21981,  98197, 121533, 145650,
        80324, 142937, 106414,  53612,  58952,  95877,  57268,  63357,
        50694,  14112,  13274,   3965, 118819,  13194, 143427,  38211,
        90833,  28820, 142989,  78984, 134066,  44375,  78004,   3394,
        42810,  14476,  17801,  31331,  57158, 117347,  59327, 122287,
       119506,  79314,  42619,  74478, 143072,  65188, 105384, 116460,
       111576,  45279, 103689, 118722,  96343, 105799,  77338,   3066,
        79798, 110872,  35848,  31067, 131616,  46380, 131636, 125321,
       142118, 126255, 124976, 110678, 113555, 119605,  65163,  60292,
        38318,  33583,  50781,  40148,  26868,  12133, 152676,  67602,
        15044,  50646, 125241,  74628, 145212,  67561,  47597,  54809,
        28190,  51359, 150117,  49819,  63725,  30803, 123817,  39364,
        55093,  89034,  29431, 143527,  66356, 111772, 108924,  97614,
       116300,  50454,   4475,  73262, 150811,  48320,  39015,  22579,
        55754,  20187,  74619, 118783, 114010, 122349, 115403,  49716,
       117386,  56868,   2467,  32253,  36795,  78994,  95023,  72150,
        55953, 144287, 100004, 133619,  80344,  32897,  79838, 142954,
       152366, 152610, 147324, 110154,  97572,  32428,  81895,  58417,
         8547,  43356,  20489, 139248,  21227,  86163,  41163,  78439,
        95616,  32890,  35269,  76545,  20367,  92617,  36388,  35049,
       130144,  33878,  28312,  99203, 139608,  38157,  55218, 117507,
        83728,  42581,  65888,  90554,   9829,  98045,  29972, 134137,
        71398,   3832,   5329, 151770,  22989,  89143,  41800,  57315,
       116058, 136910,  93349,  84076, 126257,  10432,  76746, 127753,
        91547, 135433,  36598,  42137,  87230,  84866,  64336,   7118,
         9723, 139689,  70665, 109174, 115991, 127366,  36714,  81367,
        64443,  98695, 142070,   7083, 144106, 118563,  50103,  37984,
        81615,  61990, 140660, 100474,  80736,  27892, 151329,   2270,
        65053,  18079,  68895, 138253,  99748,  15140, 110691,  10273,
        99551,  14399, 143134,  73462, 138658, 150968, 113376, 146894,
        20646, 148517,  19389,  26117,  63217, 150608,  82824,  47961,
        58083,  20606,  55734,  54339,  82168,  94888,  41391, 107007,
       127123,  18897,   9299,  58551, 135115,  54927, 109424,  82669,
        94659,  27810,   4497,  42746,  50701,  69609, 150899,  86038,
         7951,  62440,  82850]), array([ 66868, 103470,  72085, 130314,  71512, 146923,  54028, 150830,
        91072,  13233, 116054,  83530,  18126, 137045,  47843, 150034,
        85414,  40958, 121763, 131287, 115594, 128284, 130180,   5733,
        40210,  13796,  91501,  31334,  95843, 133389, 118268,  77400,
        98708, 120292,  58767,    762,  63090,  78132,   2679, 142164,
       149199, 127797,  12960,  63008, 104494,  18632, 149417,  37582,
       111771,  20620,  67192, 113687,  63730,  31581, 105759,  48312,
        17417,  92099,  85887,  89013,   3879,  21314,  83790,  20126,
        86892, 147878, 104046,  41405,  43647, 124410,  21364, 124867,
         8453,  68082,  80280,  48472,  12194,  18348,  18517,  99255,
        67159, 153714,   3759,  32929,  76852, 134248,  64183, 152925,
       112594, 137913,  64223,  96450,   3623,   1348,  56932, 133383,
       103412,  94463,  76348,  12230,  92541,  52106, 150904, 110202,
         7832, 143056,  86145,  54796,    471, 120088,    773,  73771,
        85824,  53933,  88575,  39796,  80084,   1653,  34623,  26719,
        17572,  37502,  59854,  87442,   3998, 148852, 101946, 105502,
       111054, 129915,  90209, 153780,  38655,  11726,  62364,  51504,
        43063,  64514,  58746,  75905,  88745,  77407,  57484,  92483,
        57837,  41843, 114204,  13016,  80454, 132736,  53139,  62898,
        71167,  61895, 144159,  39999,  34354, 129436,  49941,  55545,
        89962,  64154,  59847,  78284, 119446, 127597,  68536, 125976,
       136225,  69634,  35548,  15737,  69106,  21320,  64777,   2047,
        59707,   4848, 144244, 147246,  58035,  72272,  87642,  79856,
       133497, 140606,  91880, 146775, 121436,  86608,  62601,  88732,
       102680,   3374,  26168,  51971,  92254,  92870, 118584,  36853,
        49464,  74043,  32599, 110930, 113971,  66206, 115014,  64725,
        52151,  84482,  32363, 133754,   1731,  60556, 103996,  53062,
         4937,  15644,  49413,  26066, 151469,   9076,  28446, 107098,
        54810, 115508,  41288,  95100, 102052, 102798, 128144,  51221,
       138998,  64713, 147919,  52042,  44451, 135086,  30748,  15434,
       109703,   6602,  40680, 121699,  68552,  85055,  40211, 141561,
        70133,  45288, 146738,  61068,  93104,  21830,  67187,  32004,
       149977, 121880, 147609, 116396,  71688,  21238,  28962,  45898,
       145181,  83451,  78877,  15402, 142262, 126378, 125013,  36860,
         6845,  21153, 126460,  43127,  97476, 126468,  14726,  31866,
        82542,  83457, 126683,  42465, 140542,  64969,  81064,  40928,
       111438,   9031, 147851, 114569,  81632, 119203,   5462, 136961,
        70715,  47054,  40980,  24038, 114778,  41040, 130907, 122712,
       141096,  91849,  30858,  54910,  31064,  17856, 119307,  68870,
        29295,  19465, 132372,  59059, 127790, 100072, 140621, 116707,
        33039,  90072,   1217,  12555,  18463,  65979,  56425,  29001,
       100560,   2259,    686,  42279,  78145, 122915,  36311,  54884,
        56009, 150431,   2964,   2663, 149033, 129107, 103072,  85673,
       114154,  11256,   2172, 137008,  80211, 114079,  98026,  59211,
        83081,  80457,  66212,  98881, 128889,  52822, 111512, 134045,
        50779, 117039,  97176, 148402,   6583,  54687,  48083,  18625,
       124970,  29303, 138710, 123342,  74207, 112105,  10690, 108545,
       106640,  18689, 104091,  11416, 116160,   6662,  10287,  51993,
        92014,  64556,  87778, 116968, 134037,  67711, 151295, 111471,
        91652,  42387,   5563,  84598,  54520, 121228, 107295, 143568,
       148661, 133073,  20533, 151756,  48402, 137119, 151157,  70908,
        40299,  33273,  71726,   7337, 144380,  39566,  29630, 144428,
        71840,  33553,  55375, 147344,  24960,  78016,  90448,   7827,
         3845,  86273, 147470,  41666, 120091,  72947, 122956,  26299,
       138383, 136482, 111018, 121105,  67582,  75269,  17908,  57385,
        63880,  51615, 132194, 130877, 137095, 142935,  77230, 128517,
       120858,  17738, 151245,  86022,  35110, 106603,  41327, 113635,
        78830, 112659,  48099,  83511, 127763,   4827,  97284,  71441,
       113353,  11333, 133550,  79203, 100322,  27907,  89838, 131060,
        33815,   4530,  91099,  24846, 145990,  53106,  36448, 137041,
        36248, 135873, 110101,  14709, 134318,  46419, 123640, 100807,
       153367,  95626,  30954,   5414,  27585,  98759, 131364,   5530,
        25013,  70916,  26746, 135531,  66782, 105112, 145703, 103885,
        43386, 133080, 137470, 134050,   5078, 119922,  40470,  62097,
       107683,  42508,  42878, 146126, 125863, 103406, 136333,  87178,
        90161,   2793,  39356,  51788, 136817, 106973,  10542,  31994,
       126867,  79738,  24653,  47130, 116543, 115676,  33439,  85919,
        56296,  40990,  24421,  40113, 152680,  27084,  89976,  66517,
        10975,  42902, 128071,  51285,  40510,  53550,  53938,  60644,
       133778, 143788,   3502,  15647, 102973,  31710,  89779, 118827,
       135874,  61675,  65856,  39972, 103578, 133338, 113786,  40129,
        72456,  83795, 126265,  72595,  13675,  12150,  36673, 127211]), array([ 61726, 111468,  93752,  13385,  66637,  63747,  75852,  39058,
       127276,  83816,  75165,  79783,  28778, 151546,  55550,  78170,
       152809,  72428,   7698, 153578, 108305,  49066, 133696,  80668,
       139421,  74482, 108465,  56746, 139061, 151146,  86726,  89471,
        81421, 100044, 150207,  24895,  65901,   8632,  19641,  79552,
        52867,  35230,  84086, 116859,   2302, 113846, 113105, 131045,
        75652, 135325, 117513,  89629,  40981,  59223,   7707,  97023,
        30763,  82519, 131505, 130564,  78023,  14570,  20398, 146396,
        95111,  16247, 113643, 144586,  54310,  17586, 113637, 151365,
        19301,   9833,  17610,  17306, 132364,  88814,  19146, 100253,
        61142, 126315,  49021,  11606,  80373, 150078, 103700,  25096,
        59197,  33141,   1086,  33496,  57543,  24096,   6476, 103652,
        99820,  74929,  24061, 126008,  42999,   2281, 119037,  84912,
       148359,  35525,  26932,  87710,   6815, 138019,  24740,  38444,
        42875, 116100,  10946,  54047,  98498,  16429, 105882, 108521,
         3250, 111626,  28103, 114122, 144545,   8014, 133093, 146401,
       125938,  67695, 115713,  14412, 117236,  52438,  50200,  75136,
        34312,  14870,  69686,  16549,   9293,  16063,  74881,  49195,
        41637, 103671,  39558,  76775,  18706,  67636, 121608,  18958,
       126409, 100175, 103612, 124289,  43625,  53089,  12832, 102578,
        61667,   9370,  27201,  23000, 107977,  85551,  85537,   7989,
        59031, 119515, 112874, 123578,  37039,  62984,  62424, 113590,
        11963, 107063, 119732,  96806,  76705, 125271, 101928,  71719,
         5524,  58728,  90331,  59160,  99961,  11639,  27467,  48833,
       138616,  60116,   8831,  31342,  49471,  64624,  93446, 130632,
       138323, 105642,  41179,  13748,  68764, 144365, 145035,  47138,
       104649,  82802,   4671,  30992,  83943, 153835, 140268,  60418,
       132303,  43953, 111467,  94781,  60480,   5232, 116935,  23199,
        38556,  81643, 100180, 105498, 133700,  85730,  86549,  54072,
        58465,  52322, 149300, 101495,   8626,  82577, 143762,  28720,
       119800, 102926, 110412,  57204,  87040,  10167,  64113,  11270,
        23542,  89551, 141392,  84398,  69710,  44757, 119412,  79441,
       130733,  55052, 130239,  20383, 130778,  76958,  33692, 112588,
        12484, 136825, 119553, 147337, 139434,  57509,  38812,  81962,
        65915,  74417, 123002, 122343,  31426, 148213,  76719,  96942,
         3087,   5867,  95454,  80752,  78313, 153088,  20548, 120741,
       152166,  78727,  89048,   5226,   2033,  84533,  34718,  27658,
         1222, 103808,  31795,  75301, 112569,  54320,  61720,  63040,
         5015, 153609,  87930, 126579, 107094,   5795,  90357, 127962,
       128158, 110501,  72486,   2460,  98562,  37230, 132568, 145399,
        74818, 137614, 112778,  46939,  63289, 115698, 153596, 107772,
         5876,  29852, 100157, 129219,  14782,  11322, 131694, 149223,
        88929,  63635,  64239,  68865,  20343, 150075,  24819,  84038,
        32372,  44503,  20404,  34889,  88126,  13826, 142525, 115401,
         4821, 115161,  34040, 113234, 104239,  12966,  37789, 130427,
        90247,  33520,  54466, 111368, 104319, 122498, 121555,  70813,
        33567, 142864,  95136,  36326,  79008, 144165,  79219, 111092,
        81597,  77363,  83388,  88247, 111325,  89725,  81610,  81227,
        63208, 147983, 101561, 100930, 145791, 108677, 106109,  94215,
        20163, 135538, 123086, 139929, 103438,  52456,  44227,  32820,
        51846, 135159,  49347,  35893,   5544, 133788, 145286, 120470,
        14761, 132204, 112293,  70782, 118129,  56961,   3280,  98788,
        61959,  90970,  22780, 101301,  34685, 140657,  89160,  30128,
         2185,  34986,  20387, 115031,  50745,  62434,   2464,  69846,
       108916, 102979,  25353,  49353,  86780, 106602,  46664,   1967,
        73411, 102386, 103510,  32770,  54329, 148651,  58358,  30327,
       146960, 141705, 107339,  31459, 153312,  19157,  87331,  49122,
        76206, 120438,  18631, 132396, 150872,  68642,    890, 102771,
        74352,  48055,  72122, 144529,   5060,  60207,  91391,      1,
        81906,  40621,  52273, 120543, 108335, 101571,  80652, 121131,
        41042,  47506,  25627,  58301,  81768, 118202, 135556, 113779,
        85151,  72727,  96847,  83082,  62027,  66538,  84202, 144657,
         7642,  13955, 107478,  26973,  58722,  54376,  78914,   1370,
        28641, 136969, 110103, 136028, 121971,  24592,  70623,  76009,
        20218,  85781, 140267,  55818, 121819,  55156,  92535,  35564,
        70786, 102032,  52527,  66041,  28211,   7496,  45742,  38124,
        17911, 134094,   8187,  54935,  86518,   6243,  94173, 115827,
        94428, 147929,  95745,  18019,  64431,  54777, 151821,  47301,
        93867,  10397,  90534,  31152, 122452,   9808, 113673,  46592,
       128203,  62316,   9653,  44158, 146454,    627,  12984, 152112,
        85784, 142374,  31149,  74309, 106243, 128089,  83909, 146443,
        46309, 112330,  68534,   6976, 137908,  59819,  29484, 141497,
       111584, 130539,  79544,  38940,  81892,  72510,  52218,  55865,
       106406,  60961,  65974,   6399, 149622,  83307,   5208,  43023,
        27388,  24892, 116065,  37002,  71599, 143896, 119166,  37992,
        53656, 122226, 140256,  11354, 127923,  97859, 132634,  15476,
        45585,  90510,   3840]), array([ 52645, 127939,  70807, 119943, 120119, 145213,  22972, 152836,
        41149, 124472,  84750,   2605, 114690,  59091,  14991,  80776,
       135435,  30406,  23249, 150225,  15786,  53651,   8945, 147740,
       127587, 138053,  57796, 122274, 136060,  47537,  21493,  37025,
        59838,  44068,  92277, 148493,  51261, 105242,  98937,  82182,
        70452, 133953,  68374,  85531,  73412,  97388,  44356,  30084,
        94450, 130201,  14103, 107924,  46293, 140580, 129813,  19798,
        89124, 142577, 128339, 136672,  97515,  11450, 120559,  75910,
        26600,  58355, 116970,  19362, 124663,  44177,  68989,  89855,
        76117, 148094,   3898,  45412, 142913, 134346, 150558,  57078,
        54476, 142319,  71010,  34665, 140537,  23355, 109850,  25583,
        75070, 110906,  91594, 127466,  97872,  72166,  25469,  74484,
       128146,  70904,  97044, 116254,  69519,  29873, 128907, 114268,
       150262, 132788, 138431,  57270, 115218,  86873,  34624,  85287,
       117552, 123802,  68692,  63562,  63778,  81195,  21599, 119289,
        59169, 129183,  49728,  92171,  43810,  62845, 152046,  48840,
       153691,  76198,  59379,  89814, 138838,   3912,  93225,  74912,
        50325,  81625, 153760,  70253,   6990,  62063,  48875,  77010,
        53133, 120181,  99806, 138666, 139390,  32397, 136240,  14180,
       131678, 143390, 102000,  31315, 117228,  20857,  15426,  77238,
       145993,  91002, 123692, 153349,  85351,  79954,  50310, 104075,
       134518,  36289, 133330,  36778, 127115,  81998,  24070,  73143,
        98962, 104474, 116134,  41820,   3369,  51823,  58877,  83194,
       153158,  99811,  90592,  35814,  26875,  45612,  51889,  96501,
        13803,  45105,  58710, 142246,  81779, 150392,  14060, 108705,
         4270, 104714,  78220, 141403,  58360, 111463,  21609,  92674,
       106783,  57603, 121859,  37423,  77896,  59646, 121470,  38274,
       141620,  18146,  26987,  85619, 150072, 134973, 108759,  17023,
        29386,  47783,  26230,  71269,  34582,  44150,  61874,  69484,
       100169,  53188,  31010, 113570, 142287, 102042, 150525,  28223,
        21318, 117159,  61053,   7386,  63154,  84774, 124604, 136623,
       129552, 121778,  70016,  19101,  56447, 112602,  63469, 149076,
        37053,  10654, 138945, 118051, 102801,  12187,  47713,  98374,
         4414, 135206,  37038, 132456,  53901, 141254, 126045, 149707,
       131010, 126276,  56154,  59897,  75614, 120991,  49940,  99404,
        40141, 147895, 107865,  81157,  77376,  30044,  99078, 133894,
        25517,  43296, 139581,  63724, 139817,  54776, 130769, 152762,
        43092, 134076, 118019,  66406,  62246, 126074, 151078,   9929,
        54264,  91598,  47274, 111363,  55343,   9892,  17251, 125550,
       111400,  81451,  77032, 145936,  45059, 137692,  95080, 144974,
        41252, 147371,  35823,  99433,  14402, 153040,   8858, 110970,
       108575,  67483,  86063,  27838, 142966, 141756,  29416,  68415,
       145620,  55957,  29321,   5933, 121589,  49948,  55412,  16947,
        57024,  29426, 137801,  41213, 133515,  85221, 102412,  79241,
       101579, 139681, 117458, 146057,  35005,  78104,  77693, 105344,
       115573,     44,  28482,  26627,  54993,   9256, 143524,  61811,
        75159,  25106,  53750,  92378,  69399,   5551,  65172,   9686,
         7682,  55397, 138162,  41013, 121676,  78191,  81434,  80502,
        69170,  46727,  38827, 109754, 116129,  52781, 114783,  60766,
         8644,   6707,  97945,  42483,   3471,  18764, 135295,  99750,
       134179, 133031,  68643,  24588,  53997,  57459,  90329, 129592,
         8609,  62661,  25313,  92448,  39673, 140152,  13448, 146589,
        65203,   8549, 104390,  71788,  22314,  66475, 106605,  96873,
         4773,  82152, 100080, 149843,  71204,  64663,  16085,  86169,
       146415,  16800,  26511,   4382,  35996,  88659,  78905, 118289,
        93320,   5432,  20037, 114306,  26446, 140940,  33021, 153534,
        73403,  29020,  38312,  32947,  22261,  58266,  28232,  95802,
       120440, 105998,  94193, 121175,   7702, 152443,  90233, 122124,
        95375,  68217, 148164, 133946, 123472,  83017,  13689,  78192,
        23395, 140073,  92482,  55507,  30397,  48886,  30379,   1932,
        73069,  95101,  40656,  84971,  17867,  15976, 132528, 101197,
        70441,  51508,  37685,  74762, 136046,  64544,  36761,  12118,
       108314,  72244, 152563,  13531,  44132, 112643, 150129,   1410,
       132554,  74712,  14209,  99368,  91799, 122736,  13074,   8297,
        82309,  52641,  55563,  50438, 135841, 127258,  30034,  26458,
       114575,  18750,  75912, 121889,  20243, 124141,  52489, 100768,
       112683, 108460,  75608,  97177, 122989, 144821,  55317,  76980,
       124891,  46181,  84472,   7666,  29685, 120859,  45209, 130584,
       148445,  65014,  64024, 111037,   9390, 136524,  83851, 135106,
       105081, 142944,  26349,  19269, 144202, 153562,  14391, 153080,
        93926,  35514, 100910, 112916,  50252, 109883,  63137,  24904,
        68773,  69849,  37106,  23558,  14252,   9064,  36402,  36925,
        14200,  34884,  71449, 153828, 110988, 144416,  36195,  46345,
        78286, 135798,  58638,   5198, 127690, 147964, 112891, 111568,
        74179,   8811, 139654, 138410, 124237, 147421,  40906,  68929,
       136174,   9132, 133002, 131944, 131776, 110385,  76232,  48884,
        82162, 146422, 139646,  10599,  62021,  77015,  63113,  60274,
         5870, 109687,   8507, 104534, 134885,  68454,  12016,   3157,
        65917,  88212, 142180, 118389, 108957, 107445,  79269,  28909,
        72330,  27288,  61665]), array([ 22667,  71112, 153173,  46104,  74656,  17211, 108117,  68935,
       108477,  64284,  58405,  70947,  91811,  83732,  78947,  60889,
       127952,  60506,  53064, 106751, 124548,  11264,  68233,  16133,
        87846, 142998,  39240,   8170,  54346,  28477,  92168, 108809,
         7836,  95906,  79707, 118610, 130463,   4550, 145560, 148069,
        41881,  90638, 140663, 100042,  27081,  89666,  27315, 125995,
       129980, 108270, 120535,  81770,  58100, 146116,   5624,  15667,
        89408,  79611,  99867,  38397, 116771, 148922, 152220, 152510,
          245,  38280, 125833,  40563, 146767,   6042,  68595,  46812,
       101591,  70569,  64768, 110776,  49103,  93535,  31092,  54690,
        92355, 103644, 149784,  71883,  44160,  29179,  73572, 131367,
        24807,  24355,  50620, 144493,  62809,   6258,  93962,  23818,
         9409, 135354,  79726,  40465, 143681,   4284,  81991, 132021,
       140342, 119591,  94674, 123915, 103482,   4838, 102708,   2776,
       129808,  73687,  59400,  38593,  70505, 148676, 104973,  49757,
       145900,  52505,  54045,  62948, 104470,  36450, 118121, 127624,
        22194,  25375,  44233,  62392, 116290, 119831,  49537,  84643,
        57725, 152702,  96729,  32065,   3869,  18714,  60229, 138036,
       138760,  70802,  93095, 127293, 142715,  69223, 153681,  83399,
        54614, 123887,  69561, 136279,  27110,  84591,  57834,  31373,
       119781,  26334,  95930,  68446, 105802, 138843,  71038,  62709,
        12684,  59057,  55502,  18871,  18822, 103890,  56229, 132607,
        19850, 112872,  11540, 146054,   4043,  27352,  43329, 118720,
        30675, 131601,  73730, 136434,  38535,  23182,   7481, 129710,
       102655,  37564, 142098, 137756,  41863,  32795, 129153,  97714,
        68366, 123436, 119345,  58478,  96485, 100348,  23145,  86771,
       124341,  64714,  68521,  17595,  58996,  15698,  49173, 110349,
        70697,  42819,  29538,  37052, 103496,  17236,  37379,  36655,
        16236, 110555,  34004, 135568,  76248, 115726,  77168, 123662,
        85472, 147922, 133779, 103732,  70843,  60042, 124392,  46951,
       150500,  88790, 126801,  68817,   4088,  75024,  49426,  96064,
       114571, 115684,  97467,  65007, 111307,  12080, 133758,   7348,
        55990, 116665,  95225,  66504,  97850,  23825,  49976, 119039,
        10022,  84933,  53668,  46774,  34474,  16539, 151862,  70035,
        95148, 109094,  33063,  14454,  34856,  22766,  28256,  73788,
        68110,  52830,  28666,  66792, 111691, 112579,  98225,    342,
       141530, 137161,  65272, 127000, 118778, 149038,  25248, 127779,
        98521, 135602,  77517, 109593,  78948, 126138,   2631,  74540,
        45090,  20757, 119184,  37727,  73119,  60017, 122854,  74342,
        23940,  91474,  66286,  42091, 142811, 151586,  58626,    982,
         6327,  36708,  80888,  54388, 124011,  35253,  27651,  25672,
        45221, 111476,  33973, 118232,   1354, 137606,  17809,  83552,
       125779,  53817,  88739, 127874,  85618, 140971,   2831,  80190,
        75958,  93750, 140248, 100992,   6037,  40207,  69515,  17675,
        96518,  57919,  37794, 120814, 107330,  27762, 136962,  45177,
       106091, 112001,   4267, 118694, 104677,  17900, 142679,  55994,
       128780,  86905,  65562,  48966,  50280,   7456,  13578,  84590,
       143504,  66778,  91833, 145595,  45342, 119710,  49071,  94727,
       146529,  90896,  79407,  60657,  97265, 117506, 132082, 100703,
        93647, 147696,   2702, 142490, 118668,  63824,  68413,  20524,
         7653,  37019, 126096,  68249,  61973,   8767, 138357,  60881,
        60674,  58448, 102292, 137177,  83506,  24637, 129295,  49099,
        66515,  89311,  23743,  16176,  61795,  29649, 151312,  53687,
        74184,  31270,  27747,  96864,  94224,  59864,  96833,  80937,
        24738, 127971,  72060,   2740,  55855, 136780,  68852, 111162,
        52069, 104433, 101949,  75688,  72226,  37950,  92888,  77786,
        37321,  40375,  10743, 107262,  41307, 109000,  16795, 116154,
       139205,  43189,   7165, 115585,  40534,  47756,  19238,  95154,
        73949, 118106, 117415, 150722,  58854,  99041, 138384,  29396,
        67269,  35707,  70150, 121955,  97779,  68247,  31464, 117818,
       145980,  20441,  30806,  86705, 119461, 144739,  76613, 115715,
       135559,  34282, 139112,  75970,  59335,  43828,  24022,   1758,
       106687,  26382, 101701,  80252, 115504,  46049, 103614, 141820,
       137679,  70926, 150285,  67240,  15572,  35619, 121130,  23458,
        64407,  26295, 103244, 125287, 105461,  67247,  11007,  77843,
        15533,  43502,  10395, 141138,  31642,  14350,  41859,  42683,
        67536, 115772,  31243,  77904,  74429,  66407, 105768, 105566,
        83830,  12395,  98988, 121747,   3001,  58938,  34195, 103015,
       119758,  66949,  79425,  13173,  13968,  87947, 103357,   8451,
         4129,  57553,   2493,  17843,  10314,  75030,  41386, 102051,
       102003,  36213, 130185, 120357, 115949, 106075, 141790,  61832,
       128132, 150944,   6440, 102789, 105568,  12228,  53405,  15282,
        17054,  22477,  42008, 137631,  99964,  47900,  44767,  17439,
         7287,  26080,  52589,  60034,  82134,  23543,  60186, 124280,
       152165,  72610,  57708,  72317,  20778,  10608,  95018,  82987,
        22211,  78409, 150763,  94947, 120057,  22021, 100669, 117020,
       142962,  91664,  16851,  96846,  53217,  26816, 122173,  85691,
        57702,  49319,   6362,  92936, 101465, 132497,  93869,  29284,
       115972,  81600,  18371, 105952,  85520,  41727,  16022,  82208,
        67194,  10365,  66907,  15118, 121840,  96475,  31401,  98612,
         2388,  30962,  20907,  17363,  79719,  43964,  28846,  71406,
        21773,  96739,  64970,  65389,  34907, 148328, 139033, 139787,
        79034, 153806,  22088,  60464, 152793,  45622,  61868,  37922,
       121397, 102124,  78700,  82955,  69047,  86200,  64184,  83592,
         1514, 100251,  58954,   1521, 107542,  79345,  67467,  15226,
        63995,  91744, 106795]), array([ 17802, 129598,  72329, 145494,  96808,   2097, 145889,  55221,
        62875,  12261,  75357,  34309, 148438, 125594, 143540,  40466,
        87525, 124236,  59052,  30701,  81677, 139099,  76204, 128947,
        40353,  70742, 134752, 145405, 138659,  27897, 142708,  88511,
        38996,   4303,  22330, 117215, 105351,  14083,  42413,  85210,
       136073,  71799,  64025, 118391,  38298, 112708, 129830, 111374,
       119051, 130085,  51448, 120547,  29207,  47475, 106641,  13618,
       121007, 145099,  92026, 137450, 137298, 110169,  30369,  78363,
       141160,  36790, 122031, 129473, 122633, 129394,  45709,   5426,
        40122, 117191, 111989, 141803,   4412, 112189, 109156,  43274,
        35937,  16408, 151613, 124379,  14100, 147504, 113002,  95168,
        46660,  36977,  31652,  63713,  53338,  45761,  85526, 133954,
        82486,  46014, 121143,  80293,  59875,  96520, 113407,  27183,
        98102, 126163, 134462,  86400,  80800,  65156,  64254, 149922,
       121913, 115809, 112786, 114633,  54351, 145994, 146208, 136751,
       100053,  49227, 104522, 144418,  70517, 130572,  30798, 115651,
        14199,  86923,  25894, 129026,  27203, 151519,  28224, 144803,
        95441,  78002, 121248,   3163,  28121,   6780,  74824,   7039,
       103038,  21236,  41934,  65306,  25394, 117871,  17361,  28555,
       138481,  99834,   7172,  91731, 128136,  15831,  64635, 142748,
        34817, 115998, 128815, 147070,   3292,  50480,  93627,  62069,
         6579, 113186, 121717, 114545,  20475,  86498, 110323,  76037,
       114158, 153500,  77047,  86848, 119160, 117910,  41799,  48377,
        10470,  30779,  17743,  33960,   7106, 100966, 134260,  69229,
        80198, 101129, 105119,  69266,  50249, 148397, 141525, 136903,
       145466,  52451, 149620, 140213,   9961, 135642,  48632,  83902,
         2427, 152548, 143940,  33524, 127348,  71060, 101394,  56636,
        23234,  54891,  61399,  40754,  95550, 126371, 134394,  56897,
        17940,  11956, 107188,  71578,  97784,  90394,  63857, 121044,
       127082,  79995,  88817,  61419,  44549,  68057,  34039,  26792,
       121122,   2074, 112873, 106121,  67241, 136965,   4448, 134770,
       117197, 110042,  59791,  10535, 100243,  84693, 113195, 123508,
        26808, 141768, 100443,  15774,   3786,  96353,  83047,  36399,
        90562,  87574,  10152,  37091,  59584, 117921, 102028,  67002,
       119198, 146566,  14462,  12619,  34024,  22512,  86474, 138773,
       143274,  54305, 148869,  94873,  72323,  97797,  51778, 114012,
       104242, 140099,  47480, 111737,  15100,  43724,  58092,   5115,
       124996,  21074, 124201, 136774,  43648,  51192,  76026,  29486,
        86794,  13655,  90221, 145869, 145856, 127774,  58264, 141024,
        30334, 119727, 105321, 148243,  15354, 134048,  51273, 148746,
       122177, 150390,  10161,  22361,  74542,  25752,  93143, 140351,
        19266,  88840,  45128,  16208, 152969,  74019,  94532,  32430,
        90828,  29280, 140752, 111823,  74489, 107032,  65788, 108985,
        82100,  67078,  93117, 121755, 130796, 104624, 100618, 112701,
       120617, 153284,  23757, 114209,  23218,  38087,  57794, 116449,
        60162, 119013,  77106, 137454, 127672,  39080, 119937, 109511,
         5996, 109239,  71442, 150902,  40966,   6313, 137280,   4244,
       122136,  55308,  11538, 144694, 102577,  42216,  92999,  33984,
         7945,  89364,  80381,  63863, 136010, 122987,  74368, 148920,
       145870,  36001,  44337, 149450,  80146,  53494,  44246,  37235,
       129101,  39209,  31273,   3890,   3420,  12791,  92943,  92513,
       152941, 104045,  52475,  14186, 152174, 131695,  49337,  20030,
       107452,  92077,  13387, 136542, 121039,  75638, 119580, 109359,
         7042, 119143,  34440, 141066,  32376,  63247,  64584,  20429,
        92458,   3148,  42377, 119196, 126403, 152828,  25338, 124451,
         7921, 125896,  31287,  90317, 147312, 118676, 111527, 140300,
        19206, 127573, 116260,  12999,  84188,  25243,  77667, 108510,
        95406,  95427,  67217, 137103, 149271, 104214,  61813,  89892,
        68138,  83643, 103471,  40893, 108119,   5779,  59772,  42998,
       122589,   7785,  30179,  58792,   4068,  36472,  14835, 114940,
        37079,  52632,  41937, 105748,  22136,  19026,  47466, 142743,
        51337,  77074, 114053, 109002,  27322, 108265,  31776, 129729,
       127637,  88846,  69925,  82006,  50944, 151680, 110320, 146786,
        87815, 112167,  34074,  22857, 149585,  37848, 112401,  75128,
       128602,  64594, 153178, 102898,  83252,  78487,  46086,  15907,
       140705,  35198, 136281,  56179,  29191,  29137, 144882,  37272,
        51791,  32124,  59625, 148575, 129966,  37797,  92105,  21435,
        94217, 152562,  19483, 102405,  68222, 139030,  72180,  90710,
        60811,  95573,  66704, 114100, 128965, 122309, 135331,  96281,
        12414,  68928,  37802, 125527, 102685,  81511,  26427,  65344,
        72985, 113726,   9920, 105057, 115142,  84028,  66409,  65892,
       145639,  25957,  31672, 118450,  35022,  32230, 130026,  10115,
        98900, 124593, 115562,  53134, 119571, 130436,  61668,  60164,
       135060, 110738, 109817, 109611, 150910,  43521,  79272,  71313,
       150521,  88536,  10234,  32233,  32093, 109865,  79418,  92904,
        85633,  27682,  86313, 105714, 147101,  30705,  37299,  79266,
       132353, 129272,  98943, 153461,  27805, 126303, 141207,  14988,
        74658,  27369,  31421, 125202,  81547,  36277,  44557, 127051,
       149108, 115037,  22777, 128936, 137004,  58057,  19314, 137553,
       109482, 111640,  67712,  18193, 141806, 128616,  80802,  14424,
        10151,  96746,  47650,  74357, 150426,  94000, 145354, 136118,
       127019, 142117, 143926,  98797,   5320,  56522, 109236, 139761,
        29344,  22505,  81806, 136938, 151696, 146321,  84047,  42784,
         4835,     83,  26745, 102422,  36583,  92265,  65302,  71079,
        23075, 105234,  28598,   3529,  44101, 120214,  95457, 147401,
        16472, 118406, 109454, 109705,  23739,  85817,  53813, 107120,
       101729, 102633, 151905, 102340,   7190, 121527,  53924,  83446,
       146598,  43322, 104099, 151688, 106366, 120994,  70234,  87444,
       103437,  34557,  47068,  75132, 142432, 142861,  16481, 116789,
         4325,  27341, 128181, 136177,  77317, 130493,  57889, 110482,
       120059,  95700,  65844,  65190,  11427,  23240, 148735, 115025,
        66432,  67679,  83137,  41071,  69809,  28346, 134106,  54275,
       124748, 136227, 128098,  36130,  56026,  51478, 131499,  41052,
        45822,  38855, 134420,  41752, 132645,  47500, 135340, 148362,
        27521, 110395, 103699, 135135, 130183, 129574,  29177,  79347,
       107767, 121015,   1831, 137965, 146967,  20272, 144577,  68812,
        73103, 114338, 116081,  82919,  30210,  97634,  65308,  40842,
        43017,  65908,  13592,  21350, 152088, 150815, 138326, 139526,
       135944, 104198,  72633, 103472,  96953,  31774, 114681,   7232,
       146411,    651]), array([121177, 116872,  64912, ...,  47574,  44631,  13631])]
shape of feat_train: (11544, 602)
Mean accuracy: [0.9277334008024001, 0.0007805712385254909]
