Namespace(dataset='reddit', dropout=0, epochs=400, gpu_id=0, hidden=256, inductive=1, keep_ratio=1.0, lr=0.01, method='random', mlp=0, nlayers=2, normalize_features=True, reduction_rate=0.075, save=True, seed=1, weight_decay=0.0)
size of adj_train: (153932, 153932)
#edges in adj_train: 10753238.0
Test set results: loss= 0.4898 accuracy= 0.9398
idx_selected :  [array([130131,  88293,  58568,  66823, 139661,   2672,  63793,  18709,
        80491, 141309, 151323,  78793, 113938,  22731, 135250, 141987,
       118104]), array([ 78096, 127517, 120522,  79277,  53476,  72850,  58554,  85301,
        70395,  11206, 118374,  34389,  79466,  74864, 148468,  32563,
        25123,   1771, 135420, 106729, 143129, 100325,  90301, 109304,
        84516,  28133,  26109, 109506, 123044, 114839,  29488, 152253,
         6303, 106499,  85249,  62639,  16949, 152694, 114350, 129355,
       149196, 144798,  19512,  22970,  20631, 104288, 114149,   9466,
        82357, 100009,  90230,   7381, 127107,   7811]), array([ 89177,   3146,  54014, 139821,  94479,  84884,  56598,  36591,
        13666,  19128, 144103, 110063, 116185,  80569,  28828,  74395,
        98659,  63689,  46092,  36323, 118159,  10724,  61227, 150267,
       133369,  30233, 107408,  74153,  96626,  15176,  29982,  10752,
        79941, 128007, 133239,  68832,  46513, 122478, 133563, 153060,
        67541,  89816,  40431,  14567,  97425,  13369,  23207, 130481,
        24973,  89354,  96229, 126958,  92616,  22294,   6238, 138010,
        62391, 141789,  89259,  92098,  75755, 152441,  28965,  86970,
        83045,  95083,  12706, 121418, 146218,  79641, 127947,  92293,
        40451, 113889,  26646, 131195,  51263, 117826, 125264,  20500]), array([   987,  73550,  64414,  86360, 109230,  44578,  99137,  14714,
       102701,  42971,    186, 112801,  16746,  48928, 136163, 121406,
        79715, 109620, 116769,  50393,   4592,  56688,  71701, 108665,
        88165,  93928,   1020,  70644,  54555, 105478,    827, 108788,
       115462,  45053, 132984, 103078,  53092,   7306,  98567,  15610,
        63460,  87378, 106319,  88116, 121853,  85821,   6139, 141418,
        19980,  96167,  43677,   5785,  28064,  85637,  87121, 151588,
         4014, 142074,  36456, 121931, 111243,  92431,  61146,  60476,
        39976,  61627,  70061,  91056,  48601, 126581, 108358, 151517,
        42141, 123538,  64469, 119133, 126564,  53970,  46805,  38966,
        45483, 102350]), array([ 42456,  27495,  76689,  92620,  72876, 151811, 118321,  81908,
         1591, 126767,  33419, 150896,  46011,   4275,  79362,  87827,
        75931, 110607, 131327, 121771,  34147, 128713,  63287,  86462,
        30372,   1586, 125120,  44811, 103943, 111674,  53602,  18579,
       128820,  99165, 145323,  41519, 132316,  18585,  85574,  22010,
       126242,  39154,  26924,  87750, 124215,  10487,  35686, 113413,
       143463, 125337,  81070,  50719, 139201,  28503, 104983,  90654,
       122188, 109216, 111832,  89104, 123541, 102306, 133439,  38762,
        30444,   7178, 139080,  87603, 134799, 123174, 141006, 129008,
        45602,  25702,  58992, 114787,  24296, 125102,  14725,  61984,
        89681,   2154,  77755,  13697]), array([ 84593,  58259, 141317,  16904,    421,  58665,  54203, 119531,
        48461,  83670, 141776, 138939,  66839, 102341,  32463, 135432,
        45804,  81979, 120334,  91639, 100427,   3048,  22654,  15019,
        35993,  31953, 122838,  30287, 134505,  58188,  80908,  38445,
       140381, 136650,  69874,  19106,  88867,  91675,   3837,  30780,
         9900,  80760,  57596, 151727,  23724, 145155,  73111, 120960,
        30521, 127443,  98113,  38791, 150333,  73388,  21347, 122373,
       125428, 119849,  49452, 118729,  40533,  33399, 135012,  88121,
        11425, 140540,  83716,  70390,  32979,  17750,  49248,  57717,
        34128, 137805, 134750,  62971,  81797,  70851,  81951,  55790,
       131102, 131452,  86797, 124831,  63574,   5953]), array([ 32617,  82373, 123944, 126903,   2135,  29765, 112728,  39278,
         5818, 106395,  19844,  76098, 114152, 138675,   4724,  16791,
        76931,  75796,    133,  89040,  56682, 137915, 105320, 121316,
         1625,  56486,  90750, 115813,  81709,   8523,  48086,  38734,
        70818,  24367,  70138,  37219,  13852, 104570, 130291, 147862,
        76292, 125530,  14679,  90855, 115953, 151541,  16692, 118252,
        39886, 101461, 140481, 111911,  17343, 135288, 117222,  50906,
        42550,  33925, 123550, 124613,  83871,  73512,  18249, 148175,
         7008, 124395,  96573,  93416,  87638,  73723, 112464,  18388,
        12051,  93626, 128056,  29552,  64619,  78509,  96408,   7537,
        15105,  30969, 129293,  95551,  94249, 103356,  29705,  70382,
        65689,  38986,  38077,   2341,   5187,  73009,  71928, 145260,
        61324,  84477,  74896, 135381,  88137, 115589,   8736,  34025,
        43865,  54477,  35965,  64919,  95073]), array([138206,  21974,  26819,  99066, 151387, 134633,  23213,  11426,
       143044,  34663,   1612,  24219,  24966,  39893, 118651, 110189,
       131835,   5670, 110044,  62561, 125390, 123023, 117073,  67098,
         7238, 123652, 146944,  70971,  92713, 122134,  96719,  24666,
        63877, 113526,  98503,   9223, 139739,  27255, 113148,  91612,
         4644,  15051,  45920,  37989,  72722, 135378,   4613,  43876,
       128040,   4981,  98136,  82873,  71236,  78331,  34534, 120260,
        53335,   2424, 149615,  59967,  27605,   7952, 125269,  40317,
       105553, 112312,   1309, 124393,  18264, 151125, 123949, 138670,
        95664, 103389,   9635, 114528, 145524, 147404, 152710,   8115,
        90815, 127551,  48084,  47717,  90685, 110229,  48223,  55239,
        61505, 127181,   1739, 103181,  73783, 142634,  73731, 146285,
        21715, 106419,  72129,  41397,  81611, 145789, 106000,   6441,
        32943,  69286,  32042, 133249, 119045,  43904,  91121]), array([ 48462,  76835,   5503, 127561, 113151,  59785,  27240,  60465,
       108634,  86477,  57489,  60712,  44688,  62823,  53613,  55904,
        52851,  96778,  61026,  84810,  88414,  49662,  10594,  42783,
       124730, 124985,   5420,  18922, 124709,  96251, 127867,  43435,
       109038,  63257,  64186,  14738,  99913,  51994,  27680,  36090,
       114935,  35024,  27508,  26022,  97693,  75198,  21513, 117207,
        73123, 147298,  27403, 115580,  29365,  23514,  80887,  66577,
        37147,  54860,  99085, 152329,  12308, 120085,  19222,   7998,
        66281,  52233,  11287,  12212, 140996,  51367,  51064,    336,
        29240,  56872,  15169,  89322,  92315,  59821,  22546,  88682,
       140382,  43960,  59797,  31387,  22633, 127084,  47673,  41006,
       139685, 146036,  33971, 153821,  67851, 120439,  10645,  80354,
        62677,   4506,  62288, 130110,  38658,  25951, 133101, 131583,
       123985,  77782, 152681,  26754,  42570,  92144, 138820, 142683,
       136676,  52912,  20049, 128055,  19624,  73532]), array([ 65496,  81294,  47191,  42711, 125009, 130318,  20535, 124992,
         9356,   3817,  93835,    140,  28934,   9262, 119239,  98784,
        54599,   2286,  32383,  97965,  95662, 118715,  66145,   9170,
       138762,  43848,  70319,  47373, 135660,  57063, 114132,  29106,
       119150, 113033,  70329,  51990,  26770,  26365, 122286, 124343,
         5004,  34364,  32542,  31340, 137130,  10515,  21962,  22660,
       136094,  20413,  55875,  99499,   9460, 117295,  80289,  11575,
         8190, 134351, 141946,  31008,  41402,  14926, 144348,  45190,
       110119, 116123, 125260,  35298,  89759,  24099, 137800,  16771,
       102568,  93422,  45413, 147667, 106142,  57495,  81341,   1173,
        96060,  82511, 119424,  97761,  61457,  73614, 101801, 109590,
        57430,  52077,  96720, 131462,  94446,  68614,  80349, 147266,
       127328, 128753, 152069, 141701,  72712,  91053,  41963,  64536,
        32832, 148450,  48220,  37838, 146744,  32534,  29747,  95392,
         1189,  25540,  31439,  42252, 135284,  64597,  87301,  58961,
        23143,  36986,   8067]), array([ 32002,  70250,   8225, 141031, 142918,  51470, 116115,   5489,
        99706,  68853,   2737,  69164, 141116,  62268, 114443,  55611,
       140841, 100963,  89831,  94169,  75555,  40702,  53204, 129669,
        25490, 148127, 141739, 105569,  89008,  26139, 134875,  49182,
        77922,   1084, 109433,    118,  24159, 149943,  80626,  36202,
        82251, 105086, 124139,  43246, 122431, 130640, 109478, 114274,
         8334, 107549,  21319,  10622, 137505,   6647,   2521,  57340,
       133746,  56806,  25610,  72397, 106127,   2111,  28870,  72458,
        62242,  74081,  30115,  24434,  69568,  44558,  37323, 106174,
        38964, 107908, 143094,  24840,  35453,  66621,  36645, 149129,
        53418,  95237, 100608,  65542,  64590,  29786,  10969,  44834,
        39970, 114943, 125925,  52801, 140101,  69551,  84781,  34813,
       145522, 137323,  78398, 128862, 108501,  58704,  27290,  50763,
        17111,  98385,  46964,   9430,  43783,  41559, 148204, 128002,
       132846, 135987, 129531,  80234,  77495, 131727,  86561,  21300,
       142061,  55387,  45170,  50647,  71414, 134746,  77411,  54497,
        40124, 108746,  88874,  35832,   6019, 102990,  87123,  31282,
       122108, 114880,  31666,  59978, 143173, 121784]), array([ 58237, 103242,  75658, 146328, 148025, 141310, 119052,  11142,
        95245, 119409, 150409, 123395,  40407,  74768,  89915,  55909,
         4081, 114408,  72012, 112619,  60786,  34483,  15261,   7659,
       130140, 108069,   3934,   7134, 101889,  68687, 111421,    817,
       118986, 127732,  72251,   9642,  67169,  23807,  51197,  43077,
        85879,  64658,  94117, 107419,  28334,  85881,  50681,  98840,
       108798,  76389, 115323, 147184, 108332,  57166,  65635, 106330,
        45774,  62060,  24675,  13637,  23888,  25938,  94708,  51930,
        99100,  40123, 151957,  36453,  65081, 116501,   5904, 146508,
        48867,  29122,  19183,  20901, 152854,  42482,  81624,  45183,
       116915,  86348, 142907,  55614,  93953, 132368,  12510,  40110,
       111822,  58181, 114770, 126202, 149137, 153730,  18229,  97595,
        95192,  84918, 142153, 104837, 138016,  33666,  93582, 112713,
        93852,  92625, 120188,  21917,  25508,  20071,  25499,  71649,
       142656,  96309, 115429,  10105,  24669, 125457, 141609, 122384,
        80079, 126769, 143319,  63759, 132923,  96970, 116691,  95942,
        64298,  25262, 152464, 101540,  57504, 125468, 125408,  67190,
       146682, 136609,  32304, 141886,  10766, 149913]), array([148252,  23272,  80122, 149189,  74713, 133675, 145038,  87625,
        62755, 103995, 100199,  90682,  93376, 146824,  98311,  85306,
       141068,   5210,  11708, 135367,  71144,  72412,  34385, 114038,
        64364,  62972,  99570, 112111, 142386, 119803,  65322,  54588,
        55478,   5553,  50367,  52676,  65098,  64302, 114510, 137490,
       125971,  28068, 112706,  12973,  31522,   3227, 107155,  62020,
         5477,  86849,  55958, 123655, 125251, 118168, 125117,  89695,
        54532,  17492,  87576, 104762, 129899,  49108,  76245, 145153,
         3358,  57513,  37639,  91502,  72462,  83736,  67867, 112664,
       108749,  60776,  33045, 106884,  32385,  15639,  44050,  61473,
       118301,  53855,  73308, 112007,  50296, 116447,  44779,  56150,
        50640,  26660, 140127,  19140,  34275,  14568, 120691,   7400,
       126766, 152540,  64962,  75484,  83812,  89564, 136519, 150236,
        31725,  13913,   9411,  36206, 128321,  42576, 143396, 125944,
        99178, 111607,  23140, 134129,  24155,  42776, 152094,  98640,
        28017,    706,  58845, 145574,  41424, 130214,   2713,  49041,
        25984,  16034,  64552,  91649,  71059,  32411,  96367,  39502,
        31609,  31082, 148819,  66434,  92374,  74268,  64668,  80999,
        82886,  29930, 144887,  75660, 108036,  13191]), array([153544, 108400, 111434,  82013,  20279,  29728, 116516,  87713,
        33289, 100014,  74183,  36654,  34993, 131362,  39396, 116262,
       122420, 122225, 148014,  67238, 120731, 124819, 145895,  98570,
        95975,  98934,  64062,   1651,  76645,   1873, 142793,  55752,
        21966,  10144, 148868,  62602,   8476, 107973,  41635,  43636,
        51900,  11060, 152995,  85533,  97776,  76850,  96181, 122591,
        35883,  63996, 152281,  60127, 106300,   4743,    997, 146939,
        68949, 120000, 147486,  16998,  18652,  35540,  87044,  48437,
        31820,  86033,  98834,  57720, 140740,  30136, 142820,   7026,
       136707,  37135, 122058,  12426,   6421, 133224,  57104,  67359,
       128469, 120514,  52362, 142267,  26031,  56743,  85078, 103530,
        32330, 146142,  40304, 153300,  10978, 140311,  10861,  84600,
       132186,  78949, 135099,  77970, 151946,  22283, 116377, 110004,
        68059,  56839, 127144,   3137, 137412, 137926,  66547, 130014,
       121569, 120855,   4242,  55238, 122944,  93064,  59984, 118487,
        52924,  37525, 153014,  41187, 140898,  79413,  26998,  18021,
       126789,   2220,  38174,   6040,  30488,  59987,  17924,  59326,
        80112, 140715,  90709,  58418, 134047, 125077, 119819, 137828,
       128106,  27191,  47572, 128456,  16468,  18683,  67001,  49630,
          581,   6273, 121485, 152008,   2630,   6987,  94744, 141103]), array([ 40016, 125268,  38963,  13265,  80612, 124737,  57440,  30356,
       125666,  83474,  97555,  12040, 153370, 130696, 124585, 142031,
        56064,  12968,  41306, 149228,  11957, 143421, 144352,  21011,
        64303,  63831,  67563,   4609,  51685, 146557, 152026,  43110,
        39178,   3926,  92521,  68179,  78181,  12226,  61484,   7316,
       144016,  52806,  22013,  91679, 142694, 126783,  91582,  64925,
        59868,  61241,  84330,  77700, 101748,  48896,  99586,  54038,
        88517, 119011,  89823,  87016,  88449,  50314,  66273,  77204,
        31023,   1624, 133838, 140476, 143004,  21249, 123698,  86618,
        12075,  71270, 137662,  81456,  45826, 121153,  15802, 135994,
       108829,  62143, 113572,  18987,  66761,   4483,  52435,  28903,
       138246,  75526,  88815,  12892,  75032,   3175, 135619,  43420,
        75485,  44034, 139997, 123516, 130339, 121586, 106140,  18289,
           60, 104803,   9785, 142915,  92060, 125843, 152219, 119075,
        95617, 130133,  27853, 149552,  37300,  82829,  84490, 125311,
        53675,  26675,  97361,  59665,  97939, 111747,  82962, 113959,
        58420, 100411, 153076,  18186,   3160, 122449,  92403,  66721,
        58242, 133761,  17000,  74916, 141952,  36515, 129588,  18127,
       144256, 121502,  28134,  79614,  90388, 139916, 128446, 149965,
        46350,  98766,  32875,  50462,  80768,  92658,  40719,  91508,
       144670, 118590,  60429,  63097,  51819,  45400, 111203]), array([  7448,  98074, 140963, 134976, 106825,  68075, 134384,  57535,
       149419, 150245,  34476,  10253,  86091, 104252,  66157,  73814,
       124811,  89461,  26008,  51411,  40136,  27371,  79145,   8701,
        89715,  49866,  60490,  48008, 134631,  61458,  65493,  87862,
       103112,  24671, 125722,  47859,  84105,  29121,  37277,  32906,
        12366, 121805, 142108,  68326,  82193,  57205, 127457,  17099,
        37712,  38820, 142947, 136857, 132631, 147538,  93048,  45325,
        32910,  57552,  71888, 145480,  54005,   1360,  89573,  92204,
        26735,  15021,  56298,  44804,  37555,  26944, 102183, 149663,
        69138,  63202,  46424,  54314, 119599,   7950, 124558,   4963,
       129675, 120494,  74447,  86154,  65455, 128410,  84155,  28242,
       104432, 132612,  91413,  72860,  66368,  43609,  91641, 152508,
        99158,  58873,  82120, 120789,  68359,  91868, 127155, 143696,
        25391,  79475,  72695, 135051,  58615,  68241,  24425,  32833,
       126118,  70958,  92954, 149148,  73137, 106193,  86500, 143800,
        12430, 153254,  43616,  76233, 101303,  93834,  65702,  18826,
        69192,  98263,  58555,  28832, 111371,  93679,  25512,  20333,
        96213,  94648, 103444,  30365,  72991, 117426, 108330, 121801,
        10235,  19056, 101359, 119248, 139430,  50010,  84255,  42990,
        63806,  74032, 141094,  21094,  75416,   1825, 114478,  84541,
       144595,  56299,  19684,  39038, 147022,  71095,  69582,  40608,
        28584,  12323]), array([ 55243, 126470,  95513,  94784, 147082, 135643, 151730,  16509,
       123170,  72084, 108948,   8796,   3145,  36606,  12127,  45564,
        13669, 137109,   4167,  61225, 143196,  43209,  22957, 127343,
       140890, 133204,  17221,  12313,  34400,  24313, 137729,  75532,
       119964,  67763, 141762,  62683,  45246,  32415,  64524,  94076,
        17431,  45056, 131945,  21224,  38398,  37736, 141240,  72606,
        97827, 102524,  14063,  25602, 107635,  15206,  84682, 103428,
       149990,  24129, 147999,  13346,  70771,  55794, 133154, 134725,
        79391, 106909,  93939,  86508,  83968,  80369, 131319,  68546,
        12141, 120205,  99924,   8267, 152831,  55035, 127540, 142885,
       132253,  50449,  13088,  20539, 102691, 128707, 122352,  53341,
         7887, 128577, 145132,  83334, 132758, 107435,  25644, 119695,
         1839, 143124, 140102,  87682, 151912,  57218,  94881, 148762,
        58342,    263,  72005,  89118, 115255, 153226,  63698, 143412,
        15627,  67986, 141932,  95044,  10827, 134019,  41470,  14496,
        69896,  97826,  82525, 147466,  73151,  59305,  52173,  32517,
       131807, 144795,  80905, 134741, 108793,  60875, 125438, 116450,
       132906,  29246,  19437, 137375, 141550,  50152,  96668, 105783,
       140897, 147389,  45036,   9921,  15823,  80096,  69279, 110959,
        27529, 128061, 147125,  91181,  44028, 150586, 124164,  90584,
        66593,  69529, 125233,  63881,  65765, 114866,  85983,   5061,
        40337, 148994,  84388,  85995,  32103,  79458,  29902,  44058,
       109072]), array([127168,  53664,  85180,  28336,  22408,  54013, 110029,  29351,
        43105,  48831,  43024, 107010, 124571,  61838,   1035, 101937,
        89298, 112321,  98070,   2470,  89914, 115683,  89844,  59294,
       150536, 105849,  88359,   6107,  94800, 108886,   7443, 101973,
        19155, 143316, 113836, 152959,  90443,  92018, 106875,  98439,
        33344,  36744, 130149,  24639,  44531,  41076,  30462,  76548,
         3391,   3595,  26716, 106869,  57593, 139006,  55666,  37414,
        15327,  45793,  43719,  97507,  84836,  88789,  41375,  40890,
       120167,  89782,  78095,   3195,  45759, 148403, 102840,  86155,
        90766,  16660,  12216,  15363,  38478,    637,  17416,  18301,
       108224,  84500,   6175,  33037,  13926,  33783,  18271, 114226,
        28373,  26750, 120802,  37358,  96165, 119142,  71390,   5183,
       135508,  27311,  77054,  74797,   9942,   4060,  45052,  94060,
        90017, 127186,  77794, 117147,  76830, 150151, 128924, 123964,
        94667, 135015, 119208,  37145, 125026,  68178,   3639,  16578,
       136572,  21278,   4994,  32709, 106090, 127241,  32203, 124178,
        80757,  67668,  94005,  88967,   1382, 129105,  82400, 100283,
        11460,  58670,  14727,  60470,  83125, 100387, 119559,  14952,
       129139,  65595,  88845,  41137, 110445,  60847, 151436,   2273,
        93290, 100562, 105861,  79001, 128101,   6369, 103468,  26632,
       145989, 125173,  15754,  58429, 149694,  44880,  51345, 150907,
        37974,  26015, 134508, 111302,  10798, 142822,  17512, 115411,
       109470,  23380,  17199]), array([118111, 128209, 110180, 113276,  27144,  44499,  52055, 102338,
       111436,  21848, 112718,  21893,  56504,  68031,  99234, 136485,
        34478,   9115,  76452, 146430,  86762,  63322,  32580,  40637,
        70832,  92717, 108836,  27026, 137779,  99529,  14797, 111019,
       139533,  98154,  50437,  23359,  87594,  74335,  64965, 117560,
        27265, 100599,  80824, 114429, 145188,  61451, 145541,  72641,
        61261,   9108,   1830, 116847,  41445, 131006,    112,   6018,
        49863,  14844, 147441,  50818,  49960, 128883,  91112,  93624,
       129246,  87631,   9949, 132212,  36418, 143093, 132326,  72773,
        53030,  47097, 119478,  65755,  22833, 153514, 118158, 133624,
        40024,  31655, 136608,  26439,  71931, 121968,  25164,  15963,
         7226,  36290,  88162, 125193,  49033,   8441,  35152,  88710,
        36497, 151293,  70311,  50267, 146365, 103538,  10862, 101905,
         6275,  72301, 117425, 120506, 109423, 105541,   6301, 108726,
        85476,   9709,  37368,  10431,  73192, 139445, 108378,  26061,
         1394, 127477,  56371, 115918,  66276, 117151,  81544,  90256,
        86978, 148136,    420,  70226, 117584,  54345,  69141,  97061,
       114063, 146234, 146200,  57501,  60121,  77329, 141623, 114855,
        94143,  31681, 104989,  43054,  48604,  23805, 137126,  33343,
        69572,  55214, 110856,  22285,     64, 135878,  45977,  67995,
        74404, 124522,  92758,  79090,  23578, 105433, 101391,  94356,
       100996, 118894,  21479,  68958,   6894,   9050, 108449, 119842,
        33382,  35802,  22879,  65277,  10769,  51010, 131827,  41686,
        38708,   2885, 135376, 140052, 112313,  37580,  29815,   9988,
       139845,  37751, 142817, 119206, 115836,  39563,  99182,  36830,
       129097,  47217, 138017,  42571,   5549,  55530,  32344,  89676,
        14688,  36059]), array([113588,    243,  29619,  40689,  10252,  27754,  27337,  50115,
        28888,  37384,  68174, 121656,  24713, 119658,  64388,  24952,
        44061,  43444,  77705, 152428,  30595,  34673,  12965, 142003,
        16630, 137461, 113147, 126457,  78093,   6465,  40272,  34741,
        71954,  71752, 149619,  19705,  12795,  89154,  56065, 145933,
       136184, 122018,  68268,   1510,  46118,  45685, 125474, 114730,
       123063,  61623,  16641,  71055,  38164, 144999,  78706,  64421,
         8666,  46826, 117263, 101906,  18732,  25432,   4581, 111578,
        80563, 133030,  91361,  86627, 145883, 153301,  83841,  16622,
        64433,  38001,  51605,  61717, 132474, 106709,  35509, 102565,
        67228,  60705,  43791,  44443, 133231,  69738, 105271, 126179,
       102224,  80672, 113040,  67585,  42439, 108494, 138480, 108059,
        12744, 123967,    646,  80290, 107127,  70535,  98630,  27323,
       150947,  16892,   6144,   7262,  12890,  55934,  50218,  37875,
       121751,   3756,   4711, 134546,  10746,  61576,  92882,  23477,
       123009,   7655, 143866,  66173, 136217, 115043,  88552, 129919,
         4647, 123091, 116649, 126750,  54114,  65913,  48388,  54947,
        95299, 107598,   6153,  57668,  44659, 146064,  20780, 115437,
        51621,  29985, 132102,  30423, 151060, 135027,  69029, 105764,
        26565,  46823,  75924, 100531,  26699,  75777, 145646,  39230,
        87924,  35172,  41392,  89057, 112666, 110067,  49213, 126998,
        31076, 122697,  97242, 129918, 127006,  88887,  95202,  22893,
       115223,  99943, 130372,  51628,  54630,  21764,    417,  57567,
        59576,  80805, 145076,  57642, 141384,  39002, 101588, 142527,
        86619,  61967, 133795, 128855,  23067,  96799,  51106,  14219,
       138904,   6552,  68403,  41839, 148658,  26411, 116814, 117090,
        77789,  88949]), array([106693,  50834,  10378,  13532,  75894,  79487, 107612, 139795,
        37853, 112476,  87817,  68431,  62096, 115487,   4003,  31730,
        86236,  25094, 143823, 137218, 107693,  63380,  59746,  40539,
       120422,  10156,  74588,  12826,  87837,  34246,  68333,  35082,
       112562,  96070, 122036,  36514,  36329,  21176,  91768,  31425,
        91575,  77183, 124638,  39382, 107789,  56584, 101575,  27241,
        90021,  42257,  94865,  69488,  29708, 132902,   9392, 121876,
         9276,  28198, 144093,  18996,  96930,  70729, 146361,  75104,
        67861, 133211,  74364,  13953, 116248, 101766, 115399, 130707,
        84072,   2397, 131416,  92344,  72524,  32880, 152237, 132793,
        89504,  74914, 142468,  32158,  57855, 120151,  89530,  16962,
        99173,  24039,  52232,   2913, 125702,  95490, 142323,  10407,
        12155, 120257, 117373,  20538, 115725,  31286,  35827,  36953,
        51175,  76525,  21608,  12944, 139798,  90486,   2557,  85812,
       131985,  87771,  19590,  76320, 143736, 127516,  37610, 121017,
        88859,  27384,  52982,  46969, 142221,  28554,  86037, 131832,
        67649, 153251,  91857, 139309, 142886,   3487, 135199, 145057,
        64565, 106282, 114153, 148973,    770,  94904, 107503,  43523,
        71846,  44866,  74886,  12963, 127163, 142642, 116587,  43299,
        19414,  98003,  13777, 134591,  27289,  70192, 121685,  60074,
       149483,  21027, 114810,  71880,  85703,  60196, 151210,  26749,
         1025,  43011,  49592, 129147, 106854, 138924,  10358, 100540,
         2767, 139574,  90927,   9416,  59786,  19642,  22647, 132555,
       114951, 144824,  62897,  65099,  92319, 104022, 143509,  20440,
       136113, 105801, 142865,  17404,  83882, 142761, 119408,  52606,
        29968, 143202, 139968,  18668,  78328, 105138,  90856,  73277,
        49659,  81538,  89832,  99039]), array([ 59311, 128576,  61362,  58840,  12104,  53905,  20719,  55155,
        92221,  77080, 126709,  50670,  71827,  24256,  24723,  31760,
        22591,  10824, 127996, 123866,  15794, 114934,  72519,   2999,
        50722, 138872, 103774,  29585,  64779,  37287,   9001,  72626,
       139816, 145449,  43429,  31658, 101443, 116234,  55712, 129722,
       133878,  26283, 147185,  88734,   5679,  50105,  88374,  77107,
       100507,  36391, 106353,   5771, 109909,   2207, 145632,  16935,
       117994, 143795, 126515, 132048,  94063, 123768, 140144, 121867,
        60829,  75543,   1544, 152735,  58870,  37180,  71489,  17426,
       146837,  59731,  46967,  80066, 102114,  47271,  32477, 104266,
        27507,  29233,  14876, 111220,  69338,  24117,   4766,  81247,
        71367,  87373,   8790, 128584,  64651, 143241,  87579,  39094,
        62697,  83455, 141723, 136275,   2562, 116219,  98040,  57124,
       135665,  17058,  45769, 110772,  32083,  57651,  99331,  19880,
        86690, 149008, 131378, 122491,  65392,  61062,  94118, 123365,
        42246, 145385,  21835, 128975, 131112,   7402,  32506,  99257,
        47905, 117793,  10211,   8544,  37806,  86429,  45460,  73058,
       152916,  61361,  64470,  75351,  51765,  70887,  65103,   1633,
        36499,  85853,  60960,  13538,  29672, 133901, 110276, 151268,
        12608,  22772,  14831,  95501,  26566,  54155, 104807, 126203,
        80620,  21327, 118100, 109231,  84036, 133085,  49717, 114715,
       107534,  97140,  23411,  59756,  79130,  67482,   6799, 110241,
          460, 148539,    150,  46502, 139981, 117896,  89556, 150514,
        27564,  55947, 109129,  21598,  59274, 111562,  50654,  87060,
          570, 122424, 127201,  55463,    691,   2561,  84766, 100628,
       112563,   2257,  14084,  71587,  55006, 102165,  85620,  68046,
       116392,  17205,  46241, 140462,  59268]), array([ 16644,  56978, 118973, 138814,  83315,  71675, 127096, 137066,
        77154,  26219, 110363,  26016,  23356,  22127,  32501, 138084,
       102793, 144989,  33302, 114448,  19817, 133934,  11475,  54036,
        85780, 123371, 143743,  31914, 147039,  91010, 137125,  33634,
       139044,  42785, 147233,  37375,  68090,   4218,  31500,  74767,
        64877,  58379, 136210, 121412, 143392,  53490,  37629,  10118,
        22803,  79583, 144611, 103626,  26509, 131487,  88661,  41954,
       125541,  94837,  48908,  58157,  56628,  25976,   3527,  32119,
        58898, 115240,  29833,  71032,  53710,  95792,   8499, 150603,
        83281, 110931,  94022,    475, 115731,  13120, 131084, 114215,
        82787, 137789,  23390,  51211,  45080,  75156,  45975, 106428,
        90152,  86535, 106977, 143172,  51943, 104196,  21570,  53677,
        84208, 138672, 101909, 118569,  96683,  36257,  66209,  54283,
        65925,  60279,  24169,  83744,  47228,  37799, 138029,  86394,
        21991,  63534,   8844,  43860,  30116,  57886,  11790, 132221,
         4992,   2340,  51656,  80949, 148545, 152682, 113410,   7584,
        92043,  80570, 150439,  10096,  39730,  28651,  45777,  30412,
         9065, 118743,  84597, 106487,  98580,  28219,  89979,  49427,
        10765,  66040,  18593,  49254, 146364, 147544,  61871,   5214,
        22560,  21206,   9308,  85018,  48980,  17157,  73213,   3638,
        79245,  13340,  83905,  23744,  50908, 143472, 139120, 151184,
        11428, 126482, 100414, 148668, 146548, 116829, 144839, 108976,
        13164,  35239,  47624,  68102,  85343,  47482, 152954,  15465,
        19153,  68456, 107106,  70326, 150552,   6633,  28376,  48588,
        69785,   6457,  88883,  18046,  28747,   3113, 145657,  95415,
        84017,  37273,  85990,  11053,  80950, 141513, 101622, 103199,
       121413, 150217, 134692,  85270, 151808, 125633]), array([112551, 128654,  74928, 131729,   7719, 146521,  63684, 101025,
        86519,  44348,  10297,   7186, 146572, 144710,  32079, 102211,
        18475,  94978,  25113,  65441,   7399,  38479,  96717, 108643,
        43282,  61511,  43076, 115170, 111608,  56570, 143644, 144589,
       136726, 137331, 110288, 107499,  89784,  74427,   4195, 116690,
        11304, 106860, 147001,  93371,  44844, 106945,  47476,  48232,
       130664, 128430,  91320,  41844, 125604, 134560,  31738, 112536,
       140173,  19666,  28140, 125937, 150883,  19529, 138646,  36443,
       123527, 109149, 118046, 111119,  84409,  28946,  71067,  88009,
        34970, 122277,  82264,  11232, 147883, 133837, 143339, 118678,
         1806, 114640,  76937,  23227, 145941, 135866, 105582,  44479,
       153567, 152369,  74118,  22629, 130771,  50526,  59643,  52470,
       138493,  77720,  74329,  36613,   2225,  18847,  45092,  44205,
       109097,  71447, 108755,    724,  27708,  73793, 143011,  13331,
        55528, 134857,  22920, 139115,  42494, 130766,  54702,  32681,
        13266,  60648, 140043, 110666,  46814,  32607,  91347,  20139,
         8058,  40823, 115081,  99619, 126171,  52510, 125291,  23767,
         1261, 114476,  66092,  22532,  59135,  60559,  84406, 138175,
        80315,  94875,  45147, 124642, 140965, 123657, 152930, 124498,
       118318, 120736,  66353, 115821,  79827,  50287,  50548,   2011,
       152636,  88586, 129042,  18041,  58094, 140804,  14425, 142254,
         9428,  72511, 143488,  64503,  37044,  96804, 125888,  65594,
         2243, 137705,  97497, 114968,  68451,  25440, 101775,  22582,
        69357,  27813,  24087, 104850,  88614,  13620,  55480,  53297,
       150272,  18368, 153773,  84890,  39215, 150336,  52877,  90532,
        22457,   2371,  45892,  27843,  81808,  55473, 136394,  76217,
       144361, 141306,  54604,   9379,  59995,  82220, 116817,  41199]), array([132323, 113986,  62829, 146309,  48234, 137547,  98218,  48610,
       103903,  64161,  85951,  41743,  90116,   3963, 153816,   9797,
        78281,    464,  57713, 122469,  69926,  66304,  39195,  54292,
        18506,  36880, 118663,  25507, 125382,  65694,  24726, 108205,
       137498,  96787,  83412,  63148,  58396, 131042, 124810,  62374,
        69816, 151818,  65661,  86040,  94919, 133974, 101204, 148536,
        10914,   5692,  15233, 153496, 108630, 141420,  29573,  98309,
         2164,  90093,  59408, 127321,  16127, 130316,  45313,  39425,
       109104,  87010,  35805,  66736,  41143,   7463, 122882, 137535,
       148784, 105151, 112618, 144862,  67110,   6864, 122628, 147027,
        71373,  64194, 123106,  88852,   8855,  54895,  66681,  29616,
        38967, 141248,  53975, 116378, 151073, 132038, 146460,  42370,
        85076,  79948,  36858,  93131,   1200,  56656,   9703,  75211,
        96199,  30714, 138308, 129114,  47200,  25686,   2878,  23371,
         4424,   8183,  56622,  68139,   4505,  85695,  67906,  58694,
        79607, 100048, 152732,  11306,  28563, 144306,  47949, 119249,
        63972,  28129,  32740,  60539,  24771,  20197, 150847,  31614,
        48397, 121677,  84137,   5111, 111395,  11943, 134291, 137358,
        95610,  75967,   2904,  53141,  12736,  38394,  56353,  41095,
        90490,  36092,  55846,  37435, 111943, 122334,  55585,  71957,
        18372,  32548,  73517,  83053,  44521, 147780, 106897,  16345,
       142741,  81836,  95110,  48866,  49506,  66441, 145658,  46501,
        31966,  43893,  89407, 112070,  59198,  85276, 103923, 117138,
       148241,  57920, 126511,  62730,  38705,  22838, 109713,  63686,
         1449,  12798,  89722,  47187,  99281,  27500,  26617, 139333,
        87033, 101109, 152394,  68776,  32275,  16547,  71135,  95569,
        19595, 102533, 153713, 128078,  34520,  62286,  86620, 129927,
        80253,  15916,  62030, 109153,  53826, 101019,  22085, 152712,
       132391,  68566,  63565, 111504, 139223,  77456, 108713, 101807,
       152898,  90816,  12156]), array([131959,  12252,  78749,  72110,  60439,  11633,  31449, 144457,
        98672,  42121, 113745,  82670,  26488,  11724,  98194, 140809,
         5578,  93259, 113026,   4340,  86828,   6779, 131405,  18759,
        24683,  60309, 129749,  91834,  23520,  36184,  58214,  17341,
        55569, 128955, 145475,  77321,  90749,  34217,   8840,  69958,
         5008,   4053, 146115, 118253,  74403, 100368,  22566,  71620,
         2692,  38349, 109233, 114691,  97550,  24857, 152323,  10992,
        65948,  74426, 115183,  56810,  39206,  30051,  75016,  31097,
        32729,  10222,  53801, 141815,  51449, 146340,  98691,  71642,
       125822, 102885,  57251,  64862,   9930,  44097,  71601, 120411,
        16907,   5286, 138514,  43376,  33361,  63472, 120792,  13905,
        34006,  69238, 111579,  47192,  15462, 127945, 149509,  78312,
        41446, 132951, 105401,  17447,  56470,  70918, 100909,  24803,
        42048, 152354,   4893,  62221,  37588, 119807, 146322,  19154,
       104335,  79225, 150626, 109936,  84088,  98308, 151116,  20589,
       116017,  95718,  90144,  30597,  81444,  76298,   2958,  77526,
       139219, 147076,  34471,  23093,  40191,  59463,  99084,   6809,
        13060,  54341, 137959, 122313,  51329, 113091,  69206,  49507,
        81617,  45410,  31368,  68295,  43493, 118436,  66262,  72927,
        25782, 127961,  86626, 126209,  33649, 128672, 152398,  10276,
        21369,  35290,  65829,  29473,  11937,  35651, 125220, 152655,
        33460,   4652,   2268, 138317,   3929,  22424, 153092,  37816,
        49145, 151836,  64977,  24001,  83403,  65161,  42606,  27488,
       120309,  16269,  47313,  22642,  59422,  33847,  42889,  68029,
        47147, 102537,   4665,   8535,  58819,  88473, 102137, 138767,
         1593,  29792, 132932, 140936,  30281,  60117, 135082,  32794,
        45206,  83320,  80923,  51529,  82947, 115253,  81746, 146350,
        75060, 119327,  49234,  27516, 135128,  86636,   9489,  68036,
       110175, 115868,  27821,  86122, 141488,  60900,  67040,  17783,
        87199,  29459,  42347, 118617, 152155,  12554, 131022, 109411,
        53252,  53392]), array([122258,  76141,  14815,  89023,  35501,  46144,  22770,  38339,
        94809,  15396,  34565,  67532,  66930,  27824, 145400, 139111,
       130266, 133625, 136236,  52817,  40257,  28997, 152338,  89488,
       124242, 131457, 142906, 102998,  62066, 141889, 113657, 103121,
       127535, 105543, 143079,  13614,  32971,  89218,  13554,  10591,
       131484,  33279,  27168, 153728,  48104,  46619, 145839, 151919,
       127243,  90650,  14202, 132224,  49657,  48815,  67984, 138719,
        45775, 107696, 136940,  22268, 121648,   3006,  76327,  44734,
       132193, 149966, 122891,  23084,  28574, 144917,  22668,  90492,
        13783,  86150,  83876,   2403, 149596,  59908,  39863, 142652,
        22405, 128027, 129133,  90186,  56358, 100921,  39308,  73363,
        52365,  87767, 129889,  29799, 111091,  61921,  12433,  20850,
         5783, 109675,  70953,  64315, 116157,  43107,  77936, 123676,
       119227,  81374, 125703, 152461,  59232,  66442, 100248,  51163,
       104946,  34500, 146077, 138668, 129330,  56355,   4884,  71378,
       132580,  58750, 130034,  81422,  33172, 100769, 111790,  12001,
        35014, 151857, 148974, 117280,  77274, 121420,  79054,  28779,
         4059,  18612, 153377,  18824, 136470,  26661,  19627,  44612,
        48200,  74092,  63507, 151441, 144647,  10259, 142860, 124871,
       134821,     88,  30855,  20341, 114736,  27981,  60085, 130892,
        20688, 129028, 134648,  93415, 102968,  63227, 110426, 126794,
       149454,  66362,  20724,  98024, 117200, 141740,   7840,  61996,
         4579,  89558, 120488,   5500,  32608,  40962,  85225,  56221,
        72819,  74563,  31548, 130963,  78339,  33052,  26445,  67453,
       128143,  28700, 137681,  70369,  12752, 131914,  59462, 110916,
       112049,  97547, 117040,  44121, 152750,  72055, 102040,   1417,
        91860,  96737,  39904,  34610, 136005,  46904, 127839,  95104,
       143967, 143737,  38058, 130990, 130158, 114472, 147265,  56204,
        86528,  25873, 105327,  26821, 108229, 145954,  93171, 115090,
        45866,   2911,  38516,  28514,  35207,  83678,  92477, 126724,
       113890,  47531,  31523, 121294, 145507]), array([152211, 132773, 118616, 136390,  42680, 129185, 102948,  16125,
       118342,  48060, 105256,  53498,  87322,  60234,  96043, 118994,
         1963,  62679,  17016,  95912,  73537,  34707,   9199,  70806,
       115524, 121549, 147140,  84399,  32593, 127291,  66384,  32259,
        18582, 126624, 121577,  68491,     34, 133504,  13868,  47550,
        55081,  92201,  52259,  57813, 136589,  61042,  51731,  65914,
        36816, 133952,  72337,  94493,  20349, 104801,  62217,  79535,
        78394, 116066,  27935,  33873,  81757,  76487, 141146, 106615,
       140039, 119988,  55446,  88526,  95980,  71776, 113316,  70656,
         8964,   2665, 144504,  53187,  66355, 120502,   1841,  66900,
       148811,  84242,  26966, 132228,  41056,  16642, 113174,  22869,
        25294,  98907, 143336,  85359,  85713,  61987,  88193,  80175,
        27967,   2392,  53557, 114254,  93590, 145289, 105195, 129871,
       148934,  20061, 150069,  71580,  29000, 116986,  28348, 108040,
        45657, 136502,  71696,  61928,   4768,  12101, 131846,  60917,
       117999, 116774,  55673, 113510,  92106,  64853,  74973,   1365,
       105782,  43389,  21312, 131299, 135545,  97811,  39268,  65967,
        42467, 110232,  62778,  72627,  99426, 112477, 143684, 133115,
        18615,  59051, 139840,  67628, 124929,  31379,  12839,  88847,
        31741,  16424,  98619,  96050,  49581, 141034,  41359,  52633,
       134690,  21831,  42263,  79536,  52318,  84134,  40381,   9404,
        33062,  87434, 146202, 147119, 136047,  29862,   8011,  41961,
        75937, 151907, 125943, 113053, 116086,  97036,  93618,  82438,
        32299, 139216,   8437, 120383, 137202, 116064,  67349,  82574,
        66527,  98728, 150103,  97068,   6963, 116259,  25703,  98994,
       101133,  49106,  14473,  46135,  80256,  76908,  10505, 134706,
        84897,  33683, 145578, 140948,  48992, 136268, 125075, 109391,
       100109,  11682, 123029,  19312,  45200, 108442, 116638,   5310,
        44309,  26569, 121966,  17084,  36421,  74537,  39679,  42090,
       100099, 112276, 118199, 103861,  56811, 124002,  31768,   9072,
        40275,  64596, 119608, 130507, 125002,  46864, 129962, 119929,
        75228,  90741]), array([ 10881, 120910, 143517,  51755, 139562,  22480,  69143,   9595,
       126475, 111620,  85385,  38106,  94743,  13770, 152899, 104302,
        46100,  28040,  20594, 125046, 144057,  90675,  60047,  77803,
        30192,  62381, 141730,  20634,  61300,  87035,  96583, 135727,
       118387, 125227, 107044,  44714,  31012,  92057,  74580,  54347,
        98394,  49442,  60543,  60947, 148439,  77531,  43177,  31971,
        75061,  78838,  32665, 144534, 126619, 123493, 110201, 150235,
       106996,    647, 144761,  16374, 108297, 131544,  69867,  64830,
       147653,  24026, 128161,  86411, 147826, 134817,  26618,  41985,
        76464,  56511, 107703,  31386,  15635,  11818, 126218, 119347,
        19268, 100389, 134345,  37084, 140636,     27,  74808,  77013,
        85590,  33702, 149491,  44743,  13038,  26582,  80167, 119788,
       140254, 128561, 106229, 105899,  61084, 100752, 143431,  61765,
       151391,  98996,  35095, 135054,  10342,  58273, 129365,  20798,
        43613,  90626, 150537, 142846,  41567,  93538,  88064, 119253,
        38551,  76709,  50187,  95341, 144886,  11833, 140452,  71304,
        12442,  16599,  43255, 132282, 138447,   1071,  81173, 107551,
       130377, 134284,  57426,  70351,  75810, 128097,  60646, 138994,
       141129,  32091,  78307,  84310,  72823,  12766, 106372,  45716,
        69187,  10288, 140438, 144323, 114956,  18560,   8508,  20912,
       130189,  90522,  26729,  11631, 111684,  78725,  95728, 118995,
        14968, 120255,  60158,  26203, 150036, 111486, 107146,  71328,
          487,  14031,  16625, 149048,  65571,  86851,  82407,  71024,
         4600, 116513,  73116,  64566, 135906, 114532,  89909,  88622,
       124834,  96334,  72374, 118805, 152698,   5602, 117986,  95305,
       121624, 144896,  61648,  37567,  24410, 121208, 146505, 140170,
        88346,  98674,  54273,   4485,   5746,  49311,  93757,  91742,
        84492,  14069,   1910,  59231,  52126,  12593,   9765, 102652,
       127333,   1350,   4692, 131100, 147396, 122520, 124428, 152505,
        99086,  54904, 131795, 136847,  85722,  83392,   8036, 144292,
        62441, 142209, 129333,  99832, 142380,  79444,  47142, 127847,
        71226, 150966,  17391,  34853,  46045]), array([ 42227, 135852, 136829,  64010, 130347,  19555, 119188,  59997,
       149583, 123266,  11684,  67960, 103850, 130223, 113073,  56976,
        39528,  45430, 128541,  56936,  77029, 150695,  27399, 153622,
        64773,  26070, 126053,  53649, 141141,  32683, 128729, 110315,
        23281,  55981,  98403,  88387,  97050, 128478,  37704, 141480,
        81034,  94127,  10370, 147632,  54601, 148739,  15815,   5042,
        73894, 139441,  15073, 109775,  87264,  50890,  15704,  66478,
        55122,  83888, 102001,  34005, 103753, 126526, 107397,  97162,
       104513,  73958,  37788,  69606, 131497,  99346,  91270,  59371,
       101444,  26684, 137389, 139382, 132701, 107936,   5249, 111619,
       113801,  53713, 146225, 125467,  86652,  20640,  91055,  84580,
       105817, 130080, 112518,  25638, 107625,  85160, 142628,  90191,
       133175,  33217, 147021,  98233,   7281, 140195,  55346,  26800,
        62507, 120993, 152957,  65822, 131954, 106154, 116323, 140765,
        90642,  26864, 138497,  71103, 141640, 150468,  97999,   1041,
        47464, 108885,  96781,  90757,  48824,  21269,  27077,  62340,
       115805, 109697,  59973,   2374,  64226,  29848,  72798,   7450,
       150590,  54797,  69104, 103088,  49313,  97365, 108934,  42666,
        61030,  30228, 109350,   2747, 137994,  66884, 144833, 107527,
        34113,  76702, 109439,  91006,  85056,  50078,  31167,  79021,
       132298,  63394, 148674, 140803,  79522,  92047,   4473, 105893,
       151623,  67174, 125713,  65720,  23704,  98120,  54328, 106597,
        63683, 143594,  41260,  44654,  13514, 140390,  45070,  53888,
       143363,   3432,  63144, 104645,  81949,  12311, 106438,  89835,
        41538,  21331,  10929, 121010,  50482, 139937,  29810,  90095,
        51313,  78864,  71318,  15911, 107039, 114562,  84359, 110759,
       152586, 100412, 144731,  77278, 116235,   9245,  57909,  11277,
        75467,  99524,  25880,  96259,  93266, 144108,  90925, 143599,
       128332, 101250,  59533,   1357, 100259,  76899,  45945,  55072,
       105863,  16957, 125934,  51585, 153880,   8583, 105500,  60046,
        51317,  76898,  26354,  85844, 100149,  32039, 105422,  91634,
        12838, 118742,  16393,  95511, 146962]), array([148417,   7852,  34566, 112672,  66978,  83394,  31475, 109035,
        19295,  21018,  46989,  98301,   5123, 113800,  84018,  59673,
       106267,  36151,  43062,  42561, 124753,   3467,  90621,  16036,
        44897,   5400, 128520,  66069,  19237,  29890, 122276,  63072,
        44963,  27766, 125818,   3550, 106704,  95672,   2639, 151720,
        68703, 120761,  82379,   3266,  15241,  36588, 146739, 128392,
        30403,   8455,  73772,    514,  43674, 118085,  66592, 149125,
        57966, 141372,  15459, 142572,  96054,  91414, 141669, 148513,
        35813,  72549,  25533,   6276,  23420, 120106,  65794,  74295,
        51650,  74169,  30274, 104101,  74720,  89873,  90679,  66542,
       121123,  44199,  78848,  84717,  19862,  19176,  95449, 124240,
        53820,   3682, 110249, 109818,  98704, 103341,  77439,  42481,
        22237,  18611,  58768,  70560,  79937,  95139,  42512,   4294,
        13749,  74610,  38440,  58539, 100790,  44332,  96293, 150957,
        49260,  72893,  89145,  26314,  48811, 135859,  89576, 151650,
        66393,  30322, 138236,  53225,  60000, 118079,  76509,  13291,
        59440, 132042, 146801,  74622, 129976, 122872,  16682,  85968,
        76106,  38235, 115681, 149683,  22826,  45947, 132666, 116469,
        31686,  52629, 100942, 131859, 100159, 124290, 129896,  59426,
        15158,  84584,  47030,  15085,  43762,  76715,  25319,  27066,
        63508,  91585,  96275,  28310, 109836, 144576,  14155,  69272,
       115866, 125968, 139549,  67249, 105046, 150911,  17347,  40812,
        69225,  85403, 106279,  27381,  35699,  56261,  73247,  96363,
       104866,   2965,  64153, 129609, 100178,  71172,  83354, 135653,
        36320, 118336,  21605,  61184,  89589,  73539,  90260,  60662,
        86181, 153732, 111781,  23413, 138259,  63150,  63390,  34937,
       139509,  52012,  18748,  23219,  88807, 121100,  56850, 117345,
       127916,  95352,  15660,  99337,  76935,  49007,   2497,  85421,
        85612,  51024,  39395,  69811, 109301,   2577, 115214,  30785,
        75282, 145141,  21626,   5269, 135670,   3084,  72133, 127337,
        49044,  21353, 105152,  66256, 132435,  92853,  77718,    697,
        11320,  94652,  78196,  20659, 135940, 113719,  34784,  25202,
       146103, 120041,  57103, 148901, 128488,  57799,  84563,  14198,
        73886, 111420,  22001,  68767,  84771,  43634,  41058, 113620,
         9646,  62860,  98388,  39074,  94106,  44031,  84372,  64355,
       152389, 153205,  65113,  18399,  50560,  26091,  11130,  42184,
        79451]), array([ 61510,  65648, 139942, 104170,  21855,  22040, 125256,  14480,
        73622,   2425,   2321, 109133, 123372,  37258, 117101, 119919,
       127078,  29342,  13867,   7204,  96718, 137940, 101366,   6895,
        23737,  26491, 119197,   4447,  99518,    291,  30455,  47396,
        26163,  75307,  60784, 105194, 143646, 107979,  68620, 135719,
        17305,    206,  99680,  56278,  50463,  97414,  61191, 152648,
        98948,  53549,  95793,  37863,  17645,  57391,  65339, 138318,
        66747,  64859,  93299,  83473,  48521,  40925,  49598, 136439,
       100416,  71733, 105325,  16072, 137370, 132935, 118489, 111101,
         4643,  20353,  76765, 135863, 134567,   5652,  11000,   7344,
        22036,  46682,  32078, 102233,  22994,  69137, 140992,  47211,
        38942,  29834, 128351,  38190, 118583,  74130,  71559,  76580,
       118317,  80645,   3000, 118349, 130936,  39210, 120845,   9285,
        12450,  73190,  40138, 143816, 127345, 124617,  76055,  77606,
        86995,  41261,  60204,  45606, 117725,  68218,  91527, 104347,
        42869, 137746, 135330,  37216,  60871, 121180,  40001,   6437,
       107948, 106332,  61328,  73397,  60859,  60514,  55726,  83173,
        47522, 147706,  35263,  34531,  86544, 106425, 124800, 108517,
        42538,  78115, 151823, 128501,   4200,  98705,  89623,  43378,
        79359,  12881,  47216,   5573,  72007, 137062,  89313,  25450,
        31982,  25224, 152970,  44492,  53099, 108908, 104694,  70519,
        19928, 149335, 151046, 115393, 131610,  78674,  69936, 130798,
        34396,  35105, 121275,  90735,  11832,  51179,  68938,  26332,
       115406,  77452, 136958,  60832,   9461, 132840,  80968, 111871,
        86436,  58052,    432, 133984,  43723,  85862,  17844, 112994,
        56791, 131227, 108876, 122656,  43354,  52833,  41408,  66869,
        22520,  35031,  99882,   3969,  17944,  12319,  81442,  71399,
        58602,  68484, 131738, 146307, 141765,  86810, 115810,  98553,
        79911,  97635,  44836,  93947,  73373,  62729,  91942, 123825,
        98942,  69278,  34429,  77756,  71388,  59634, 139965, 140414,
         9140,  89754, 145599,  16806,  46795,  78204,  27407,  65659,
       107181, 115499,  56162,   9565,  81550, 137065,   6408,  89516,
        57737,  34943,  89250,   5750,  36383, 120843,  60282,  48739,
        95773, 126595, 140003, 101145,  44647,  15527,  10556,  64372,
        76903, 116608,  14152,  52967,  24784,  38279,  55774, 124115,
        99999,  55512, 151739,  11196,  62776,   2505,  59062, 135302,
         3844,  11191, 140974,  77457,  45443,  62882,  88123, 149973,
        33611,  94604,  47232,  30572, 149696,  17406,  96961,  56583,
        41562,  49541]), array([ 82478,  81944,  28271, 111068,  77368,     14,  69492, 126894,
       148279, 112403,  33651,  86377,  99350,  65209, 103375,  48300,
        17315,  10854, 102935,  69415, 135475,  62425,  81303,  61492,
        95739, 106485,  49503, 107324,  28472, 105725, 142900, 133381,
        12364,  92839, 102950, 123861,  62472, 126436, 130052,  63363,
         9528, 137590,  74214,  38927,  68045,  60265,  43341,   7974,
       153715,   1512,   2265, 151610,  46056,   5084,  41045,  57370,
         7409,  43419,  57502,  69495, 140216, 136563,   5724,  76853,
        44693,  55504, 108128,  58218,  69859,  44658,   8617,  64211,
        17818,  39639, 133964,   9437, 136516, 151288,  46143,   6756,
         7265,  41035,  29218,  91127, 133559,  90295, 118463, 110628,
        89965, 149001,  94032,  95816,  46853,  25380,  83286, 128996,
       115372,  21359,   4019,  92511,  64632,    476,  59172,  18119,
        83263, 101198,  11108,  92559,  85847,  10141, 150802,  65117,
        56674,  49075,   9577, 123320, 117240, 125798, 107203, 142519,
        88726,  91480,  76441, 148020,  56345,  92781, 141360, 115285,
        71879,  94070,  92320,  67593,  27187, 112560,   7626,  81239,
         9573,  79861, 144907,  80900,  44458,  60420,  40429, 127306,
       109512, 145744,  12763,  12937,   6482,  15992, 136370, 104757,
        39533,  80655, 151401,  80475, 123939, 141036,  22279,  59774,
       147532,   7941,  25357,  31136,  61496,  88720,  93423, 142096,
        93357,  61291,  32817,   8887,  83651, 152238,  18321, 137329,
        66271, 103634, 107552, 122503,   9632,  70411,  70889,  13172,
       121764,  39171, 117655, 113222, 136989, 103251, 146012,  94257,
        55229, 146726,  66240, 115414, 148050,  74887,   6265, 151250,
        91645,  94898,  70267,  45829, 151366, 123089, 119879, 124063,
        11905,  31917, 153744,  44589,  30483,  22494,  53138, 147575,
       121721,  46994, 138432, 140611, 118566,   3097,  99434,  76103,
        77930, 148654, 149560,  49726,  55264,  25190, 149989, 127975,
       123330,  71422, 145783,  35889, 123051,  48570,  75720,  33314,
        93251,  52785,  79809, 135267,  44276, 129606,  21356,  97450,
        53886,  40822,  87589,  93274,  32220, 112928,  38477, 119421,
        31399, 142586,  74884, 111137, 125250, 134080,  49731,  78878,
        10240,   4355,  26769, 111229, 145345,  55326,  32588,  29524,
       136556,  11573,  35212,  83720,  11376,  64735,  87693,   9844,
         2276, 132706, 119730,  95209,  28278, 105704,   7516,   8086,
       106568,  35675,  89500,  68527,  25789, 132588,  37715, 103551,
        85976,  19690, 130528,  36049,  70059,  19548,  33480, 122599,
       130532,  48384,  37517, 139926, 110669,  32319, 150199,  28102,
        55650,  18437, 151173, 102077,  78153,  18963, 145115, 146732,
       146514,  65955,  70595, 144113, 144444, 132896, 134132, 112280,
       135614,  29067,  12218, 148064,  20853,  31236,  82234,  79224,
        26391, 144919,  42800,  89404,  41605, 114261,   8236,  41570,
        12820,  53462,  56478,  81050,   5566,  38722, 118000, 133905,
       148477, 103355,  15874,  30186,  24098,  16989, 110613, 121176,
       112467,  77696, 100785,  95867, 125373,  26564, 128904,   2779,
        45660, 105225,  46235, 133656,  88138,  54389,  28151,  85336,
        85760,  51649,  51546,  51567,  32605,   9621,  47486, 151180,
         1529, 125533, 137573, 150015,  12180,  95778,  35092,  53525,
        30559,  62185,  71360,  97537,  74494, 139932,  67500,  49640,
       129057,  73708,  25685,  47288,  10780,  76050]), array([ 23128,  26112,  90229,  80271, 153078,  32989, 111906,   9671,
        60431,  33476, 115471,  99689, 141744,  68000, 125212, 100070,
       115756,  53582, 137603,  18984,  65861, 123434, 130779, 143162,
       148742, 126606,   9567, 151873,  43467, 146751,  89588,  34342,
        45616,  64645,  67340,  85651,  47692,  81996,  18005,  45021,
       117755, 152569,  34369,  95040,   9534, 142255, 101139,  90661,
       106922,  78486, 137818,  16038, 134072, 138550, 148807,  45448,
       140565,  70039,  75536,  95837,  83877,  56132, 136061, 107723,
        94184,  63341, 101432,  68985,  26907,  96723, 153105,  40146,
       132290,  75746,  15052, 136272, 144768,  43749, 130322,  52483,
       120975, 135589, 114977,  10934,  94020,  20846,  94527, 116869,
        46062,  98316, 130472,  83367,  40183,  17231,  49186,  29074,
       126675,  85927,  89799, 115895,  18809, 146570, 104993,  16310,
       109740, 138881, 112120,  51603, 139261,  70730,  41232,  99267,
       110506,  99508, 137136,  97195, 132217, 109618,  48968,  96821,
        40641, 137192,  87782,  69979,  25493, 147270,  79199,  53972,
         9004,  15551, 135143,  80251,  77306,  46832, 150797,  47863,
        96710,  69964, 122517,  87248,  36893, 116127,   7535, 135862,
       127011,  97672, 126249,  37183,  12086,  62918,  88053,  77059,
        88998,  73717,  37103, 116459,  30531, 114865,  69491,  76635,
       144520,  75387, 126964,   8575,  77159, 125361,  74723,  78862,
       121664,  19541,  53796,  83492,  87247,  42709,  98264,  52223,
       106656, 119165, 120460,  73324,  31264,  47685,  58967, 145406,
         1316, 112558,  97103,  31869,  99019,  35646,  58705, 113173,
        13706, 115346, 131691,  86142, 124386, 152295,  69825,    351,
         6598, 124171,   1716,  22684, 108699,  37217, 117188, 116680,
        41922,  11368,  54885, 146269,  41681, 106985, 127821,  35575,
        68720, 108812,  44778,  48003,  39611,  97493,  16567,  33184,
         9747,  39076,  27319, 120841,  55648,    766,    289, 128503,
       134032,  67255,   7621,  50323,  55483,  22111,  82334,  75253,
        56076,  13927,  79757, 126317, 142472,  47957,  17449,  89999,
       143108,   8801,  21931,  88273,  87184,  92045,  41525, 131023,
        27756,  47933,  41379, 112281, 116733,  94755,  61535,  40762,
        51041,  71561,  64360,  63571,  96483, 116408, 107872, 141038,
        61228, 102439, 116139, 117168,  19158,  86375,  51214, 113578,
       104863,  11260,  88563,  92469,  57716, 140112, 111668,  17658,
        98165, 121952, 111090,  53772,  74669,  23312,  83269,  21012,
        73053,  48036,  34120,  73613, 110134,  80361,  68667,  78814,
       103205,  99645,  20679,  13910, 147020,  23864, 141374,  19926,
       148964,    185, 102517, 100465, 104050, 136700,    642,  50197,
        81486, 128738,  61819,  92496,   7625,  96712, 144649,   6134,
        36671,  38158,  62168,  80778,  28199,   1104,  64205,   1461,
        96615, 140851, 127843, 114500,  75647,    473,  35165,  64934,
        73990, 127611,  18838, 126522,  64273,  72655,  99694,  37357,
       146902, 129158,   9916,   8342,   4657,  43852,  74636,  96895,
        42326, 102907,  10368, 106786, 139993, 125720,  43591, 151636,
       102702,  12425,  69464,  22618,  54454, 141469, 114785,  47593,
        40883, 115970,  41986,  82760,  98626,  71941,  47986, 151603,
       122248, 109527,  91961,  16477,  45636, 139207,  25651, 107434,
       126328,  40182, 125031,  86228,  80866,  56713,  10381,   6581,
       100514,  62236,  92560, 141195,  40870, 131399,  61581,  50962,
        73346,  65047,  94732,  55401, 109535,   6179, 114182,  24620,
        98130, 100294, 105429,  35118,  69574, 115417, 145246,  81495,
       138306,  11637,  44817, 139362,  71081,  88291,  84419, 107015,
       109650,  91477,  30551,  37822,  54008,  75423,  34932,  50289,
        29809,  46453,  61683, 134622,  22753, 106580,  22286,  75540,
        10050, 131857,  67738,   2054,  78275,  65588, 124222,   3974,
        68567,  53907,  68585, 104565, 109568, 151667,  37356,  57766,
       146843,  17272, 109471,  92924,  91962, 148111, 132122, 105267,
       120812, 123636, 139959, 150215, 115971,  18183, 103793,  83540,
       113309,  40598, 137706, 118513,  13832,  78906, 109105,  32984,
        22387, 101686, 146035, 113349,  47253,  36665,  31209,  28493,
       124031, 135533,  39361,  18177,  21851,  68262, 104117, 127621,
         6035, 130894,  34076,  53803,  17045, 144303,  54001,  82226,
        44095, 143806,  30584,  62273,   3688,  19039, 112045,  96396,
       124776,  45241,  54079,  93714,  48676,  54402, 127936, 148508,
        59800,  67084, 140846]), array([ 19741, 122287, 111480,  43525,  22287, 133258,   4229,   1065,
       143852,  33000,  55973,  65823,  93183,  48542, 152209, 105760,
        64517, 152256,  21981, 126688, 110787,  18214,  28922,  16010,
       143111,  39746,  58585, 125741, 151291, 150450,  66964,  34567,
        22692,  37073,  13553,  31733, 126772,  45806,  80978,  26140,
        79154,  31931,  45542,  33982,   3385,  32018,  14670, 123806,
        98332, 130250, 100846,  80285, 117696,  33440, 110710,  65169,
        18990,  99936,  66123, 150811,   4113,  28941, 140987,  90776,
        95572,  38540,  21644, 136032,   2173, 147333,  81775,  79050,
        71771,  20257,  35537,  20174,  35727, 146653,  54395, 115336,
       151669,  19593, 137238, 138187, 137074, 124694,  59108,  31331,
        92666, 111710,  49676,  26483,  18037,  86257,  48249,  11269,
       145306,  34890, 136968,   3911,  34999, 140676,  10033,  75466,
       137447, 110872, 140388,  15650,  54568,  67097, 123067,  92536,
       153775,  85136, 147155, 145239, 117146, 106472, 150442,   3596,
       139563,  80104, 139007, 116482, 148065, 118383, 145191,  45118,
        50113,  49816,  86888, 119897,  69609,  47256, 140226,  36176,
       152999, 145284,  86702,  87554,  74506,  66180, 119651, 125529,
        76643,  50450, 115403,  74901,  35432, 148606,  45844, 146293,
        71693, 152168, 122831,   1240,  66584,  83801, 111482,  86225,
       134161, 100799,  22453,  30010, 100588, 104820,  11214,  48856,
       144200, 103928,  65429,    238,   1685, 152550,  99723, 121137,
         5257,  23937,  41372,   8547, 116095, 127116, 146630, 117275,
        15538,  74676, 138643,  98156, 114892,  17076,  43496,  24272,
        89685, 102937, 125987,  86908, 128568, 130529,  61497,  78365,
       133864,  74596, 104688,  71936,  54364, 149882, 121449,  41874,
        96131, 138526, 153701,  91779, 118423,  32897, 127411,  94913,
        23127,  34283,  25701,  42170, 124197,  70606,  66247,  10585,
       146762, 119001,  67498,  61507,  62547,   6748, 108639,  72345,
       131740, 105377,  86374,  28023,  46576,   4952, 102677, 113764,
       105831,  28120,  57393,   2995,  26526,  30568,  60033,  66356,
       100376,   4446,  12122,  34303, 127103,  65261, 135814,  56946,
        66556, 104032,  58616,  90325,  73736,  14716,  50781, 102421,
        58855, 131753,  28820,  46058, 107691,  58923, 103207,  26190,
        41250,   2414, 138777, 115631, 123559,  30667, 104934, 148579,
        13149, 138271, 120920, 131779,  78705, 129312, 147728,  60148,
        37015, 135596,  89426,  24176,  22756,  18897,  85896,  35795,
        13929,  83637,  12397,  29906,  79616,  53402, 107458,  79687,
        59464,  52235,  42773,  55064,  42705,  79237,   9362,  66954,
        49243,  39652, 150135,  35628,  23233, 109009,  16471, 107493,
       145651, 106632, 128556, 115947,  80780, 132521,  91732,   8794,
        96908,  40830,  36388,  29663,  18522,   5126,  80177, 128475,
       135581,  98125,  11621,  87868, 110782, 101623,  36262,  34975,
        41608,  98700, 134756, 105987,   8624,  51315,  79228,   9186,
       137792, 113555, 108154,  82214,  24060, 109876,  27490,  78039,
        67929,  79442,  25619,  40041,  77923,  11030,  52984, 146674,
        22095, 129645,  21801,  13937, 117386,  82385,  74838, 119742,
        66818, 140852, 124423,  99944,  37454,  91495, 141457, 148325,
       136294,  27474, 126255,  70323,  68312, 115991,  87839,  83951,
        64840,  35942, 142897, 143459,  10114, 104251,  80241,  14146,
        61135,  28630, 143532, 126802,  82275,  69072,  16238,  81895,
        13316,  11185, 147375,  11010,   1674, 146109, 143041, 129018,
        13682,  51223, 151589, 146227, 119125,  57715, 152610,   7083,
        88759,  95523,  71058,  15075,   4556,  32101, 149241, 129892,
       111268,  56546,  98381,  71509,  16571,  72429,  72150,  37733,
        15710, 106471,  56868, 134874, 146541,  19615,  86459, 130630,
        46941, 134421, 122278,  98396,   7192,  72521, 145283, 114549,
       142104, 122787, 150927, 141693,  88786,  59702, 149598,  30029,
        47967, 152911,  50649,  17993,  51003,  71564,   4329,   4436,
         1560, 108924, 113782, 112820,  10232,  98221,  99953,  48880,
        84605,  20646,  50227,  80377, 127789,  77887, 148764,  77532,
       125014,   8882, 136391,  96505, 140068,  76414,   1210,   7622,
       138343, 107651,  41047, 141840,  67922, 120659, 102747,  29970,
        67105,  50505, 119916,   1406,  12454, 119575,  96404,  59479,
        26035, 131860,  57351,  95053, 105494,  26601,  99707, 116457,
       153825, 147769,  96041,  73171,  71233, 126605, 144106, 135595,
        96288, 116060,  58758, 125136,  70224, 144681,  60442,   8519,
       145123,  13119, 123498, 111427, 143827, 120341, 119359,  14965,
       111056,  10354,  86562]), array([ 65846,  27948, 110930,  35324,  27957,  63970, 127736, 128154,
       102192,  47028, 149886,  48116, 133658, 122407, 120951,  17973,
       135909,  57742, 149551,  24347,  98014,  32004,  36166, 109663,
        61837,  53035,  23960,  84940,  62666,  80389, 151817,  69313,
       153012,  15644,  90435,  95045,  39601,  50575, 134248,  13642,
       134840,  10745,   8463,  53762,  63233,  68899, 115469, 148360,
        47747, 131232, 118757, 130647,  45899,  17355, 121099, 106612,
        99812,  10496,  86728, 124970, 116846, 102798,  82627,  42162,
        50494, 106029,   9484, 141235,  99840, 140305,  52382,  13485,
        20893,  60864,  30533,  79243,   6510, 109415, 134376,  71963,
        68316, 108756, 101991, 120421, 115268,  42702, 146126,  18158,
        40786,  69346,  34631,  20571, 125570,   1431, 108309,  86213,
         1383,  60548,  77353,  14894,  47280, 111799,  96454,  98881,
        66183, 113822,  26125,  75462,  58663,  81826, 122942,  17538,
       113906,  16938, 132271,  17638, 146058,  95399,  46996,  48683,
       115594,  38347,  52156,  38513, 117613,  81771,  43738,  50239,
        38701, 130419,  20232,  23675,  64448, 149741,  11243,  46222,
         4784, 151004,  73771, 137020, 125973,   4909,  44861,  96385,
        77550, 119333, 140387,   6008,  99189,  42805,  81735, 145684,
         5039,  72801,  25999,  61089, 109787,   1142,  24474, 130954,
         3998,  32749,  23172,  53106, 115301,  74175, 153304,  61907,
        30722, 101491, 144986,  93663,  88171,   9451,  65572,  19881,
       144368, 147995,  41664,  11834, 108574,    114,  83475, 116539,
         5923, 119278,  47562,   4347,  78151,   4007,  87570,  24231,
        27684,  22278, 147216,  67469, 115546,  41152, 110843,  13753,
        39889,  33103,  16745,  26715,  88672, 136308,  13796,  78815,
         2705,  66525,  79673,  33609,  60126,  69307, 152759,  77599,
       111882, 148412,  12552, 135531,  79388,  76010,  74043, 118127,
       134343,  47098,  16118,  65478, 146113, 113443,  97837,  72789,
         7116,  24862,  48859,  35964, 120742, 132731,  33042,  84281,
        36279,   5207, 122852, 134160,  60658, 101756, 111384,  36309,
        91015,  36414,  59119,  21568, 127589,  99843,  93751, 150417,
        89253, 144664,  42312, 108642, 106141,  65671,  22764, 127108,
        20547, 117145,  38027,  11299, 114527, 128144,  54591, 102461,
       145096,  85710, 111808, 103657,  28961, 111983, 133997, 132022,
        43818, 141206,   4206,  33229,  63548, 146518, 136064,  64623,
       135763,  56134,  25315,  77344,  34081,  67242,  31281,  95852,
        30048,  23112,  76859,  26499,  50327,  57079, 122181,  24643,
         4082, 149207, 114079, 130180, 115014,  38824,  17846, 110855,
        25527, 139124,  69813,  30954,  36077,  92557,  92070,  60848,
       142351,  22370, 117602,  22855, 140988,  63444,  32466,  78877,
        25494, 139989,  76555,  90266,  43528,  24317,    737, 147195,
       107401,  72368,  91044,  49408,  16836, 104262, 102981, 130367,
         1704, 141285, 117153, 142354, 105393, 136284,  90504,   3449,
        91244, 141288, 145582,  59958,   2793, 115619,  33725,  80345,
        95276,  91991, 106767, 145140,  84659, 128378,  15221,   3704,
        64183,   2821,  34354, 124303, 135007,   1783,  50147,  55195,
       148372,  92699,  53628,  98935, 153084, 147256,  59740,  95180,
       148387, 116701,  61398,  19085,  44129,   6568, 136478, 129024,
         7616, 104630,  13200,  92394,    658,  95651, 119063, 116252,
         7129, 110716, 143003,  73931,  23806, 137967,  71683,  63146,
         7423,  81646, 107882,  69128, 101321,  23840,  47767, 114431,
       100647, 131238,  51776,   6127,  90161,  71726, 151342,  74140,
        93784,  96554,   9194,  22290, 113930, 142437,  42231,  67086,
         6196,  16832,  25020, 118179, 108714,  24551,  69760,  33215,
       153634,  90955,  34085,  20960,  54105, 122766, 150087,  22126,
        94382,  86858,  99532,  98572,   7043,  50100,  95971, 153844,
       149952,  98936,   4063,  21610, 122887,  44469,  20006,  89696,
        95112, 130001,  76045, 131508,  62601, 114768, 135582,  92590,
       140393,  12960,   1207,  79930, 123640,  24319, 104381,   7832,
       153862,  10941,  46852,  63649, 116810,    687, 123180,   5446,
       113212, 137148,  83024,  76348,  60556, 149477, 120613,  14607,
        93987,  55417, 121093,  88745,  95346, 125461, 133389,  84896,
        30585,  50198,  34992, 133146,   1268,  97346,  45643,  74083,
        37619, 119836, 124480,  93391,  59847,  37286,  77157,  21105,
        70899,  33242,  39972,  18941, 137928,  87367, 145951, 134924,
        89370,  62343, 150964, 102687,  75735,  74311,  43169,  56296,
        90882,  87645,  14911,  85055, 144095, 116371,  96980, 150169,
        48114, 105918, 145667, 128289,  58111,  63680,  73415,  97791,
        44691,  74837,  68552, 137702,  92737,  94685,   5173,  88537,
        63462, 153150,  95556,  95007,  92202,  73610, 152646,  29302,
        34075, 122212,  29222, 151106,  17789, 136686,  34633,  74305]), array([ 49066,  80007,  68865,  70891,  66717,  79786, 152671,  56864,
       126828,  30037,  89871, 123326, 139643, 102315, 105116, 117135,
        70130,  20186,  22614,  85435,  14412,   3489, 144192,  86127,
        73767, 106468, 133598,  71719,   2697,  54102, 143151, 104002,
        97706,  71653,  36839,  87392, 127323,  38336,  85195, 111016,
        96118,  71219,   1079, 129560,  56133,  67186, 102578, 115049,
        55638,  19381, 126698,  77813,  79327,  90174,  16270,  51019,
       117573, 112127, 121895,  73411, 124066, 111014,  84034,   3128,
       116750, 117493,  11603,  10641, 129040, 116495,  23201,  17746,
       110253, 153207,  88087,  97247, 136393,  99637, 105014,  72415,
        60138, 142525,  66673, 123425,   4232,  78401,   7725,  60867,
        25304, 110732,  56343, 136447, 135459,  70470,  32372, 130778,
         1291,  80298,  14364,  54998,    685, 115164, 132938,  27356,
        77432,  13930, 104073, 125644,  97668, 113673,  43031, 149720,
        36888,  95936, 106072,  55433,  74631, 133093,   3833, 148485,
        80213,  24368,  93548, 102771,  10814,  15603,  77906, 140931,
          545,  84665,  26702,  84327,  69120, 150534,  80160,  32807,
        34649,  73738,  36039,   9134,  41579, 148271, 152573, 153835,
        97010, 122426,  52120, 119968,  20162, 108511, 145623, 111282,
        99425,  27780, 131478,  39644, 144072,  50724,  95800,  82041,
        27753,  60467,  16402,  89042, 140493,  35920, 124489,  43097,
        60544,  49671,  75516, 134876,  85863, 143183,  34809,  55659,
        27209,  37045,  90533, 115816,  17628, 148847,  74750,  47648,
         7602, 128340,  68932, 142831,  42106,  93898,  66879, 104595,
       109395, 126285, 100449, 145010,  31563, 133588, 150357,  29224,
        89552,  49974, 146454,  29526, 133775, 109380, 124407,  13043,
        17568, 116114,  19837, 118129, 116603, 127288, 126572,  27985,
        77968,  23879, 105357, 137701, 117321,  65784,  68522,  60308,
        34312,  51210, 136410,  53247,  54819, 125248, 117464,   5899,
       126210,  56490, 108267,   5993,  30140,  57923,  66976,  99537,
       139906,  96830, 131307,  98767, 115007,  25528,  71057,  27239,
        37643, 104577, 101823,  27772, 145641, 106868, 150209,  58050,
        43534,  86902,  67230, 122544,  78430, 135843,  59139, 148254,
       112293,   5978,  87452,  25096, 144592, 119523, 118823,  95233,
        54376,  24542,  67179, 146123,   6941,  28193,  66401,   4228,
        53914,  84004,  25038,  81987,  91342, 120499,  64920,  38940,
        42307,  16474,  21994,  13499,  26102,  25526, 107035, 122951,
         3522,  71782,  83866, 120137, 132099, 116816, 153693,  36496,
         5795,  36705, 109006,  90870, 132130,  15268, 111905, 135303,
        75374,   7731,  55689,  30775, 144870, 104778, 130872,  54531,
       143758, 124090,   8919, 110764,  49846,  57521, 105727, 139929,
        68089,  13955,   4317,  44088, 141044, 104097,  11639, 135672,
       109873,  55259,  11441,  15844,  96126,  77363, 103448, 146037,
       106689,  14070,   8924,  79624, 152955,  64288, 122840, 118904,
       124698, 134094,  51488, 110704,  91360,  39058, 131916,  77574,
       141413,  29134, 125710, 125915,  53541,  41680, 150872,   8434,
        88419, 118551,  47506,  33360,  16050,  57138,  55671, 140858,
        29082, 122216,  36545,  24061,  75082, 108632,  38029,  76997,
       130226,  95136,  59030,  83271,  68237,  80388,  55710,  52026,
       115790,  74240,  48518,  28211,  45997, 152770,  22435, 138216,
        90257,  66932, 144601,  22291,  27524,  93315,  82380, 100794,
        30840,  58684, 138597, 121537,  51051,  37617,  27949, 128203,
         9944,  11982,  46677, 110742,  87430,  17182,  11990, 136065,
       124688,  64460, 129117, 126333,  32972,  98410,  50745, 124439,
        23088,  43244, 128861,  56887,  83353, 117045,  41355,  24088,
        72310, 126495, 143845,    692,  59033,  74432, 143654,  20291,
        52200,  67044,  28175, 146180, 132444,  66572, 110659, 104996,
        14814,  65885,  67589,   6792, 112499, 138085,   5544,   3219,
        73316,  78652,  22680, 148878, 121410, 150548,  29533, 105219,
       140801,  76375,   7779, 129476,  85030, 100709,  66482, 116053,
        88929,  16183,  81177,  76484, 111529, 123569, 131887,  93210,
        77252,  99016,  20979, 118459,  20304, 116159,  11514,  61878,
        62884,  96886, 144556, 134827, 117251,  63355, 102761,  35576,
        97435,  28724,  17504,  90420,  18328,  51085,    920,  46856,
       121575,   1039,  52662,  58736,  71609,  30364, 144336,  30824,
       153642,  19616, 118804,  82303,  87963,  64397,  68302,  24594,
        48678,  46664, 132426,  31501,  98213, 118204,  41526, 121961,
       113234, 152049,  21475,  66333,  52322, 115427, 152910,  45186,
        62059,  94508, 141617,  11087,  34232, 136303,  23494, 101498,
        40717, 149039,  96806, 101170,  86020, 105882, 101166,  39155,
        93634,  88457, 138594,  24647,  66727,  25299,  99275,  94971,
        57793,  66802, 116330, 133745,  37792,  15546,  21445,  31416,
       122403,  90764,  98561,  48662,  21253, 119732,  36413, 139647,
        16368,  87955, 101893,  30880,  80018, 151473,  91436, 146716,
       131621,  66296,  75360, 109260,  32597, 133564,  81584,  80376,
          132,  94525,  26214,  85133,  75507,  63802,   8204,  46090,
       142321,  35613,  14602]), array([ 42766,  24617,  50618,   3471, 142187,  91459, 147371,  17470,
        69707, 131197,  77290,  79991,   7076,  90488, 131702,   1885,
        13680,  46190,  82662,  80724,  15225, 125991,  88944,  75803,
       106590, 146487, 101251,   3347,  37785,  79437,  33236,  58770,
       116315,  82938,  81625,   5878, 106371,  57603,  90195, 131510,
        41013,  73124,  26387,  54955,  52406,  88818, 125920,  89430,
        40400, 122060, 100293,  26639, 125709, 112083, 114577, 146422,
        49430,  14572,  74179, 117770, 127618,  62150,  69037, 103629,
        70413, 113967, 140772,  40187, 104539, 122379,  41910, 125616,
        52104,  56553,  33929,  73403, 105243,  98246,  89101,  90363,
       148941,  34535, 128233,  20050, 142102,  14260,  59838, 102094,
       144505, 111254,  22900, 134561, 139653,  16900,  42892,  66689,
        57234,  72330,  82814, 130734,  10195, 101197, 141756,  53781,
       141083, 127949, 115893,  29355,  57851,  22496, 149070,  24228,
       144416,  78669, 143390, 130758,  78893, 119533,  25382, 101901,
         6829, 131500,  32137, 133414, 101726,  17023,  12833,  12764,
        24886,  84385,  97513, 150396,  51366, 115341,  10561, 104289,
        47565,  24273, 145026, 101784, 132782,  98440,  96649,  21318,
       138272,   7787, 107921, 101969,  80456, 109404,  73735,  20615,
       145969,  58969,  53039,  86764, 126904,  96148,  85743, 131343,
       136046, 128310,  85352,  75090,   7457,  65279,  44694,  85171,
       150934,  65225, 145759,  92130,  68997,  82421,  16733,  68753,
        99145, 119927,  11390,  81162, 143872,  35925,  32054,  14402,
       143293,  79047, 144406,  29145,  81157, 123404, 118400,  78378,
       110596,  19914,  45059, 127765, 145119,  57557,  15771,  85619,
       102552, 100541,  55507, 100227, 141661, 145932,  38827,  74712,
        60427, 105419,   4429,  90888,  59039, 112823,  25856,  24965,
       102933,  94609,  84063,  16306, 138162,  58877,  42059,   1877,
        17258,  12390,  16739, 140706, 110775,  21156,  25241,  60703,
       113201, 147627,  69521,  75070, 144703, 121503,  54344, 107393,
        52781,  10981,  23215,  13089,  87383, 117079, 115203,   5924,
       132528,  18187,  64079, 127330,  40991,  87310,   1767, 105254,
        53454, 120491, 124366, 149345,  64024,  46480, 145861,  71603,
        42745, 137482, 126101,  25007, 135356,  92914,  72504, 124028,
         8226,  95375,  30553, 115378,  46066,  48817,  29617, 123984,
       131298, 133361,  29066,  65545, 144242,  51065,  25863,  84673,
       126234,  68643,  65241, 122759,  64386, 100741, 109282,  11307,
       122820,   2389, 104185,  17934,  23222, 109637,  44776,  98500,
        96189,  95140,  16246,  20701,  22145, 125298, 140916,  90672,
        48923, 129568,  21740, 106965, 119180,  95962,  44943, 137378,
          166,  49105,  93872,  97545, 135329, 143484,  20990,  33333,
        10604, 116229,  93218,  29426,  39389,  43202,  50336, 100796,
       103062, 137814,  82361,  81234, 138422,  25279,  48860, 110925,
        95955, 119635,  44353,  65000,   6374, 129638, 129177,  43070,
       105888, 129736,  76068,  62665,  13381, 144476, 123589,   2710,
         6882,  96467,  10562,  28078,  27404,  72873,   2925,  77123,
        15292,  15672,  94747,  92482,  92443,  59711,  54030,  59494,
       137270,  77340,   9177,  31944,  80394,  99368,  51734, 135196,
        93132,  90005, 152762, 133953, 146331, 145593,   3334, 142378,
        77130,  54507, 129917,  93361, 122754, 133940,  53610,  81950,
       131678,  52148,  40486,  54217,  93793,  21413, 143060,  61229,
        89954, 149998,  54621, 110307, 131829,  54826,  93742, 130153,
        23988, 132407,  91749,  13535,  98733,  35755,  67448,  54020,
         6981,  52716,  33497, 105083, 122626,  71036,  44063, 103316,
       152082,  16225,  52887,   8683, 119530,  36778,  75930, 144967,
         5610,  59720,  93320,  32964,  20124,  55317, 138535, 118771,
       126557,  14544, 126375, 128756,  27267,  66567, 148626, 144440,
       119673,  19213, 104322,  73413,  61945, 153534, 152513,    680,
        51140,  27522,  15574,  22861,  73724, 113830,  59206,  14351,
        13564,  71812, 105344,  54765, 111287,  26600, 110901, 104373,
        37038, 149842, 100406,     87, 142046,  86804,  79621,   7158,
        94324,  27736, 137001,  39010, 112758,  61919,  15797, 115442,
       112199, 151235,  22039,  11346,   4920,  31450, 112890,  30183,
        40493,  89166,  12594, 153562,  58542,  57098,  90400, 128639,
        50513,  70228, 138671, 102832, 123409,  68626,  37946,  97090,
        29149,  62152, 124671,  29613,  63636,  64316, 119990,  38872,
        96928, 127405,  57040,  81451,  26337,  63171, 126288,  87976,
       114398, 121851, 120179,  34061,  29685, 135112, 108037,  60069,
       122167,  10455, 153830,  40141, 120909, 108705,  57024,  68846,
        63399, 123289, 102664, 104984, 125152, 104325, 124511, 129054,
        48042,  38700, 128731,  28735, 152340,  20961, 142458,  97032,
        68374, 111205, 151585, 109235, 129552,  92235,  63103,  66961,
        31046,   8297, 126360, 109795,  24904,  37066,  81671, 100867,
        39714, 105825, 135408, 153633, 130479, 115956,  46868,  25367,
        85413,   4777,  46078,  28232, 100823,  28404,  89119,  12559,
       149431,  25454,  19062,  87662,  33371,  32763, 152567, 129015,
        30061, 110484,  61942, 152072, 147097, 131701,  36680,  43423,
        77010,  66864,  79439,  26416, 118060, 124198,  40809,  62484,
        84412,  96012, 130259,  68509,  19753,   7499, 115758,  78261,
       117734, 112643,  51189]), array([100141,  84643,  83323, 153386,  26327, 104068,  84947, 146736,
       130960,  68233,  75776, 133077,  21024, 151835,  14516,  62794,
        59691,   1508,  11995,  11193, 133132,  14133,  57404,  18950,
       115264,  78409,  52262, 149244, 114525, 127903, 151902, 102139,
        47553,  10223,   6327,  30546,  99857, 114557, 132295,  86963,
       112181,  47824, 144847,  28666, 111369,  61130,  34223, 122701,
        21270,  11300,   9394,  74193,  17972,  97662, 111805, 121130,
        36546,  38143, 148339, 128902,  19304, 103642,  18018, 107031,
        52699,  92716,  58854,  63370, 134915, 135724, 142092,  23674,
        99642,  97396,  40465,  20211,  56777, 120674, 136780, 111470,
        41457,  22832, 148410,  13924,  68462, 115420, 119229,   8262,
       133244, 114325,  92928,  40622,  72389,  19121,  36636, 110127,
        82280,   2018,  54727, 109664, 129264,  45255, 134021, 106730,
        45006,  56988,  25334,  11145,  77499,  24066,  97726,   1667,
       133871,   7856,   8368,  59721,  12105, 100246,  73891,  42333,
       122178, 146485, 142086,  34636,  39926, 124035, 107055,  60641,
        33417,   7774,  37794, 130000,   1387,   7693,  40905,  39108,
       129832,  52540,  41326, 153752,  48861,  27855,  13534,  69433,
       123405,  35445, 113481,  45447, 130463,  10656,  54378,  21660,
       132956,  95906,  57708,  60154,  27731,  97526, 101038,  22477,
        15378, 111162, 133911,   8986,  11785, 121929, 140266, 138122,
        77454, 129579,   5255,  83986, 152702,  47977,  70381,  41467,
        71671,  17737,  47731, 113396,  77056,  98362, 141520, 146007,
       124707,  96666, 101636, 142675, 138357,  99340,  83206,  26191,
        12997, 116866,  88214,  52600, 122684,  18705,  38948, 139898,
        25248,  99585, 138720,  31464,  51799,  78218,  78659,  62451,
       128331, 151992,  54783,  31829,   9546, 102355,  99468,  72950,
        73340,  46364,  62709, 101949,  85084,  17695,  80966,  15248,
        64283,  65646,  70772,  68413,  64527,  15495,  72216,  70147,
        15695,  75055,  34662,   2165,  16282,  92168,  73229,   1683,
        54428,  60617, 134647,  91829, 118232, 118478, 132043, 132408,
        34856,  39434, 108171, 121830, 128563, 149038, 141992, 110894,
        34763, 112076, 107684,  31585,  82003,   6796, 152445, 124856,
        40687, 127779, 145986,  80186,  31868, 116948,   2854,  80446,
       151550,  14860,  78075,  20317,  15694,  90908,  49635,  17255,
       108568,  51540,  35930,  19104, 149155,  28106,  12253,  82816,
       130002,  19257,  61933,  72321,  22999, 119518,  44781, 144294,
        24888,   3507,  75291,   6944,  76873,  54502,   5393, 142879,
        24002, 107143, 130628, 114297, 133259,  65802, 142504,  13772,
       127414,  89243, 119851,  69854,  29538,  63195,    893,  60826,
        59217,  91452,  53405, 129452,  49772, 118704,  11585, 119950,
        11055, 146852, 120699,  48505,  85129, 148317,  24738, 150300,
        23961,  59907,  30804,  72757, 138233,  53889, 106843,  83119,
       116601,  88321,  41773,  74206,  77075, 135269,  40322, 148106,
        95637,  38352,  20161,  74052, 110303, 121757,  68209, 126756,
        22445,  64960,  43285, 127648,  17822,  57565, 145820,  62149,
        57893, 114265,   5554, 118741,  39051, 137704,  14454,  43133,
       140827,  28114, 134868,  99556, 123540, 144393,  23203,  95389,
       101770, 113373,  64941,    531,  79707,  80194, 150424, 146650,
       132607,  68207,  58047,  74624,  12286,   7372, 127971, 105508,
        14676,  38072,  12334, 122653, 141529,  31993,   5731,  39848,
        46799, 104729,  95294,  31859, 147290, 100210, 138114,  72715,
       142630,  29414, 109863, 122253,  51122,  15619,  86680,  21169,
        78627,  54917,  97364,  33786,  97632,  75024,  48274,  27978,
        12283,  31336,  49168,  80747, 107271, 153210, 145958,  84720,
        28957,  44393,  64633,  48208,  86640, 110976,  84696,  44361,
        88991,  70961,  31471,  40495,  29979, 150120,  61420,  79702,
        65705,  18014,  61396,  71224,  50596,   3674,  70825,   2770,
        31373, 136473,  78795,   7916, 123887,  73868,  44225, 134361,
        16649,  61170,  48496,  43446,  19950, 115251, 151865,  64868,
        87263,  44430,  23429,  11992,  50129,  29179,  47889,  16997,
        30156,  88950,  30255,  34765,  86771, 119828,  67231,  17702,
        57620,  32379,  22347,  42819,  95721,  79740,  84809, 116772,
        27089,  20966,   6282,    990, 150184,  41845,  87997, 120563,
        45911,  30451, 129808,  94170,  57757,  33608,  37740,  37321,
        42337,  37481,  83990,  89036,    484,  54336, 153365,  69548,
        93043,  74651,  38593,  16556,  42091,  28706,  16023,  18559,
        54023, 136288, 120854, 128740, 152151,  29474, 130471,  58563,
        83850, 100669,  14350,  78640, 146606, 102160,  63808,  37304,
        92614,  55201,  83172,  21739,  57702, 102163, 117803,  82888,
       111685,  36933,  36112, 141930, 125133, 125112,  23904,  11007,
       111144,  28547,  10682, 123464,  36946,  87722,  46075,   5447,
        45880, 125328,  35645,  84607,  32737, 104285,  42043, 137742,
       145586,   3555,  12296, 104895,  35192,  93297,  54226,   9714,
        88185,  45193,  47599, 134548, 148763,  41593, 108483, 151954,
        40802,   8998, 142320,  99232, 122765,  78841, 109722,  86821,
        98225, 102516, 103426,  41453,  73168, 136962,  89267, 123453,
       147509,  93812, 107262,   8477, 124899,  14858, 149432, 148292,
        20081,  81478, 127713,  41724,  16531, 111718, 127696, 143859,
       105558,  38555,  14357, 101228,  19185,   1050,   2029, 103736,
         5655,  42355, 125060,   5048,  15556,  43033,  35278, 122094,
       139630,  17578, 148002,   3829,  13179,  83445,  11770, 111966,
        68635,  18744, 137756,  67508,  83233,  86486,  70691,  18035,
        70737, 144853,  21853,  76196, 152411,  96260, 144456,  73165,
        31280,  72116,  99998,  98462,  91475,  93837,  87728, 139787,
        61825, 152215,  67814]), array([ 96855,  53158,  80488, 134826, 142369,   3025,  84323,  66091,
        36760, 113482, 104475,  10082, 126691, 137879,  65787,  34948,
       128708,  22877,   8710,  65450,  32714, 101171,    390, 153376,
        40720, 103481,  66026, 117889,  58387,  71298, 153644,   3888,
        71578, 139035, 130875,  58264,  84744,  89164,  32876, 111713,
       122548, 148544,  30175,  47459, 148665,  46448,  10143,  64576,
       108230,  56217,  94447, 138116, 118391, 119969, 148735, 144660,
        38847,  56996, 149108, 126197,  14489,  45708,  80800,  60741,
       111895,  96154, 137961,  82602,  42071, 105756, 107756, 148383,
       113303,  37938,  57095,  91955,  26533,  31203,  41904,  33023,
        53222, 118267,  30774,  23218,  34438,  48139, 146380, 151003,
       130550,  58701,  11875,  72197,  37360, 150974,  50364,   5823,
        21236, 125673, 146573, 144098, 134602,  19915,  21260, 139636,
        97241, 153007,  27085,  53456,  32133,  28787,  73380, 100330,
        66888, 150052,  49062,  85251, 128079,  16369, 133042,  64513,
       116111,  34865,  84845,  32856,  27818, 111804,   4462,  51778,
        17875,  85655,  47006,  91788,  23070, 150795, 108904,  66192,
       120698, 135442, 124144, 137166,  59925, 138054,  31051, 133528,
        43626,  84271, 121313,  80555,  11313, 112184,  11045, 141069,
       101536, 153019, 102626,   8041, 116358,  74603, 124451,  89031,
        55003,  96472,  50978,  63901,  31015,  79266,  56792, 152956,
       129554, 112131,  32997,  13153, 133954, 109475,   4558, 105299,
       106552,   8633,  84626,  39636, 105210, 137093,  32093,  19060,
       108452,  51082,  89917,  18656, 143466,  84279,  87046, 126401,
        18155, 140938,  68399, 150902,  87523,  65344,  81585,  66359,
        48885,  27359, 143214,  39483,   6745,  71313,  78303, 141968,
        58742, 101382,  63599,  16294, 102375, 113815,  28382,  62341,
         6313,   3785,  37483,  57106, 106082,  13695, 120762, 113395,
        88511,  90934, 112010,  26043,  15750, 148557, 131777,   3292,
       130603,  15836,  90557, 149835, 130292,   5663,  15403,  52041,
       114852, 141007, 139527, 147329, 121107, 146301, 130276,  17616,
        83005, 124379, 114278,  33743,  18029, 106757,  74517,  95441,
       112080,  97281,  65173,  62353,  66432,  45336, 108818,   6902,
        47510,  50358,  84175, 128788,  83223,  94276,  67305,  20273,
        34574, 141954,  71714,  95155, 140907, 124767, 130913, 127670,
        17802, 114817,   6848,   3579,   8091,  11528, 103684,  40355,
        98055, 145773, 138294, 112039,  81712,  45812,  20570,  70846,
         5267,  90463, 140501,  91425, 147413, 111168,  49082, 129636,
       150092,  65701,  76865,  35272, 148596,   9250, 112068, 139373,
       113024, 105732,  45695,  11128,    446,  30276,  41584,  44280,
        73924, 111072,  66682,  71940,   2855, 121221,  97343, 148629,
        86573,  70028, 153881,  88110,  20223, 112757, 144131, 107071,
        54369,  85300,  13014,  94464,   9580, 136205,    396,  76699,
        84188,  74499, 134048, 105261,  70227,  39080, 115846,   8863,
       113435,  67290, 140644,  43545, 152478,  56897, 124226, 128342,
        18367,  43748,  61922,  33264,  92217,  57115,   7988,  63704,
       138659,  17534, 141067, 131695, 143711,  21949,  37008, 115757,
         6036,  97192,  22173, 151216,  65908, 106964, 139401, 141565,
       148756,  55181,  87067, 123631, 105420, 149669, 144692,  92110,
       112615,  35526,  99819,    904, 151113,  35358, 115113, 111839,
        28757,  51185,  94274,  11533, 108499,  81792, 149343,  81359,
       140692,  33846,  11005,  92198, 135948,  96808,  61349, 116789,
        87896,   8563,  57583, 138831, 129713,  16408,  61737,  73300,
        41629,  47047,  14467, 131369,  87792,  23861, 143138,    108,
        52627, 120408, 153179, 134480,  50946,  74798,    159,  22186,
       108374,  76275, 146334,  57604, 151502, 145334,  63750,  32735,
        67599,  66230,  64028,   2808,   9657, 111527, 128914, 109514,
       117483, 153761, 105245,  27272,  91751,  64647, 122429,  31700,
        88204, 142997, 140357,  70066, 118622,  74566,  42912, 140036,
       142192,  35381,  53079,  83643, 127900,  48054,  84596, 143698,
       101932,  60104,  15605,  65136,  44984, 125339, 117726,  45493,
        90832, 104624, 117938,  93235,  37566,  39553,  45764,  12801,
        61785,  55267, 107655,  51220,  19763,  60753, 153418,  81649,
       112448,  46902,  53584,   3222, 151511, 122177, 102766, 134324,
        68117, 150173, 105630,  22114,    138, 136900,  67765,  68469,
       139526,  86655,  53163, 153274, 101129, 149321,  75490,  66379,
       113554, 153315, 150126, 127164,  77100,   1727,  11925, 108271,
        59755,  85880,  98943,  47490,  51133, 125071,  92999,  30616,
        19013, 100316,  18819, 112102,   3672,  70145,  59844,  10588,
        50782,  47475,  22655,  24444,   9226,  55221, 144126, 120842,
        94943,  30458,  10398,  65578,  27777, 125055, 127368,  26265,
        76837,   3166,  40466,  51398,  60673,  32967, 153854,  82849,
        35722,  22500,  26223, 133879, 148216,  18806,  35895,  29422,
        71968, 104466,  86157,  91731, 116438, 132577,  46188,  72193,
        79516, 127824,  86904,  73307,  15727, 106848, 103327, 145470,
        73311,  96303,  56423,  89777,  76037, 151753,  24226,  62072,
       114225,  53577, 110552, 131433, 142330, 118710, 104793,  43611,
        19545,    348,  78944, 127002, 147776,  91241, 120754,  20678,
        49624, 129151,  96926,  26425,   2863,  96780, 115642,   4480,
        93673, 110622, 120508,  60955, 133079,  48512,  50411,  32473,
        48952, 119862,  89653,  52086,  25268,  25259, 151918, 145280,
       136624, 144672,  85395,  54691,  10849,  11372,  46606,  59052,
       131660,  81985, 107236,  56360,  90478, 152025,  13049,  30369,
         5228,  99526, 101045, 116121, 100284, 139727,  41490, 117444,
        68501,  97700, 107838, 140048,  81079, 130556, 142487, 148843,
        82792, 104210,  92993, 115485,   9568,  81664,  34094,  93949,
       137262, 153213,  86794, 122516, 147680, 120306, 136375, 135201,
        79125,  19290, 116271,  36042,  86876,  69913, 112336,  34579,
        68813,  50582, 119472,  16278,  93982,  78155,   7576, 153297,
       134643,  71498,  87609, 127373,  51153,  87644,  60842,  54992,
       152861, 144577,  87299,  76411,  27468,  33814,  42962,  25456,
       129027,  12633,  11988, 125527, 123801,   3213,  52539,  36116,
       146896,  77586, 123741,  58814, 139776, 122703, 128948,  25468,
        35949,  77680,  66422,  25612, 115290,  67346,  91874,  56648,
       115388,  69778,    728,   3057, 120952,  18093,  13516, 138568,
       144067, 108660, 123738,  58261, 132836,  64561, 116973, 114843,
        54386, 133274,  46505,  89663,  11427, 152174,  82077,  32420,
        27397, 146003,  81547, 115998, 101332,  12342,  83278, 114978,
        12928, 137623, 151654, 114608, 127118, 142191,  99600,  81717,
         4817,  67441]), array([89331, 92356, 81023, ..., 49741, 14328, 17274])]
shape of feat_train: (11544, 602)
Mean accuracy: [0.9276394260310117, 0.0005665529538126937]
