Namespace(dataset='reddit', dropout=0, epochs=400, gpu_id=0, hidden=256, inductive=1, keep_ratio=1.0, lr=0.01, method='random', mlp=0, nlayers=2, normalize_features=True, reduction_rate=0.002, save=True, seed=15, weight_decay=0.0)
size of adj_train: (153932, 153932)
#edges in adj_train: 10753238.0
Test set results: loss= 0.4646 accuracy= 0.9393
idx_selected :  [array([115254]), array([84305]), array([24559, 83401]), array([39795, 40006]), array([124118, 129395]), array([54203, 54232]), array([69389, 36936]), array([129451, 110087]), array([62528, 31131, 60943]), array([ 69207, 102380, 119150]), array([ 25049,  55282, 127808]), array([91561, 79176, 47240]), array([ 68221,  30129, 113731,  85986]), array([142053,  55098,  69535, 107910]), array([153076,  57741,  23117,  89823]), array([  4147, 129557,  11444, 105812]), array([  6054, 105783,  49304,  86868]), array([ 3628, 12259, 46797, 10298]), array([ 73192,  33653,  81896, 107450, 118588]), array([146064, 137479, 143889,  95202,  27754]), array([ 20440,  58893,  69204,  29891, 147535]), array([ 59728,  98040, 130138,  16506, 139311]), array([ 73313,   2144,  99945,  83814, 151215]), array([122815, 148967, 128536, 109346,   9520]), array([105129,  41153,  46052,  85951,  30153, 101448]), array([ 35507,  19697, 141737, 112766,  16901, 128276]), array([101399, 148302, 119475,  50372, 104949,  86292]), array([117471,  84270, 116683,   4452, 130045,  64881]), array([ 68917,  87673, 148401, 115455,   3509, 143517]), array([118582,  75368,  43765,  30794,  50216,  43536]), array([ 94534, 128567, 149681,  45427, 127922, 101418,  63590]), array([ 68484,  42181,  40483,   8024, 148983,   2671,  42537,  22103]), array([121943, 100785,  40743,  84324,  31929,  93501,  57370,  94729,
         2998,  65343]), array([ 81678, 151636,   7107,  23668, 104024, 103130,  19010,  61382,
        81002, 115730,  39245,  81103,  16234,  81416]), array([ 41768,  96915,  72911,  23932,  31524, 101851, 131482,  51880,
        50694,  24449,  75015,  24947, 142243,  62348]), array([ 87743,   2836,  29986,  34233,  95045,  83040, 125905, 150524,
         8146,  31873,  80115,  83024, 150703,  49413,  74575]), array([ 39045, 145215, 120445,  95522,  55942,  28182,  11874,  32744,
        51756, 151473, 151980, 106602,  14235, 129416, 146075, 122427]), array([ 93984,  67942,  64379,  91076, 151832,  81741,  66406,  30478,
       118313,   4804, 104165,   7282,  36751, 139184,  20124,  73008]), array([ 55434, 120011,  12547, 123778, 153627, 151165,  66667,  30205,
       139101,  83929,  21189,  67240,  43172, 131488, 101598,  94352,
       108261, 129831]), array([ 30651,  36297,  88817,  30726,  92513,  42377, 147075, 153518,
        86811, 143254, 100096,  22487, 119494, 151819, 116569,  53368,
        18155, 129595,  39962,  18449, 148444]), array([ 34333,  87972,  98145,  53894,  33867, 113237, 138527,  13248,
         3241, 105761,  71409,  32950,  53535,   2217,  88875,  27724,
       108466,  54250,   1062, 153098, 116873,  83611, 137602,  68969,
        35523,  57735,  19321,  23994, 146901,  23901,  54782, 135608,
        38188,   4287, 119315,  60060,  35327,  31851,  18111, 129567,
        68871, 130654,  99183,  24325,  88279, 114757,  18920,   3592,
       137187,   7661,    141,    497])]
shape of feat_train: (307, 602)
Mean accuracy: [0.6467054613799835, 0.010026110295698314]
