Namespace(dataset='flickr', dropout=0.0, epochs=400, gpu_id=0, hidden=256, inductive=1, keep_ratio=1.0, lr=0.01, method='random', mlp=0, nlayers=2, normalize_features=True, reduction_rate=0.06, save=True, seed=1, weight_decay=0.005)
size of adj_train: (44625, 44625)
#edges in adj_train: 218140
Test set results: loss= 1.5509 accuracy= 0.4711
idx_selected :  [array([34810, 24538, 33641, 19083, 24234,  1466, 15818, 32156,  2834,
       23901, 42974, 19456, 35550, 15692, 26514, 25389,  5496, 41558,
       26748, 18465, 36222,  3862,  5655, 10509, 37198, 20890,  6306,
       11752,  6971, 42381,  1465, 18157,  2968, 30224, 44385, 35865,
       31073, 33126, 42215, 42201,  7498, 35079, 27708, 19475, 21082,
       14313, 11091, 25944, 39229, 43287,  8574, 26501, 35685,  2043,
       15449, 16785, 19153, 35316, 26287, 37434, 34603, 19084,  5103,
       39361, 29340, 32509, 37721, 29789, 39200, 17163,  1706,  9358,
       32247, 42585, 41081, 14608, 37438, 16021, 11993, 29725, 17491,
       15730, 14202,  4582, 32999, 11570, 33013, 13059, 11843, 26641,
        2775,  3573, 26208, 43721, 36617, 20069, 43717, 41462, 11977,
        6564, 43935, 19481, 36850,  2318]), array([40985,  1625,  6909, 41496, 39965,  6014, 12952, 14689,  6923,
       36427, 13599, 39542, 18816, 42088, 33701, 42310, 32128,  5595,
       18216, 41334,  7256, 41786, 40621, 24525,  9866,  1888, 31006,
       16142, 13130, 14720,  8290, 14117, 21474, 44242, 42035,  2429,
       44434, 28868, 11770, 30512,  5982, 20253, 10247, 24635,  7275,
        3151,  9679, 26307, 36804, 15559, 38171, 27405, 38617, 21050,
       24948, 28535, 27904, 11028,   276, 23083, 18321, 32606, 24445,
       26125,  3353, 27306,  5279, 11940, 28977, 36229, 18821, 17605,
       40597, 25625, 15374, 24558, 26043, 44421, 29534, 29848, 40919,
        4020, 31642, 12024, 11095, 25603, 13459, 24981, 44166,  1981,
       43492, 43628, 39003, 30740, 17164, 44611,  1580, 31222,   947,
       20605,  7287, 42626, 16042, 21602,  4785, 19537, 20666, 24069,
       16550, 17645,  5468, 28909, 19405, 25415, 17338, 34320,  1491,
        6828,  3058, 11538, 33236,  2891,  1798,  5852, 11169,   685,
       22928, 29716,  3521, 32070,  4659, 39546,   302, 37873, 28979,
       41723, 25921, 15545, 41130, 34612, 31217, 33472,  5408, 22289,
       27432]), array([31704, 44610, 16185,  2706,  7438, 27559, 21375,  4086, 36241,
       13683, 23806, 19443, 34297,  3016, 28005, 15013, 29961,  2696,
       12611, 23416,  5677, 38917, 40719,  6814, 30687, 21879, 13052,
       18262,  4922, 29390, 39364,  3377, 18718, 15560, 13552, 34153,
       26933,  9097, 11389, 39821,  6756, 41805,  8746,    36,  2998,
       33388, 27112, 15291, 15212, 37791, 18770, 29074, 10402, 15865,
       39982, 18107, 42112,  9480, 38324, 32830, 22027, 14788, 11301,
       31985, 28246, 42320, 33673,  8469,  9840,  2806, 13603, 29169,
       24476,  4881, 23761, 31304, 21697, 34198, 33571, 30503, 26367,
        3699,  6085, 43446, 33313, 14336, 18969, 36444, 12391, 27269,
       41472,   837, 24463, 25942, 13426,  1427, 24185, 14028, 44412,
         965,  6610,  5214, 25964, 24400, 32721,  5396, 36360,  8922,
       23303, 29227, 32225, 10412, 25660,  6417,  1893, 30667, 33720,
       13029, 21192, 27651, 14262, 34763, 24290, 16586, 12625, 19717,
        5402, 20596, 27777, 32897,  5003, 42174, 18955, 40454, 23653,
       34067, 32836, 15580, 17520, 30118, 42984, 24565, 34342, 39479,
       36774, 25052, 34985, 35743, 36562,  2426, 14658,   582, 14969,
         948, 17659, 44029, 15164]), array([18843, 43742, 42873, 34380,  9224,  5477, 41384, 11191, 22517,
       24559, 11039, 27447, 13602,  4262, 29111, 13218,  5139, 41869,
       22247, 26903, 20205, 38112, 27981, 18605, 20348, 40667, 31000,
        5497, 19119,  3346,  5755, 44235,  8035, 16707, 17516, 30227,
       24704, 30136, 38310, 14787, 36621, 12119, 30315, 22016,   927,
        9529,  2949,  8791, 29042, 29861, 11990, 13209, 15478, 26828,
       22863, 12322,  2656, 13138,  1881,  9937, 17653,  2766, 37985,
         725, 33439, 19026,  7126, 18594, 18371, 35302, 15787, 39469,
       38693, 28705, 24648, 36997, 35382, 14298, 13676, 21769, 33726,
       25962, 24291, 19953, 27606, 14217, 16301,  2226, 23209, 25781,
       43398, 43576,  9490,  1951, 31314, 31143, 28533, 36653, 14652,
        5920,  1877, 23853, 20355,  5409,  1601, 14002, 34504, 37274,
       38529, 19788,  4015, 21730, 10558, 12868,  7698, 38138, 43101,
       26160, 29381, 34093, 13245, 27468, 29217, 10656, 24451, 27479,
       34886, 15848,  3193, 33991, 36934, 15695, 44037, 15018, 22576,
       42030, 32378, 26750, 34820, 41219, 43423, 21537, 28430, 31583,
        3900, 12800,  6025,  9769,  9210, 38387, 38182, 17399,   282,
       23971, 39798, 29752, 43560, 34186, 44592,  6727, 17962, 37783,
       21847, 15946, 24789, 18567, 39321, 20633, 11892,  2550, 40797,
       17349, 15622, 39303, 14631, 30063,  4409, 42566, 15620, 20449,
       43678, 12146, 20983, 15061, 27100, 14500, 38370, 38443, 22766]), array([20148, 31691, 44004, 33412, 18463, 35147,  7495, 25813, 23207,
       26355, 13465,  4656, 41175, 27753, 19160,  4946,  9859, 25255,
       15488, 36560, 24487, 15731, 35858,   573, 27474, 34141, 33516,
       38797, 18485, 17143, 40757, 24505, 21846, 41217, 13844,   868,
       35935, 15807, 11638, 17502, 36502, 24209, 40497, 33241, 23105,
       26768,  7539, 24995,  5506, 38590, 37460, 33807, 24632, 19633,
       31534, 24724, 40899,  5205, 38441, 14727,  5945, 41416, 37340,
       20483,  3480, 11888,  8060, 20080, 10255, 27351, 31158, 11673,
       40109, 32500,  8244, 28761, 26592,  7923, 30902, 41537,  4418,
       22923, 27048, 14317, 11360, 29787, 19436,  6590, 19008,  2819,
       41008,  6992, 43511,  6695, 37453, 34414, 21296,  4382, 32241,
       12614, 41761,  5872,  7763,  4684,  4629, 42353, 23002, 13543,
       19723, 29853, 12435,  3374,  6662, 14259, 19588,  7953, 18094,
       34012, 39541,  5062,   391, 37101, 43786, 17596, 27007, 39448,
       34245,    55,  2567, 34114, 12130, 25658, 21345, 37557, 12042,
       31976, 38048, 20005, 26475, 20810, 34818, 14141, 35220, 14665,
       28438, 23340, 17145,  2279, 39026,  1390, 26793,  3366, 19301,
       40460, 34032, 15219,  1270, 40078,  5154, 28794,  5962, 41409,
       44428, 24388,  5446, 43132, 22135, 41678, 42295,  1369, 15365,
       11089,  9274, 18141, 10217,  4758, 43593, 42390,  5127,  7079,
       18691, 28729, 30047, 37629, 16005, 36464,   413, 10984, 43932,
       17798, 34700, 30680, 24434, 15156, 44028, 21168, 38725, 23625,
       12011,  1382, 34948, 14458, 15285,  8871, 28174, 37688, 13183,
        3815, 26625, 19798, 22197, 22662, 11456, 15696,  6355, 39630,
       18714,  3889, 33117,  7566, 33971, 23519, 15762, 16595, 20034,
       36700, 24340, 27375, 22465,  2359,  7174, 15199, 29274, 40675,
       41903, 18052, 13354, 11998, 15476,  1240, 42617, 10887,  3646,
       41631, 11282,    93, 34797,  5237,  7103,  5290, 19902, 30928,
       10746,  5690, 13575,  3473,  6851, 10601, 39153]), array([ 8735, 14545,  4934, 21176, 41800, 13487, 28506,  9563, 29642,
       34952, 34289,  1154, 17075, 18537, 44128, 25954, 14437, 19898,
       28962, 30860,  8082, 14351, 26338,  4492, 43726, 13235, 37687,
       20663, 13136, 17889, 29755, 30638, 30466, 12299, 17640, 28980,
       17132, 32223,  5131, 20570, 20817,  3550,  7530, 34253, 25076,
       28521, 19052, 10565,  9245, 17481, 27798, 36845, 42704,  7507,
        4526, 37408,  9853, 22085, 26391, 17538,  4452, 40577,  7011,
       31779,  8410, 32444, 42682, 36682, 19328, 40736, 33029, 27054,
        1266,  4370, 39384, 12851, 41932, 16589, 22542, 12735, 25214,
       14442, 23182, 35267, 30260, 13851, 12737, 15187,   805, 16543,
        8680, 16884, 27964, 28354, 10554,  5950, 25736,  9302, 13688,
       38524, 27949,  7316, 42639, 38376, 34565, 39274, 33055,  7581,
       31201, 30576, 29013, 40249, 34961, 38960,  8361, 36084, 14121,
       35734, 22353, 16636, 19385, 32634, 10118, 29302, 18720, 22394,
       10498, 21850, 22965,  2559, 25164, 34522, 39339, 31823, 35191,
       15292,   261,  4144,   741,  4799, 39430, 10680, 29549, 36265,
       31581, 12984, 11834, 37004,  4398, 37406, 28589, 16218, 26718,
       10747,   605, 41168, 27612, 30211, 13992, 18638, 21358, 29035,
       34739,  4129,  5746,  1470,  6545, 13282, 37743,  1343,  5374,
        1842, 19885, 41780, 19966, 29582, 25319, 12436, 25374, 37532,
       43591, 15210, 25710,  8992, 40285,  4513, 26723, 39560, 36570,
       42524, 36136,  9965,  5843, 12920, 19938, 44018, 43296, 32636,
       36081,  6338, 17292, 32186, 33957, 23395, 37754, 14100,  9042,
       15835, 39488, 27882, 13194, 21734, 41047, 10869, 43699, 15436,
       43765,  7183, 39295, 35157, 20156, 41159, 31921, 16523, 25481,
       29897, 32394, 24015, 16323, 21026, 41122, 19667, 17752,  5907,
       30874, 37302, 42398, 44090, 38275, 42768, 14975, 32175,   362,
        8194, 40614, 29118, 44149, 30818, 40483, 23060, 19792, 14171,
       24660, 16817, 33147, 22116, 35470, 33278, 27049, 39585,  1204,
       43893,   913,  5718, 43081, 16139, 26333,  4539, 42591, 23368,
       12866, 37241, 18779, 41715, 42928, 25576, 14786,  6940,   143,
        5813, 23258, 25501, 37360, 39236,  6232,  2790,  2724, 35529,
       36487, 31340, 35868, 37997, 14139,  9122, 14169, 41138, 14470,
       22410, 31594, 44089, 21195, 29797, 37898, 20159, 19743, 34580,
        8226, 40881,  3463, 43930,  3934, 33182, 36683,  6469, 15495,
        6465, 29523, 22234, 11396, 12157,  4037, 43794, 36374, 26967,
       43887,  4413, 29047, 20647, 10795, 17884,  1937, 12678, 21703,
        2208, 24530, 19453,  2422, 34758, 42846, 18760, 37120,  6230,
       34459, 40126, 20612,  8590,  8529, 43722,  8075, 34747, 29262,
       32299, 41513, 10065,  8014,  9752, 28524, 36591, 23370, 33386,
       30182, 41109,  5885, 38209,  4082, 32952,  8888, 42717,   788,
       34257, 18944, 33919, 33022,  4211, 17140, 14040, 27874, 36937,
        4908, 21669, 31689, 12273, 40086, 43038, 41563, 28514,  1701,
       33966, 37813,  8610, 28116, 38575, 39604, 17381, 31858, 11852,
        8183, 13742, 24306,  4742, 34473,  3247, 40512, 39399, 29588,
       35691, 24958,  6989,  7778,  5977, 35742, 13334,  8506,  1252,
         538, 17792, 26581, 32305, 11914, 37195,  9243, 24861, 34755,
       39326, 13718,  5246,   346, 39038, 15446, 25974, 29403,  5791,
        5430, 37586,  7322,  5979, 42509, 14917, 26571, 23643, 25744,
       25725, 30220, 44458, 25302, 10588, 27175, 20244, 34170, 23681,
       42708, 10429, 16104, 35441, 14662, 41167, 34630, 29147, 24194,
        8535, 32255, 34461, 43433,  8597, 40461,  5511, 42543, 11353,
       40391, 41555, 37517, 18575, 39395, 28719, 28266, 28197, 26204,
       31389, 15368, 17380, 10295,  6440, 41009, 33243, 24469, 18802,
       43549, 19877, 33824,  9395, 32795, 13229, 28490, 17332, 43861,
        8346, 38496,  9686, 11265, 18366, 30810, 10607, 19246, 23325,
       27029, 28932, 33812, 34300,  2404, 15651, 21098,  7879, 38523,
       43368, 24803, 33204, 34574, 18552, 21070, 42622, 38271, 26211,
       44487, 33352, 43581, 17742,  2027, 42467,   951, 11442, 39628,
        3885,  2512, 16098, 27437, 14622, 23252, 22783,  4241, 20975,
        3734, 41549, 20061, 21807, 35462, 35699, 40630,   759, 36307,
       20105, 15469, 30144,  8005,   786, 24644, 36258, 37683,  3917,
       38430, 16580,  3527, 11338, 23749, 18496,  4719, 37435, 27502,
       34692, 34077,  9482, 10447, 43341, 17289, 40417, 22032,  6075,
         540, 29567, 18656, 24821, 12872,  4421, 24213, 29393,  6351,
       19494,  9754, 24365,  3230,  2917, 14474,  5482, 34269, 23817,
       17386, 23999, 20220, 23471, 16997, 29738, 39876, 20274, 34483,
       14514, 33697, 17926, 41162, 10281, 39845, 41579, 15996, 18563,
       11513,  3725, 39300, 27507, 29872,  9419, 39009, 44176, 34226,
       41525, 11707, 28887, 29149, 27101, 36068, 36478, 10363, 22725,
       29361, 23109, 29022, 11109, 41221, 23841, 17278, 28439, 34959,
       23698, 27817, 28541, 18755,  2377, 22504,  2268, 16025, 19198,
        5476, 32962, 28326,  7785, 17090, 41360, 37643, 26554, 14611,
       24339,  2272,  8249, 22158, 34898,  9313, 15022,  7073,  2651,
       10271, 12829,  4651, 11761, 10522,   138, 40877, 14138,  7878,
       28287, 19693,  5584, 17839, 32258, 33696, 11394, 36194, 18342,
       16354, 32064, 10128, 18641, 14966, 12088,  3955]), array([18257, 34703, 10492, ..., 44533,  7359, 39765])]
shape of feat_train: (2677, 500)
Mean accuracy: [0.4551875588222113, 0.0032337327635182625]
