Namespace(dataset='flickr', dropout=0.0, epochs=400, gpu_id=0, hidden=256, inductive=1, keep_ratio=1.0, lr=0.01, method='random', mlp=0, nlayers=2, normalize_features=True, reduction_rate=0.005, save=True, seed=120, weight_decay=0.005)
size of adj_train: (44625, 44625)
#edges in adj_train: 218140
Test set results: loss= 1.5502 accuracy= 0.4715
idx_selected :  [array([44097, 17469,  6787, 22131, 34854,  1896, 27548,  5401]), array([43925,  6697,  5390, 24088, 19595, 40425, 30977, 24903, 40951,
        8980,  6260,  4139]), array([36208, 18167, 29346, 33299, 36790,  6178,  7645,  9631,    85,
        6385, 17590, 42166, 34248]), array([21742,  9207, 10756, 34644, 40365, 17327, 34298, 16181, 34086,
       23805, 41461, 18059, 41886, 11508, 41622]), array([36061, 26271,  9906,  7400, 23484, 13917, 28169, 31657, 44503,
       30653,  9887,  5588, 30855,  5299, 37565, 34496, 31727, 13522,
       36916,    29, 35980]), array([25646, 27294, 25678, 37921,  1918, 23678,  5258, 14733, 29301,
       41142, 33182, 42604, 31660, 23252, 12932, 38008, 11150, 25412,
        8183, 24810, 18023, 16037,  4344, 30563,  4059,  8728,  3703,
       38061, 19667, 36084, 22478, 33243, 29229, 26081, 40115,  6058,
       36607, 31743, 22321,  1070, 21553,  5343, 36221, 40887,  2984,
       38883, 29694, 29775, 19854, 13836,   759, 16107, 36977,  6774,
        7901, 37053, 26102]), array([39417, 32741, 44623, 11785, 42632, 37451, 29383,  6339, 24876,
       26447, 14579,  6865, 23020,  7278,   292,  1134,   912,  5744,
       19770, 13621, 29877, 34905, 27864, 10056,  5888, 17703, 13819,
       25538, 43506, 22899, 34239,  8385, 20197, 42437, 25174, 11765,
       22393,  2354, 37970,  1950, 40346, 35096,  6383, 25846, 11747,
        6857, 29893,  5653,    33, 35027, 37332, 20403,  5771, 26769,
       15609, 15754, 10445, 11793,  3946, 11913, 35086, 10828, 43901,
         554, 28730,  1781, 39243, 38153, 13999, 11056, 32998,  6048,
        6234, 38862, 39279, 14418, 37487,   990, 28247, 23464, 17268,
       31856, 29917,  1469, 25145, 38270, 42689, 29309, 42105, 40624,
        9496, 10810,  4001, 39439, 15982, 34741, 29801])]
shape of feat_train: (223, 500)
Mean accuracy: [0.450894097611258, 0.0024632026634313266]
