Namespace(dataset='flickr', dropout=0.0, epochs=400, gpu_id=0, hidden=256, inductive=1, keep_ratio=1.0, lr=0.01, method='random', mlp=0, nlayers=2, normalize_features=True, reduction_rate=0.005, save=True, seed=15, weight_decay=0.005)
size of adj_train: (44625, 44625)
#edges in adj_train: 218140
Test set results: loss= 1.5456 accuracy= 0.4714
idx_selected :  [array([32575, 19526,  7618, 42520, 42403, 24059, 19083, 28711]), array([ 1831, 39420, 10185, 43382, 29793, 39530, 43419, 29534, 20882,
        6007, 42626, 18763]), array([17263, 12004,  5431, 20039, 18693, 37136, 33188, 43386, 28368,
       12618, 32761, 19256,   228]), array([35187, 38370,  4125, 20461,  7132,  7334,   158, 38475, 17963,
       44076, 12508, 39313, 34130, 20794, 36306]), array([44319, 23341, 43968, 42457, 11347,  1536, 43417,  4004, 34012,
       18078, 29831, 13163, 16350,  5770, 11766,  4331, 28462, 41876,
       25912,  7585,  4428]), array([ 3447, 10273, 25171, 11409, 14796, 31254,   891,  8361, 36285,
       28943, 40321, 11725, 37578, 36521, 17504, 26411, 36239, 10281,
       32277,  8292, 28821,  9556, 17422, 43527, 16145,  6055, 41973,
       26821, 42564, 23512, 25164, 22728, 16286, 15314, 39654, 18376,
       34868, 13244, 22480, 20617,  4557, 26558, 37053, 18364,  6690,
        8078, 20000,  8982,  4796,  7038, 39516, 35800, 14556, 32054,
       26211, 35441, 10774]), array([13899, 42840, 38476, 40834, 29592, 32039, 13502, 27067, 32717,
       28903, 14950, 41892, 15128, 43494, 21014, 42514, 44110, 34964,
       30926,   146, 40363, 28032, 29940, 44130,  7565,   719, 42480,
       11529, 16390, 32301,  6731, 26783, 25839, 28519, 38925, 27279,
       27034, 14274, 19666, 18841, 38978, 35739, 32743, 13368, 26721,
       22426,  7851,    49, 41643, 35696, 10559, 13846, 14318, 23177,
       41626, 28319, 14863, 37581,   511, 20478, 21293, 21588,  9095,
       26280, 22524, 25287, 27131, 43477,  5909, 44282,  4583, 24826,
       44000, 12317,  8069, 16435, 16815,  9517,  3957, 38520, 23425,
       27761, 13409, 22472, 42777, 31024,  5716,  6305, 22829, 41741,
        1524, 31247, 17485, 33606,   938, 30437, 41490])]
shape of feat_train: (223, 500)
Mean accuracy: [0.4335499484605386, 0.003430400985675623]
