Namespace(dataset='flickr', dropout=0.0, epochs=400, gpu_id=0, hidden=256, inductive=1, keep_ratio=1.0, lr=0.01, method='random', mlp=0, nlayers=2, normalize_features=True, reduction_rate=0.005, save=True, seed=1, weight_decay=0.005)
size of adj_train: (44625, 44625)
#edges in adj_train: 218140
Test set results: loss= 1.5509 accuracy= 0.4711
idx_selected :  [array([34810, 24538, 33641, 19083, 24234,  1466, 15818, 32156]), array([40985,  1625,  6909, 41496, 39965,  6014, 12952, 14689,  6923,
       36427, 13599, 39542]), array([31704, 44610, 16185,  2706,  7438, 27559, 21375,  4086, 36241,
       13683, 23806, 19443, 34297]), array([18843, 43742, 42873, 34380,  9224,  5477, 41384, 11191, 22517,
       24559, 11039, 27447, 13602,  4262, 29111]), array([20148, 31691, 44004, 33412, 18463, 35147,  7495, 25813, 23207,
       26355, 13465,  4656, 41175, 27753, 19160,  4946,  9859, 25255,
       15488, 36560, 24487]), array([ 8735, 14545,  4934, 21176, 41800, 13487, 28506,  9563, 29642,
       34952, 34289,  1154, 17075, 18537, 44128, 25954, 14437, 19898,
       28962, 30860,  8082, 14351, 26338,  4492, 43726, 13235, 37687,
       20663, 13136, 17889, 29755, 30638, 30466, 12299, 17640, 28980,
       17132, 32223,  5131, 20570, 20817,  3550,  7530, 34253, 25076,
       28521, 19052, 10565,  9245, 17481, 27798, 36845, 42704,  7507,
        4526, 37408,  9853]), array([18257, 34703, 10492, 18236,  7439,  2655,  3522, 19716, 18385,
       22960, 21453, 34608, 28319, 17530,  1530, 28058, 39472,  4897,
       14991, 40009, 23832, 25268, 13897, 11124, 41626, 19358, 39902,
       14364, 18805, 28817,  8202, 23424, 42597,  9689, 20388, 44526,
        2003, 39356, 35301, 29866, 32243, 26643, 20754,  5829, 42293,
       13741, 41019, 31380,  2820, 31099, 27196, 18902, 38024,  3167,
       37199, 39760, 26780, 16219, 37018,  2282, 31714,  6728, 24103,
       29682, 40313, 34359, 10660, 43378, 22910, 39289, 24503, 41857,
        4441, 28643, 14222,  9447,  8171, 13328,  5911, 29604, 15700,
       26120, 39806, 28700, 14295,  5757,  5164,  1953, 26206,  5928,
       18330, 10150, 41261, 35293,  7406, 40945, 41065])]
shape of feat_train: (223, 500)
Mean accuracy: [0.44188589611437284, 0.00510723396471708]
