Namespace(dataset='reddit', dropout=0, epochs=400, gpu_id=0, hidden=256, inductive=1, keep_ratio=1.0, lr=0.01, method='random', mlp=0, nlayers=2, normalize_features=True, reduction_rate=0.02, save=True, seed=85, weight_decay=0.0)
size of adj_train: (153932, 153932)
#edges in adj_train: 10753238.0
Test set results: loss= 0.4403 accuracy= 0.9413
idx_selected :  [array([78793, 97844, 99264, 84461]), array([ 72657,  29816,  46007, 106028,  75749, 132394, 152253, 126000,
       126156,   1734,  46284,  70394,  62639,  52397]), array([117672,  39309, 131754,   9616, 103146,  46023,  40903,  84996,
        63676,  67897,   5992,  14273, 113631,  37670,  51036,  75385,
       151757,  67490,  87910, 102830,  18549]), array([108774,  92379,  54016,  52464,  43178, 122978, 144141,  44346,
        31983, 142603,   2124, 101592,   5915, 143406, 153592, 110833,
         8569,  85390, 133302, 105273,  88767, 112316]), array([ 15614,   9323,  99101,  37618,  43115,  68905,  15858,  89104,
        14384, 115479, 110692,   2584, 109400,  69510,  59996,  13551,
         3439, 133071,  29347,   3095, 100386,  70780]), array([ 52811,  31005,  52257,  43742,  42728, 141172, 122373, 138898,
       113718,  58003, 106990,  80760,  81951,  78223,  26254, 113755,
        15099,  55128, 125259,  59805,  50902, 100616,  68228]), array([136740, 131574,  95073,   7328,  42822,  21480,  84374,  19515,
       127571,  67125,   1863,  58097, 106024,  61107,  51113,  81709,
        18000,  70004, 132974,  91757, 136839, 138339,  39992,  67122,
        95551, 121884, 109285,  45444, 138391]), array([ 65972,  74282,  61991,  57188, 119045, 151850,  32042, 117148,
        12269,  20818,  83985,  32949,  65685, 137802,  78538,  26946,
       127079, 132005,  50666, 148436, 103181,  47970, 101191,  76686,
        49417,  41521, 109735,  91359, 108300]), array([144489, 114033,  72121,  49864, 121583,  31580, 138721, 149960,
        16828,  77487, 109998, 149306,  80354,  88712, 101799,   5055,
       129846, 143184,  53751,  30581, 101257,  45386, 125970,  59107,
        80989, 134226,   5088, 128671,  82788,  53399,  14756]), array([  2396,  31995,  69648,  91031,  52859, 123635,  44021,  58769,
       136773,  43511,  32148, 152845,  68367, 122211,  71825, 109755,
        18310, 131918, 136345, 138700,   3598,  15769, 119899, 131569,
       146034, 118334,  56661,   5004,  57273,  30928, 110683,  56523,
        23059]), array([ 34704,  47625, 142101, 142978,  36177,  78232,  48914,  45849,
       109720, 113658,  49708,  42953,  42928, 102860, 111900, 122508,
       119664,  64329, 130174,  80871, 145464, 111149,  10634,  37812,
       122110,  64078,  74844, 107992,  12789,  27207,  22000,  95189,
       145226, 105163, 135324, 110609,  83813]), array([133976, 141674, 101791, 146508,  10766,  93969,  36719,  25938,
        66469,  12836,  81203, 134898,  83159,  26325, 105842, 103872,
        87612, 143102,  25997, 134684,  67484, 152933, 146328, 121343,
        82515,  92250, 134010,  62361,  31207, 118442, 103313,    958,
        85121,  30347,  69995, 107671, 136559]), array([124572, 126076, 142522, 122842, 104005, 131125,  32335,  28152,
       125251,  80799,  28250,  72652,  62592, 129252,  36618,  22086,
        82088,  96630, 144503,  49108,  80999, 105775, 153770,  28470,
         2439, 101600,  96910,  49575,  22632,  78846,  98987, 144218,
        12973, 132062, 110488,  61839,  57864, 127177,  46405, 104504]), array([  3388, 149319, 129814, 117268,  66082,  11838,  51562, 101327,
        73782, 150045, 139242,  46494,  28295, 126798, 125232,  67224,
         5921, 124819, 153544, 113641,  65038, 142053, 107222, 142524,
        61901, 124253, 138129,  25839,  20032,  38718,  74523,  63897,
        48823,  25309, 152427, 144628,  41410,  71872,  56743,  30151,
        48218,  86724]), array([ 51819,   2582,  70603,  88815, 136703, 142915,  14974,  15412,
        41627, 129824,  87466,  76157, 120903, 102384,  75594,  46025,
       152989,  36167,  82661,  19730,   8270,  40016, 131270, 111904,
         4543,  40880,  74688, 142436,  84182,  99992,   9622, 149556,
       107075,  21204,  67059, 131598, 104803,  26783,  56239,  85756,
        45917,  91814, 149820,   3612]), array([ 89715,  26193,  12761,  54390,  15367,  13250,    911, 101829,
        93834,  89281,  37552, 121268,  58555,  56298, 144583, 111488,
        16224,  95777, 153299, 138408,  76886,  15254,  35872,  90034,
       124784,  77131, 125225, 110722,  74911,  66045, 115191,   4439,
          274,  58615,  75843,  22687,  67613,  23426,  87120,  65365,
       142839,  53318,  51566,  66157,  67243]), array([ 58743,  98615,  77177,  74302, 141939,  94155,  99307, 102324,
         2503, 138805, 139805, 102555,  55243, 148209, 110050,  36332,
        39326, 131769,  33762,  20482, 123883,  24409,  68487,  86891,
        14496,  87214,  55817,  97790,  44166,   5079, 132622, 142441,
       117500, 140805,  54017, 114502,  55035,  84367,  88332,  37864,
       137400,  85791,  66613,  82529,  44103, 104401,  34355]), array([ 68866, 130149,  41816,  98448, 130476, 142822,  72973,  83693,
        87104,  36966,  98569, 152835,  44610, 115364,  34089, 134797,
       122398,  52713,  31961,  88967,  49475,   5965, 133324,   8093,
        56873, 117758, 140314, 122068,  98281,  54044, 121693,  24467,
       101420,  72400, 102840,  17270, 148177,  19372, 123918,  13737,
         1711, 152536,  69614,  17071,  60181,  85402,   2851]), array([ 87295, 122487,  68483, 131262,   9049, 127185, 108982, 111508,
        34459,  61730, 116975, 143476, 110726, 125974,  29815,  85578,
        98232,  10191, 113811, 120811, 115130, 111511, 104950,  72864,
        90803, 132651,   1552, 152824, 101508, 144738, 138250,  29721,
        13640,  77916,  35583,   5716,  55236, 144832,  57065,  17107,
        50088, 125204, 151968, 135409,  89045, 118408, 138602,  69513,
        71931,   4968,  74217,  97769, 140240,  45409,  89988,  39025]), array([101739, 111782, 133076,  25763,  43383,  81346, 127950,  41902,
        81482, 105609, 138904, 140408,   1303, 144636, 106022, 137622,
        49474,  49985,  14665,  58863,   4542,  30950,  53082,  22893,
        27056,  29985, 100229,  40595, 110067,  10746,  89834,  26243,
        18192,  65170,  54883,   5725,  48364,  46802,  27457, 123716,
        24952,  74288,  91090,  27465, 135235,  54114,  38878,   3616,
        18995,  79506,  59313, 102603,  45043, 122018,   7249,  19243]), array([ 92630,  31481, 146177, 104495, 137841,  79150,  22647,  85503,
       118033,  65414, 136570,  14004,  40374,  57303,   3382, 140627,
        98755, 103129,  16962,   9886,  82680,  99305, 113548, 111847,
       152183, 142093,  52915,  40166,  29783,  61453, 144666,   2974,
        84550, 139574,   5950,  37246,  32178,   2641,  38105, 127630,
       125615, 147169, 138846,  82035, 132902,  70705,   4003,  84517,
        28587, 101210,  21482,  80077, 121768,  77552,  81945,  77622]), array([107611, 101679, 124563,  47819,  50722,  22492,   3431,  45133,
       119277,  49526,  86429,   4173,  51826,  89597,  30968,  83242,
        78886, 111541, 152448,  14715,  44614, 108666, 125024,  49675,
        63575,  26818,  37779,  31844,  67821,  28654,  58449, 141227,
       131637, 110276,  84344,  54605, 103881,  53128,  69338,  53096,
        22930,   3184,  60243, 132971, 110801,  12022, 151989,  16835,
        73224,  18794,  11149, 103790, 133901, 134985,  33069,   9764]), array([ 60228,  54160, 148494,  37273,  86394, 127706,  20532,  95358,
        87246,  86447,  90644,  18600,  39844,  53740,  28649, 130557,
       116914,  48651,  88793,  18254,  92044,  85707, 108901,  67800,
        65151,  74701, 118743,  14293,  15528,  13861,  97528,  42509,
       106379,  96574, 107238,  18614, 109932, 142591,  54769, 115435,
       141187,  56633, 100624, 101177,  14810,  33558,  28747, 109176,
       114995,   1966,  34506, 110355,  73740, 121295,  64708, 108814,
         8844]), array([ 89349, 130414, 127868,  22992, 108546, 102941, 104272,  61570,
        71555,  35985,  57162,  16670, 113556, 113831,  11493,  15417,
        82871,  46542,  17393,  47505,  67378,   9481,  25156,  84106,
       135969,  85048,  36837,  13067,  63100, 153407,   8100, 104839,
        73980,   9428, 106860,  86133,  11304, 146498,  66683,  23168,
       115539, 124137,  63296,  19903,  41814,  35415,  12631,  38186,
        94206,  44320,  89765, 149848,   4305,  54533,  94682, 111389,
       107621]), array([ 34676, 132391,    401, 135883, 118666, 139426,  91951,  78277,
         7292,  40297,  28751, 126472,  66008,  14285, 142782,  49934,
       111169,  44484, 148301, 137715,  76757,  58804,  46530,  99490,
       152493, 117743,  70867,  23909,  60393,  35041,  15349, 148187,
        21436, 153272, 116378,  28544,   4934, 125574, 112618, 150688,
       147780,  59152,  29245,  83049,  32740,  89994,  45750,  17201,
        10923, 102107,   5852,  57674,  98115,   2876, 114144,  62245,
       115106,  60669, 150939,  93045, 114029,  77961]), array([104283, 132932,  75473,  54136,  58603, 115183,  10844, 113745,
         5385,   5286,  89198,  76334, 102601,  70421, 139459,  88311,
        24624, 120792,  33347, 142446,  29568, 137673,  59891,   6521,
        86266,  43204,   8559, 152703, 140762,   4853, 104852, 100883,
        65631, 114043, 127845,   4290, 149489, 121532,  30819, 131947,
        90471,  45359,  65533,  21357,  87759, 119000,  78497,  80401,
        46321,  88783,  55322,  26637,  58373, 130228,  82159,  27553,
        69062,  35162,  16242, 120884,  32186,   2868, 124180,  44112]), array([  9346,   4945,  63340,   6177, 126058, 149635, 133385,  94512,
       121607, 143996,  23776,  41130,  79390,  24115,  57781, 115695,
       150096,  47769, 106525,  62483,  32433, 110997,  27295,  32398,
        61069,  51782, 142452,   6059, 117242,  41221,  44582, 114177,
       128930,  90492, 128951,  44731, 137932, 102065, 139251,  52159,
        47909,  33054,  15079,  98622, 124242, 149649,  49128,  79958,
        52365,  21849,   2100,  73553, 143737, 103451,  22405, 127175,
       151186,  67924,  33742, 134992, 118887,  69566,   1658,  47676,
       108336]), array([ 60172, 147445,  76093, 148682,  75113, 113722, 100499,  24372,
        71420,  24554,  84298,   5565,  87707,   5702, 148096,  31514,
        49606,  24755,  17834,  47899, 127291, 137315,  88746, 114530,
          439,  65914,  31031,  11254, 130838, 148097, 119262,  30929,
       104408, 105868, 117834,  27150, 118685,  94130,  29778,   1435,
       106619, 147111,  84647, 110689, 132341, 122204, 105782, 101895,
         4087, 132464,  43290, 142047, 110110,  40480, 132398,  77133,
        15166,  57333,  55870,  21219,  73742, 116066, 102198,  91092,
       125370,   3322]), array([ 48495, 114568, 114180, 149446,  97087, 146249,  87136, 120510,
       147158,  12593,  67015, 139119, 109639,  60621,  59411,   4075,
       126131,  92419,  14728, 147773,  61791,  43263, 125347, 148405,
       105956, 143633, 121782,  25581,  72635,   8043,  61045, 149098,
       108395,    408,  96072,  91611,  52544, 111216,  18054, 118571,
       121129,  27266,  80815, 136984, 138994,  41086, 120208,  62583,
       148049,  37747,  51816,  75601,  61865,  86446,  37424,   8195,
         9674,  87175,  55106,  36081,  52350, 121366, 146369,  95086,
       126959, 133846, 105724]), array([ 62215,  78847,   1845,  88484, 133117, 148739, 115026,  23756,
        51931,  83375, 147612,  23089,  78978, 123961,  87829,   9182,
        20815,  50194, 147196,  90242,  59860, 147464, 136510,  47383,
       103778,   9330,  41225,  94778,  96259, 106661, 142753,  96601,
        24397, 132642,  97999,  92700, 121455,  65822, 127236, 126525,
       138370, 101658,  81072, 142020,  84985,  12682, 125802,  72514,
        21561,  99260,  99962, 140991,  39657,  32156,  37203,  95557,
        99996,  88550, 125996,  86401,   6686,  15117,  58206,  14658,
       140491, 118014,  82212]), array([126986,  23959,  38775,  26991,   3084, 123220, 150845,  60886,
        83309,  51698,  87432,  22048,  41065,  54801,  86976, 138718,
       151555,  29688,  23022,  61757,  55489, 150021, 125818,  29890,
        57960, 106261, 143117, 153588,    553, 112497, 111303,  43854,
       126570, 145144,  94649, 134590,  55337,  13312,  29084,  33108,
       148706, 121348, 149592,   8421,  12604,  78161, 112531,  21605,
        11971,  39678, 109332,  51024, 133652,   8048,  70175,  64625,
         6935,  57473,  39617,  40326,  22950, 130803,  59781,  73080,
        90039, 128721,  58642,  84518,  38327, 151362, 106742,  59624,
        36555, 130147, 116875, 102602,  28400]), array([ 56529,  85979,  17676,  13138,  72333, 143575, 115244, 146609,
        34779,  88203,  89837, 112393,  87390, 129437, 118879,  61137,
       140934,   3868,  22963, 129563,  76647,  33754,  94485,  93301,
       113783,  58225,  52380,  56278,  61498,   5652,  62981,  13589,
        31332, 123754, 143960,  52008, 104541,  17850,  95744, 106864,
       130466,  72289,  15595, 124623,  71777,  75305,  40307, 123372,
       114961, 142135, 152358,  99472,  44882,  25450,  55512, 118808,
       139212, 103742,  84558,  56411,  60282, 136466,  66972, 139811,
          416,  57316, 109570,  84335,  74984,  87284,  20353,  58919,
       106886, 108048, 120082,  72836,   3085, 109414, 150758,  35809,
        52179]), array([117953, 150983, 147449, 112601, 104510,  45896,  20772,  55366,
         7502, 122168, 138989, 141908, 150604,  20286, 107461, 152430,
        51784, 133297,  55453,  12763,   8922,  56611, 142097,  49515,
        74557,     90, 116698,  61609,  96628, 140611,  37415, 112367,
         2750,  38722,  89450, 102911,  29590,  60487, 102874,  32594,
         1570,   2263,  20841,  31002,  78483,  47298, 134368, 136655,
         1904, 104686,  25792, 147175,  87865,  56798,  22941,  68527,
        58462,  99033,  73799, 119138, 133524, 107379,  12160,  15025,
        86421,  57648, 140253,  34191, 113405,  38798,  49726, 148287,
        28278,  97122, 107926,  61319, 151529, 127228,  89085,  47729,
        87693,   6958,  47094,  68301, 132402, 133656,  40481,   5309,
        84494,  44801,  29175,  42800,  15951,  42718,  63136,  96342,
        88951,  80297,   8218,   8887, 129189,  69343,  20053, 133303,
       142303,  26769,  80165, 109853]), array([ 10638,  67811,   8972,  95881,   4686,  38323, 104760,  60323,
        10519, 144282,  73152, 152864,  88923,  87560,  71574,  88016,
       100381, 117515, 114617, 138678,  83953, 121407,  12514, 115754,
       103267, 136530,  90661,  10453,  19311,  16049,  28327,   2950,
        35833,  56588,  88196, 139595, 114182, 143539,  35140, 144052,
        21507, 143688,  66194,  35544,  96652,  70792, 135784, 116591,
        30215,  19039, 106548,  70166, 104138, 130784,   3135,   6186,
        26198,  75138,  81211,  27856,  58956,  89103,  65250,  18177,
        13827,  60519, 102628,  79966,  56505,  88438,  19994,  45882,
       139109,  39631, 122455, 145211,  65683,  76412,  76660, 110369,
        40870,  15968, 130683,  49893,  39339, 130472, 148742,  95946,
       101977,   6430,  67487,  42256, 123556,  36737, 105656, 112281,
        24092,  23196, 103167,  78826, 124445,  48428,  87749,  10489,
       124071, 100494, 103396,   2066,  91305, 115711,  40010, 130160,
        37217, 153569, 108721,  40183, 135009,  70844, 117895,   8582,
        33663,  30522, 110024, 108790, 135851,   6411,  30357,  68164,
       118243, 131857, 124320,  42326,  23148,  41525, 111319,  68684,
        82183,  96115, 146558, 125290, 112493]), array([120341,  32151, 128539,  68583, 134618,  29169,  82894, 108156,
        96339,  35787, 118003,  18390,  77727,  47453,  97923, 124197,
        57754, 123806,  18352, 139090, 111022,  37920,  59706, 138411,
        43515, 100972,  87137,  11021,  70521, 140710, 135978, 132742,
        98332,  13001,  25471,  67042,  21720, 108173,  48647,  87866,
        98386,  22692, 121137, 128700,  21671, 140541, 131521,  33364,
        90060,  32172, 153042,  21964, 111482,  24845,  54943,  23702,
        42170,  65596,  23765,  48881,  39543,  19615, 135557, 116033,
        52167, 114892,  27094, 122459,  19988,  19905,  62668,  19179,
       128846, 130398,  97624, 124844,  60920,  22109,  51743, 149268,
        96174, 138386,  56702,  82082, 153087, 125737, 144179, 139726,
         7802,  44195, 142104, 102951,   1214,  96602, 119992,  15917,
        65629,  32641, 138665,  48542, 113346, 130903,  44417,  64542,
        18778,  15861,  13367,  76445,  64697, 129161, 128817,  82143,
        57481,  99802, 120135, 148435, 103127, 113021,  93549,  95743,
       116272,  23990,  36594,  97812,  74774,  23857,  78213,  61512,
       138906,  30972,  77544,    486, 119172, 119443, 135064, 118836,
        90951,  13073,  61071,  81695,  15075,  10451,  10545,  16131,
        89668]), array([ 66868, 103470,  72085, 130314,  71512, 146923,  54028, 150830,
        91072,  13233, 116054,  83530,  18126, 137045,  47843, 150034,
        85414,  40958, 121763, 131287, 115594, 128284, 130180,   5733,
        40210,  13796,  91501,  31334,  95843, 133389, 118268,  77400,
        98708, 120292,  58767,    762,  63090,  78132,   2679, 142164,
       149199, 127797,  12960,  63008, 104494,  18632, 149417,  37582,
       111771,  20620,  67192, 113687,  63730,  31581, 105759,  48312,
        17417,  92099,  85887,  89013,   3879,  21314,  83790,  20126,
        86892, 147878, 104046,  41405,  43647, 124410,  21364, 124867,
         8453,  68082,  80280,  48472,  12194,  18348,  18517,  99255,
        67159, 153714,   3759,  32929,  76852, 134248,  64183, 152925,
       112594, 137913,  64223,  96450,   3623,   1348,  56932, 133383,
       103412,  94463,  76348,  12230,  92541,  52106, 150904, 110202,
         7832, 143056,  86145,  54796,    471, 120088,    773,  73771,
        85824,  53933,  88575,  39796,  80084,   1653,  34623,  26719,
        17572,  37502,  59854,  87442,   3998, 148852, 101946, 105502,
       111054, 129915,  90209, 153780,  38655,  11726,  62364,  51504,
        43063,  64514,  58746,  75905,  88745,  77407,  57484,  92483,
        57837,  41843, 114204,  13016,  80454, 132736,  53139,  62898,
        71167]), array([ 61726, 111468,  93752,  13385,  66637,  63747,  75852,  39058,
       127276,  83816,  75165,  79783,  28778, 151546,  55550,  78170,
       152809,  72428,   7698, 153578, 108305,  49066, 133696,  80668,
       139421,  74482, 108465,  56746, 139061, 151146,  86726,  89471,
        81421, 100044, 150207,  24895,  65901,   8632,  19641,  79552,
        52867,  35230,  84086, 116859,   2302, 113846, 113105, 131045,
        75652, 135325, 117513,  89629,  40981,  59223,   7707,  97023,
        30763,  82519, 131505, 130564,  78023,  14570,  20398, 146396,
        95111,  16247, 113643, 144586,  54310,  17586, 113637, 151365,
        19301,   9833,  17610,  17306, 132364,  88814,  19146, 100253,
        61142, 126315,  49021,  11606,  80373, 150078, 103700,  25096,
        59197,  33141,   1086,  33496,  57543,  24096,   6476, 103652,
        99820,  74929,  24061, 126008,  42999,   2281, 119037,  84912,
       148359,  35525,  26932,  87710,   6815, 138019,  24740,  38444,
        42875, 116100,  10946,  54047,  98498,  16429, 105882, 108521,
         3250, 111626,  28103, 114122, 144545,   8014, 133093, 146401,
       125938,  67695, 115713,  14412, 117236,  52438,  50200,  75136,
        34312,  14870,  69686,  16549,   9293,  16063,  74881,  49195,
        41637, 103671,  39558,  76775,  18706,  67636, 121608,  18958,
       126409, 100175, 103612, 124289,  43625,  53089,  12832, 102578,
        61667,   9370,  27201]), array([ 52645, 127939,  70807, 119943, 120119, 145213,  22972, 152836,
        41149, 124472,  84750,   2605, 114690,  59091,  14991,  80776,
       135435,  30406,  23249, 150225,  15786,  53651,   8945, 147740,
       127587, 138053,  57796, 122274, 136060,  47537,  21493,  37025,
        59838,  44068,  92277, 148493,  51261, 105242,  98937,  82182,
        70452, 133953,  68374,  85531,  73412,  97388,  44356,  30084,
        94450, 130201,  14103, 107924,  46293, 140580, 129813,  19798,
        89124, 142577, 128339, 136672,  97515,  11450, 120559,  75910,
        26600,  58355, 116970,  19362, 124663,  44177,  68989,  89855,
        76117, 148094,   3898,  45412, 142913, 134346, 150558,  57078,
        54476, 142319,  71010,  34665, 140537,  23355, 109850,  25583,
        75070, 110906,  91594, 127466,  97872,  72166,  25469,  74484,
       128146,  70904,  97044, 116254,  69519,  29873, 128907, 114268,
       150262, 132788, 138431,  57270, 115218,  86873,  34624,  85287,
       117552, 123802,  68692,  63562,  63778,  81195,  21599, 119289,
        59169, 129183,  49728,  92171,  43810,  62845, 152046,  48840,
       153691,  76198,  59379,  89814, 138838,   3912,  93225,  74912,
        50325,  81625, 153760,  70253,   6990,  62063,  48875,  77010,
        53133, 120181,  99806, 138666, 139390,  32397, 136240,  14180,
       131678, 143390, 102000,  31315, 117228,  20857,  15426,  77238,
       145993,  91002, 123692, 153349,  85351,  79954,  50310, 104075,
       134518]), array([ 22667,  71112, 153173,  46104,  74656,  17211, 108117,  68935,
       108477,  64284,  58405,  70947,  91811,  83732,  78947,  60889,
       127952,  60506,  53064, 106751, 124548,  11264,  68233,  16133,
        87846, 142998,  39240,   8170,  54346,  28477,  92168, 108809,
         7836,  95906,  79707, 118610, 130463,   4550, 145560, 148069,
        41881,  90638, 140663, 100042,  27081,  89666,  27315, 125995,
       129980, 108270, 120535,  81770,  58100, 146116,   5624,  15667,
        89408,  79611,  99867,  38397, 116771, 148922, 152220, 152510,
          245,  38280, 125833,  40563, 146767,   6042,  68595,  46812,
       101591,  70569,  64768, 110776,  49103,  93535,  31092,  54690,
        92355, 103644, 149784,  71883,  44160,  29179,  73572, 131367,
        24807,  24355,  50620, 144493,  62809,   6258,  93962,  23818,
         9409, 135354,  79726,  40465, 143681,   4284,  81991, 132021,
       140342, 119591,  94674, 123915, 103482,   4838, 102708,   2776,
       129808,  73687,  59400,  38593,  70505, 148676, 104973,  49757,
       145900,  52505,  54045,  62948, 104470,  36450, 118121, 127624,
        22194,  25375,  44233,  62392, 116290, 119831,  49537,  84643,
        57725, 152702,  96729,  32065,   3869,  18714,  60229, 138036,
       138760,  70802,  93095, 127293, 142715,  69223, 153681,  83399,
        54614, 123887,  69561, 136279,  27110,  84591,  57834,  31373,
       119781,  26334,  95930,  68446, 105802, 138843,  71038,  62709,
        12684,  59057,  55502,  18871,  18822, 103890,  56229, 132607,
        19850, 112872,  11540, 146054,   4043,  27352]), array([ 17802, 129598,  72329, 145494,  96808,   2097, 145889,  55221,
        62875,  12261,  75357,  34309, 148438, 125594, 143540,  40466,
        87525, 124236,  59052,  30701,  81677, 139099,  76204, 128947,
        40353,  70742, 134752, 145405, 138659,  27897, 142708,  88511,
        38996,   4303,  22330, 117215, 105351,  14083,  42413,  85210,
       136073,  71799,  64025, 118391,  38298, 112708, 129830, 111374,
       119051, 130085,  51448, 120547,  29207,  47475, 106641,  13618,
       121007, 145099,  92026, 137450, 137298, 110169,  30369,  78363,
       141160,  36790, 122031, 129473, 122633, 129394,  45709,   5426,
        40122, 117191, 111989, 141803,   4412, 112189, 109156,  43274,
        35937,  16408, 151613, 124379,  14100, 147504, 113002,  95168,
        46660,  36977,  31652,  63713,  53338,  45761,  85526, 133954,
        82486,  46014, 121143,  80293,  59875,  96520, 113407,  27183,
        98102, 126163, 134462,  86400,  80800,  65156,  64254, 149922,
       121913, 115809, 112786, 114633,  54351, 145994, 146208, 136751,
       100053,  49227, 104522, 144418,  70517, 130572,  30798, 115651,
        14199,  86923,  25894, 129026,  27203, 151519,  28224, 144803,
        95441,  78002, 121248,   3163,  28121,   6780,  74824,   7039,
       103038,  21236,  41934,  65306,  25394, 117871,  17361,  28555,
       138481,  99834,   7172,  91731, 128136,  15831,  64635, 142748,
        34817, 115998, 128815, 147070,   3292,  50480,  93627,  62069,
         6579, 113186, 121717, 114545,  20475,  86498, 110323,  76037,
       114158, 153500,  77047,  86848, 119160, 117910,  41799,  48377,
        10470,  30779,  17743,  33960,   7106, 100966, 134260,  69229,
        80198, 101129, 105119,  69266,  50249, 148397, 141525, 136903,
       145466,  52451, 149620, 140213,   9961, 135642,  48632,  83902,
         2427, 152548, 143940]), array([121177, 116872,  64912,  40839,  25614,   8472,  25018,  41771,
       108448,  53853,  56168,  87586,  58477, 130458, 107753, 122025,
       119131,  43803,  85617,  34033,  85779, 135690,  49790,  71050,
       140184,  39519,  97475,  97793,  71988,  21596,  94489,  67103,
        10942,  84043, 120586,  96813,  49429,  12427,  39589, 103073,
        96756, 138257,  18497, 125929, 137839, 115134,  24250,  70222,
       108299,  55184,  51150, 149976,  99646,  17401, 121149,  29249,
       125980, 124551, 130194,  75354,  49551, 144227,  98702, 120342,
       139337,  22400, 103814, 123962,   2678, 112233,  27001,  77101,
       127541,   8765,  77284,  38494,  96503, 131245,  64905, 140769,
        26534,  24998, 152951, 134033,  24353, 125346,   5737, 115047,
        23693,  91968, 125436,  65363, 124878,  86800,   7604,  26014,
        80782, 146990,  29300, 127772,  36684,  17086,  71987,   8897,
       132381, 136690,  34363,  85856, 102924, 113244, 130896,   2952,
         6794,  48835,  27987,  19321, 135774,  74033, 119236,  47173,
         1479,  36037,    174, 108978,  31228,   3913,  87886,   3666,
        36060,  83144,  36632,  49514, 106378,  90439, 118919,  14328,
         1801, 138905,  13141,  93772,  89256, 145002,  66032,  25068,
        71184,  32229,  95898, 126892, 129138,  43798,  49447,  42995,
        79379,  59841,  35957, 140673,  64380,  68724,  50943,  40310,
        46387, 134968, 119222,  14752,  12669, 118705,  73874,  76102,
        22493,  55182,  63764,   9181,  34785,  89522, 109242, 116823,
        88698,  78049, 153115,  53894, 132749, 127226,  35204,  42261,
        16596, 152937,  29016,  72478,  58450,  56006, 109974, 137974,
        93556,  43807,  57758,   1258,  57843, 120933,  17711,  25755,
        72231, 111717, 131926, 102291, 139782, 117127,  72638,  29048,
        54298, 140286,  74873,  74736, 120542, 138320, 131548, 123398,
        72634,  40464, 120899, 135256, 107673, 138428,  56451,   7750,
       129320, 101361, 103706, 141919, 118162, 134866,  49380,   1672,
        39623,  36400,  38717,  58889, 130469, 107000,  57228, 132496,
        54912, 130548,  33415, 135661,   3935, 141084,  64745,  73244,
        59434,  96232,  93096,  76169,  80404, 113690, 112667,  60048,
       126549, 150190, 117445,  31456,  89850, 108396, 123491, 109934,
        70437, 139846,  47503,  87237,  86859,  90216, 139377, 106280,
       127980, 145799, 134427,  73021, 143997,  99630, 109613, 133218,
        81193,  99028,  35194, 119042,  81312,  34317,  98223,  51205,
        67946, 139894,  24626,  23244, 140708,  78943,  46943,  56949,
        66221, 146226, 123619, 103084,  96798,  61205,  92180,  19212,
       152486,  12499, 121732,  25424,  60068,  93674, 110624,   4422,
        83340,  37077, 144785, 102072,  36187,  42369,  23877,  17486,
        93686, 104705,  62647, 108228,  68264, 102797, 111540,  47557,
       103048,  37941, 121665,  56987, 106852,  30160, 133171,  39921,
        92103,   8885,  72929, 136414, 132523, 128148, 130430, 116113,
       113446, 133317,  64098,  48526,  75481,  31781,  67966,  19251])]
shape of feat_train: (3078, 602)
Mean accuracy: [0.8826453898145805, 0.0016901213372075108]
