Namespace(dataset='reddit', dropout=0, epochs=400, gpu_id=0, hidden=256, inductive=1, keep_ratio=1.0, lr=0.01, method='random', mlp=0, nlayers=2, normalize_features=True, reduction_rate=0.002, save=True, seed=1000, weight_decay=0.0)
size of adj_train: (153932, 153932)
#edges in adj_train: 10753238.0
Test set results: loss= 0.4835 accuracy= 0.9394
idx_selected :  [array([49065]), array([88824]), array([90236, 37670]), array([134576,  51275]), array([139015,  56704]), array([119268,  49977]), array([24097,  2564]), array([37136, 48457]), array([20117,   297, 67851]), array([ 20982, 147171,  27180]), array([  7961,  39024, 137946]), array([112619,  26761,  75658]), array([ 68258,  93018,  65314, 140923]), array([ 52296,  83932, 130716,  42346]), array([ 43045, 106513,  64303,  89210]), array([ 87862, 151376,  81388, 126889]), array([ 93384, 131415,  92376,  39326]), array([  6639, 138119,  64810, 111837]), array([ 99357, 146586, 127185,  63854,  45409]), array([ 26530, 112323,  22810,  95891,  67397]), array([106609,  27263,  16511,  79487,  64684]), array([ 97661,  14042, 108666,  92782,  52522]), array([ 70072,  42978,  25187,  49149, 116434]), array([ 88853, 102838,  13067,  63948,  23205]), array([102475,  59076,  20013, 100048,  11070,  43344]), array([ 65254,  23306,  53431, 114975,   2963, 147657]), array([ 44863, 120270, 149468, 129810, 110531,  44653]), array([ 85394,  44222, 145600,  66645, 100938, 139912]), array([149718, 114160, 101407,  16599, 100691, 110379]), array([ 73989, 153414,  88913, 108276, 114837, 117077]), array([145973,  32701, 114727,  31531,  88807,  24963, 143038]), array([102307,  51206, 105662,  76580, 132416,  66869,  73653, 123352]), array([ 16078,  61105,   2430,  49209,  97133, 116310, 134948, 128386,
       148309,  92779]), array([108391,    869,  53178,  72336,  88769,  13519,  64013,  20152,
         6424,   1320,  80036, 133421, 120490,  95790]), array([127649,  93553, 132358,  29812,  96343, 111689,  38289, 105968,
       140368, 109940,  30570,  77859,  19777, 100799]), array([ 57182,  33779, 134924, 124995,  94843,   6007,  90758,  45428,
        73146, 140145,  29437,  79243, 132068,  16448,  61675]), array([137436,  15277,  76095,  97010, 146127,  66717,  96891, 124698,
       111932, 112127, 114742,  10898, 149658, 127766, 115529,  64397]), array([ 54624,  91333,  25133, 126548,  93984, 132449, 115222,  66115,
       107857,  58435,  40260,  29416,  34857,  68374,  92171,  14830]), array([  6846, 120699, 111734,   9431, 103508,  53889,  43285,  60088,
        20439,  13989,  11540, 139988,  83933,  89291,  99571, 113545,
       136987,  32855]), array([ 38010,  98998,  74401,  90030, 106987,   2976,  73083,  42303,
       120300,  32325, 107636, 145610, 148920, 129396,  35022,  66719,
       131214, 146758, 150698,  48543,  14489]), array([ 88188,  89015,  53211,  31826, 125314,  56025,  54974, 113805,
        65202, 128881,  90947,  22488,  13887,  52487, 136577,  80959,
        25236,  80379, 134700,  85302, 107628, 116327, 135301,  27565,
        22721,  48504,  48985, 124561, 141313,  18911,  77951,  64905,
        35846,  27721, 109579,  82779,  48821,  27489,  52096,  91102,
       110612,  89482,  60109,  63873, 136483, 152248,  72203,  24924,
       134474,  12197,  77027, 132275])]
shape of feat_train: (307, 602)
Mean accuracy: [0.6838200744569343, 0.013890778261589402]
