Namespace(dataset='reddit', dropout=0, epochs=400, gpu_id=0, hidden=256, inductive=1, keep_ratio=1.0, lr=0.01, method='random', mlp=0, nlayers=2, normalize_features=True, reduction_rate=0.005, save=True, seed=85, weight_decay=0.0)
size of adj_train: (153932, 153932)
#edges in adj_train: 10753238.0
Test set results: loss= 0.4403 accuracy= 0.9413
idx_selected :  [array([78793]), array([72657, 29816, 46007]), array([117672,  39309, 131754,   9616, 103146]), array([108774,  92379,  54016,  52464,  43178]), array([15614,  9323, 99101, 37618, 43115]), array([52811, 31005, 52257, 43742, 42728]), array([136740, 131574,  95073,   7328,  42822,  21480,  84374]), array([ 65972,  74282,  61991,  57188, 119045, 151850,  32042]), array([144489, 114033,  72121,  49864, 121583,  31580, 138721]), array([  2396,  31995,  69648,  91031,  52859, 123635,  44021,  58769]), array([ 34704,  47625, 142101, 142978,  36177,  78232,  48914,  45849,
       109720]), array([133976, 141674, 101791, 146508,  10766,  93969,  36719,  25938,
        66469]), array([124572, 126076, 142522, 122842, 104005, 131125,  32335,  28152,
       125251,  80799]), array([  3388, 149319, 129814, 117268,  66082,  11838,  51562, 101327,
        73782, 150045]), array([ 51819,   2582,  70603,  88815, 136703, 142915,  14974,  15412,
        41627, 129824,  87466]), array([ 89715,  26193,  12761,  54390,  15367,  13250,    911, 101829,
        93834,  89281,  37552]), array([ 58743,  98615,  77177,  74302, 141939,  94155,  99307, 102324,
         2503, 138805, 139805]), array([ 68866, 130149,  41816,  98448, 130476, 142822,  72973,  83693,
        87104,  36966,  98569]), array([ 87295, 122487,  68483, 131262,   9049, 127185, 108982, 111508,
        34459,  61730, 116975, 143476, 110726, 125974]), array([101739, 111782, 133076,  25763,  43383,  81346, 127950,  41902,
        81482, 105609, 138904, 140408,   1303, 144636]), array([ 92630,  31481, 146177, 104495, 137841,  79150,  22647,  85503,
       118033,  65414, 136570,  14004,  40374,  57303]), array([107611, 101679, 124563,  47819,  50722,  22492,   3431,  45133,
       119277,  49526,  86429,   4173,  51826,  89597]), array([ 60228,  54160, 148494,  37273,  86394, 127706,  20532,  95358,
        87246,  86447,  90644,  18600,  39844,  53740]), array([ 89349, 130414, 127868,  22992, 108546, 102941, 104272,  61570,
        71555,  35985,  57162,  16670, 113556, 113831]), array([ 34676, 132391,    401, 135883, 118666, 139426,  91951,  78277,
         7292,  40297,  28751, 126472,  66008,  14285, 142782]), array([104283, 132932,  75473,  54136,  58603, 115183,  10844, 113745,
         5385,   5286,  89198,  76334, 102601,  70421, 139459,  88311]), array([  9346,   4945,  63340,   6177, 126058, 149635, 133385,  94512,
       121607, 143996,  23776,  41130,  79390,  24115,  57781, 115695]), array([ 60172, 147445,  76093, 148682,  75113, 113722, 100499,  24372,
        71420,  24554,  84298,   5565,  87707,   5702, 148096,  31514]), array([ 48495, 114568, 114180, 149446,  97087, 146249,  87136, 120510,
       147158,  12593,  67015, 139119, 109639,  60621,  59411,   4075]), array([ 62215,  78847,   1845,  88484, 133117, 148739, 115026,  23756,
        51931,  83375, 147612,  23089,  78978, 123961,  87829,   9182]), array([126986,  23959,  38775,  26991,   3084, 123220, 150845,  60886,
        83309,  51698,  87432,  22048,  41065,  54801,  86976, 138718,
       151555,  29688,  23022]), array([ 56529,  85979,  17676,  13138,  72333, 143575, 115244, 146609,
        34779,  88203,  89837, 112393,  87390, 129437, 118879,  61137,
       140934,   3868,  22963, 129563]), array([117953, 150983, 147449, 112601, 104510,  45896,  20772,  55366,
         7502, 122168, 138989, 141908, 150604,  20286, 107461, 152430,
        51784, 133297,  55453,  12763,   8922,  56611, 142097,  49515,
        74557,     90, 116698]), array([ 10638,  67811,   8972,  95881,   4686,  38323, 104760,  60323,
        10519, 144282,  73152, 152864,  88923,  87560,  71574,  88016,
       100381, 117515, 114617, 138678,  83953, 121407,  12514, 115754,
       103267, 136530,  90661,  10453,  19311,  16049,  28327,   2950,
        35833,  56588,  88196]), array([120341,  32151, 128539,  68583, 134618,  29169,  82894, 108156,
        96339,  35787, 118003,  18390,  77727,  47453,  97923, 124197,
        57754, 123806,  18352, 139090, 111022,  37920,  59706, 138411,
        43515, 100972,  87137,  11021,  70521, 140710, 135978, 132742,
        98332,  13001,  25471,  67042]), array([ 66868, 103470,  72085, 130314,  71512, 146923,  54028, 150830,
        91072,  13233, 116054,  83530,  18126, 137045,  47843, 150034,
        85414,  40958, 121763, 131287, 115594, 128284, 130180,   5733,
        40210,  13796,  91501,  31334,  95843, 133389, 118268,  77400,
        98708, 120292,  58767,    762,  63090,  78132]), array([ 61726, 111468,  93752,  13385,  66637,  63747,  75852,  39058,
       127276,  83816,  75165,  79783,  28778, 151546,  55550,  78170,
       152809,  72428,   7698, 153578, 108305,  49066, 133696,  80668,
       139421,  74482, 108465,  56746, 139061, 151146,  86726,  89471,
        81421, 100044, 150207,  24895,  65901,   8632,  19641,  79552]), array([ 52645, 127939,  70807, 119943, 120119, 145213,  22972, 152836,
        41149, 124472,  84750,   2605, 114690,  59091,  14991,  80776,
       135435,  30406,  23249, 150225,  15786,  53651,   8945, 147740,
       127587, 138053,  57796, 122274, 136060,  47537,  21493,  37025,
        59838,  44068,  92277, 148493,  51261, 105242,  98937,  82182,
        70452, 133953]), array([ 22667,  71112, 153173,  46104,  74656,  17211, 108117,  68935,
       108477,  64284,  58405,  70947,  91811,  83732,  78947,  60889,
       127952,  60506,  53064, 106751, 124548,  11264,  68233,  16133,
        87846, 142998,  39240,   8170,  54346,  28477,  92168, 108809,
         7836,  95906,  79707, 118610, 130463,   4550, 145560, 148069,
        41881,  90638, 140663, 100042,  27081]), array([ 17802, 129598,  72329, 145494,  96808,   2097, 145889,  55221,
        62875,  12261,  75357,  34309, 148438, 125594, 143540,  40466,
        87525, 124236,  59052,  30701,  81677, 139099,  76204, 128947,
        40353,  70742, 134752, 145405, 138659,  27897, 142708,  88511,
        38996,   4303,  22330, 117215, 105351,  14083,  42413,  85210,
       136073,  71799,  64025, 118391,  38298, 112708, 129830, 111374,
       119051, 130085,  51448, 120547]), array([121177, 116872,  64912,  40839,  25614,   8472,  25018,  41771,
       108448,  53853,  56168,  87586,  58477, 130458, 107753, 122025,
       119131,  43803,  85617,  34033,  85779, 135690,  49790,  71050,
       140184,  39519,  97475,  97793,  71988,  21596,  94489,  67103,
        10942,  84043, 120586,  96813,  49429,  12427,  39589, 103073,
        96756, 138257,  18497, 125929, 137839, 115134,  24250,  70222,
       108299,  55184,  51150, 149976,  99646,  17401, 121149,  29249,
       125980, 124551, 130194,  75354,  49551, 144227,  98702, 120342,
       139337,  22400, 103814, 123962,   2678, 112233,  27001,  77101,
       127541,   8765,  77284,  38494,  96503, 131245,  64905, 140769,
        26534,  24998, 152951, 134033,  24353, 125346,   5737, 115047,
        23693,  91968, 125436,  65363, 124878,  86800,   7604,  26014,
        80782, 146990,  29300, 127772,  36684])]
shape of feat_train: (769, 602)
Mean accuracy: [0.796826544258503, 0.0036519913862817096]
