Namespace(dataset='reddit', dropout=0, epochs=400, gpu_id=0, hidden=256, inductive=1, keep_ratio=1.0, lr=0.01, method='random', mlp=0, nlayers=2, normalize_features=True, reduction_rate=0.01, save=True, seed=1, weight_decay=0.0)
size of adj_train: (153932, 153932)
#edges in adj_train: 10753238.0
Test set results: loss= 0.4898 accuracy= 0.9398
idx_selected :  [array([130131,  88293]), array([ 78096, 127517, 120522,  79277,  53476,  72850,  58554]), array([ 89177,   3146,  54014, 139821,  94479,  84884,  56598,  36591,
        13666,  19128]), array([   987,  73550,  64414,  86360, 109230,  44578,  99137,  14714,
       102701,  42971,    186]), array([ 42456,  27495,  76689,  92620,  72876, 151811, 118321,  81908,
         1591, 126767,  33419]), array([ 84593,  58259, 141317,  16904,    421,  58665,  54203, 119531,
        48461,  83670, 141776]), array([ 32617,  82373, 123944, 126903,   2135,  29765, 112728,  39278,
         5818, 106395,  19844,  76098, 114152, 138675]), array([138206,  21974,  26819,  99066, 151387, 134633,  23213,  11426,
       143044,  34663,   1612,  24219,  24966,  39893]), array([ 48462,  76835,   5503, 127561, 113151,  59785,  27240,  60465,
       108634,  86477,  57489,  60712,  44688,  62823,  53613]), array([ 65496,  81294,  47191,  42711, 125009, 130318,  20535, 124992,
         9356,   3817,  93835,    140,  28934,   9262, 119239,  98784]), array([ 32002,  70250,   8225, 141031, 142918,  51470, 116115,   5489,
        99706,  68853,   2737,  69164, 141116,  62268, 114443,  55611,
       140841, 100963]), array([ 58237, 103242,  75658, 146328, 148025, 141310, 119052,  11142,
        95245, 119409, 150409, 123395,  40407,  74768,  89915,  55909,
         4081, 114408]), array([148252,  23272,  80122, 149189,  74713, 133675, 145038,  87625,
        62755, 103995, 100199,  90682,  93376, 146824,  98311,  85306,
       141068,   5210,  11708, 135367]), array([153544, 108400, 111434,  82013,  20279,  29728, 116516,  87713,
        33289, 100014,  74183,  36654,  34993, 131362,  39396, 116262,
       122420, 122225, 148014,  67238, 120731]), array([ 40016, 125268,  38963,  13265,  80612, 124737,  57440,  30356,
       125666,  83474,  97555,  12040, 153370, 130696, 124585, 142031,
        56064,  12968,  41306, 149228,  11957, 143421]), array([  7448,  98074, 140963, 134976, 106825,  68075, 134384,  57535,
       149419, 150245,  34476,  10253,  86091, 104252,  66157,  73814,
       124811,  89461,  26008,  51411,  40136,  27371]), array([ 55243, 126470,  95513,  94784, 147082, 135643, 151730,  16509,
       123170,  72084, 108948,   8796,   3145,  36606,  12127,  45564,
        13669, 137109,   4167,  61225, 143196,  43209,  22957]), array([127168,  53664,  85180,  28336,  22408,  54013, 110029,  29351,
        43105,  48831,  43024, 107010, 124571,  61838,   1035, 101937,
        89298, 112321,  98070,   2470,  89914, 115683,  89844]), array([118111, 128209, 110180, 113276,  27144,  44499,  52055, 102338,
       111436,  21848, 112718,  21893,  56504,  68031,  99234, 136485,
        34478,   9115,  76452, 146430,  86762,  63322,  32580,  40637,
        70832,  92717, 108836,  27026]), array([113588,    243,  29619,  40689,  10252,  27754,  27337,  50115,
        28888,  37384,  68174, 121656,  24713, 119658,  64388,  24952,
        44061,  43444,  77705, 152428,  30595,  34673,  12965, 142003,
        16630, 137461, 113147, 126457]), array([106693,  50834,  10378,  13532,  75894,  79487, 107612, 139795,
        37853, 112476,  87817,  68431,  62096, 115487,   4003,  31730,
        86236,  25094, 143823, 137218, 107693,  63380,  59746,  40539,
       120422,  10156,  74588,  12826]), array([ 59311, 128576,  61362,  58840,  12104,  53905,  20719,  55155,
        92221,  77080, 126709,  50670,  71827,  24256,  24723,  31760,
        22591,  10824, 127996, 123866,  15794, 114934,  72519,   2999,
        50722, 138872, 103774,  29585]), array([ 16644,  56978, 118973, 138814,  83315,  71675, 127096, 137066,
        77154,  26219, 110363,  26016,  23356,  22127,  32501, 138084,
       102793, 144989,  33302, 114448,  19817, 133934,  11475,  54036,
        85780, 123371, 143743,  31914]), array([112551, 128654,  74928, 131729,   7719, 146521,  63684, 101025,
        86519,  44348,  10297,   7186, 146572, 144710,  32079, 102211,
        18475,  94978,  25113,  65441,   7399,  38479,  96717, 108643,
        43282,  61511,  43076, 115170]), array([132323, 113986,  62829, 146309,  48234, 137547,  98218,  48610,
       103903,  64161,  85951,  41743,  90116,   3963, 153816,   9797,
        78281,    464,  57713, 122469,  69926,  66304,  39195,  54292,
        18506,  36880, 118663,  25507, 125382,  65694,  24726]), array([131959,  12252,  78749,  72110,  60439,  11633,  31449, 144457,
        98672,  42121, 113745,  82670,  26488,  11724,  98194, 140809,
         5578,  93259, 113026,   4340,  86828,   6779, 131405,  18759,
        24683,  60309, 129749,  91834,  23520,  36184,  58214,  17341]), array([122258,  76141,  14815,  89023,  35501,  46144,  22770,  38339,
        94809,  15396,  34565,  67532,  66930,  27824, 145400, 139111,
       130266, 133625, 136236,  52817,  40257,  28997, 152338,  89488,
       124242, 131457, 142906, 102998,  62066, 141889, 113657, 103121]), array([152211, 132773, 118616, 136390,  42680, 129185, 102948,  16125,
       118342,  48060, 105256,  53498,  87322,  60234,  96043, 118994,
         1963,  62679,  17016,  95912,  73537,  34707,   9199,  70806,
       115524, 121549, 147140,  84399,  32593, 127291,  66384,  32259,
        18582]), array([ 10881, 120910, 143517,  51755, 139562,  22480,  69143,   9595,
       126475, 111620,  85385,  38106,  94743,  13770, 152899, 104302,
        46100,  28040,  20594, 125046, 144057,  90675,  60047,  77803,
        30192,  62381, 141730,  20634,  61300,  87035,  96583, 135727,
       118387]), array([ 42227, 135852, 136829,  64010, 130347,  19555, 119188,  59997,
       149583, 123266,  11684,  67960, 103850, 130223, 113073,  56976,
        39528,  45430, 128541,  56936,  77029, 150695,  27399, 153622,
        64773,  26070, 126053,  53649, 141141,  32683, 128729, 110315,
        23281]), array([148417,   7852,  34566, 112672,  66978,  83394,  31475, 109035,
        19295,  21018,  46989,  98301,   5123, 113800,  84018,  59673,
       106267,  36151,  43062,  42561, 124753,   3467,  90621,  16036,
        44897,   5400, 128520,  66069,  19237,  29890, 122276,  63072,
        44963,  27766, 125818,   3550, 106704,  95672]), array([ 61510,  65648, 139942, 104170,  21855,  22040, 125256,  14480,
        73622,   2425,   2321, 109133, 123372,  37258, 117101, 119919,
       127078,  29342,  13867,   7204,  96718, 137940, 101366,   6895,
        23737,  26491, 119197,   4447,  99518,    291,  30455,  47396,
        26163,  75307,  60784, 105194, 143646, 107979,  68620, 135719]), array([ 82478,  81944,  28271, 111068,  77368,     14,  69492, 126894,
       148279, 112403,  33651,  86377,  99350,  65209, 103375,  48300,
        17315,  10854, 102935,  69415, 135475,  62425,  81303,  61492,
        95739, 106485,  49503, 107324,  28472, 105725, 142900, 133381,
        12364,  92839, 102950, 123861,  62472, 126436, 130052,  63363,
         9528, 137590,  74214,  38927,  68045,  60265,  43341,   7974,
       153715,   1512,   2265, 151610,  46056,   5084]), array([ 23128,  26112,  90229,  80271, 153078,  32989, 111906,   9671,
        60431,  33476, 115471,  99689, 141744,  68000, 125212, 100070,
       115756,  53582, 137603,  18984,  65861, 123434, 130779, 143162,
       148742, 126606,   9567, 151873,  43467, 146751,  89588,  34342,
        45616,  64645,  67340,  85651,  47692,  81996,  18005,  45021,
       117755, 152569,  34369,  95040,   9534, 142255, 101139,  90661,
       106922,  78486, 137818,  16038, 134072, 138550, 148807,  45448,
       140565,  70039,  75536,  95837,  83877,  56132, 136061, 107723,
        94184,  63341, 101432,  68985,  26907,  96723]), array([ 19741, 122287, 111480,  43525,  22287, 133258,   4229,   1065,
       143852,  33000,  55973,  65823,  93183,  48542, 152209, 105760,
        64517, 152256,  21981, 126688, 110787,  18214,  28922,  16010,
       143111,  39746,  58585, 125741, 151291, 150450,  66964,  34567,
        22692,  37073,  13553,  31733, 126772,  45806,  80978,  26140,
        79154,  31931,  45542,  33982,   3385,  32018,  14670, 123806,
        98332, 130250, 100846,  80285, 117696,  33440, 110710,  65169,
        18990,  99936,  66123, 150811,   4113,  28941, 140987,  90776,
        95572,  38540,  21644, 136032,   2173, 147333,  81775,  79050]), array([ 65846,  27948, 110930,  35324,  27957,  63970, 127736, 128154,
       102192,  47028, 149886,  48116, 133658, 122407, 120951,  17973,
       135909,  57742, 149551,  24347,  98014,  32004,  36166, 109663,
        61837,  53035,  23960,  84940,  62666,  80389, 151817,  69313,
       153012,  15644,  90435,  95045,  39601,  50575, 134248,  13642,
       134840,  10745,   8463,  53762,  63233,  68899, 115469, 148360,
        47747, 131232, 118757, 130647,  45899,  17355, 121099, 106612,
        99812,  10496,  86728, 124970, 116846, 102798,  82627,  42162,
        50494, 106029,   9484, 141235,  99840, 140305,  52382,  13485,
        20893,  60864,  30533,  79243]), array([ 49066,  80007,  68865,  70891,  66717,  79786, 152671,  56864,
       126828,  30037,  89871, 123326, 139643, 102315, 105116, 117135,
        70130,  20186,  22614,  85435,  14412,   3489, 144192,  86127,
        73767, 106468, 133598,  71719,   2697,  54102, 143151, 104002,
        97706,  71653,  36839,  87392, 127323,  38336,  85195, 111016,
        96118,  71219,   1079, 129560,  56133,  67186, 102578, 115049,
        55638,  19381, 126698,  77813,  79327,  90174,  16270,  51019,
       117573, 112127, 121895,  73411, 124066, 111014,  84034,   3128,
       116750, 117493,  11603,  10641, 129040, 116495,  23201,  17746,
       110253, 153207,  88087,  97247, 136393,  99637, 105014,  72415,
        60138]), array([ 42766,  24617,  50618,   3471, 142187,  91459, 147371,  17470,
        69707, 131197,  77290,  79991,   7076,  90488, 131702,   1885,
        13680,  46190,  82662,  80724,  15225, 125991,  88944,  75803,
       106590, 146487, 101251,   3347,  37785,  79437,  33236,  58770,
       116315,  82938,  81625,   5878, 106371,  57603,  90195, 131510,
        41013,  73124,  26387,  54955,  52406,  88818, 125920,  89430,
        40400, 122060, 100293,  26639, 125709, 112083, 114577, 146422,
        49430,  14572,  74179, 117770, 127618,  62150,  69037, 103629,
        70413, 113967, 140772,  40187, 104539, 122379,  41910, 125616,
        52104,  56553,  33929,  73403, 105243,  98246,  89101,  90363,
       148941,  34535, 128233,  20050]), array([100141,  84643,  83323, 153386,  26327, 104068,  84947, 146736,
       130960,  68233,  75776, 133077,  21024, 151835,  14516,  62794,
        59691,   1508,  11995,  11193, 133132,  14133,  57404,  18950,
       115264,  78409,  52262, 149244, 114525, 127903, 151902, 102139,
        47553,  10223,   6327,  30546,  99857, 114557, 132295,  86963,
       112181,  47824, 144847,  28666, 111369,  61130,  34223, 122701,
        21270,  11300,   9394,  74193,  17972,  97662, 111805, 121130,
        36546,  38143, 148339, 128902,  19304, 103642,  18018, 107031,
        52699,  92716,  58854,  63370, 134915, 135724, 142092,  23674,
        99642,  97396,  40465,  20211,  56777, 120674, 136780, 111470,
        41457,  22832, 148410,  13924,  68462, 115420, 119229,   8262,
       133244, 114325,  92928]), array([ 96855,  53158,  80488, 134826, 142369,   3025,  84323,  66091,
        36760, 113482, 104475,  10082, 126691, 137879,  65787,  34948,
       128708,  22877,   8710,  65450,  32714, 101171,    390, 153376,
        40720, 103481,  66026, 117889,  58387,  71298, 153644,   3888,
        71578, 139035, 130875,  58264,  84744,  89164,  32876, 111713,
       122548, 148544,  30175,  47459, 148665,  46448,  10143,  64576,
       108230,  56217,  94447, 138116, 118391, 119969, 148735, 144660,
        38847,  56996, 149108, 126197,  14489,  45708,  80800,  60741,
       111895,  96154, 137961,  82602,  42071, 105756, 107756, 148383,
       113303,  37938,  57095,  91955,  26533,  31203,  41904,  33023,
        53222, 118267,  30774,  23218,  34438,  48139, 146380, 151003,
       130550,  58701,  11875,  72197,  37360, 150974,  50364,   5823,
        21236, 125673, 146573, 144098, 134602,  19915,  21260, 139636,
        97241]), array([ 89331,  92356,  81023, 144438,  31987,  90940,  38212,  49056,
        11566,  47496,  34314,   2487,   1326, 108151,  77394, 112613,
       116873,   7440,  50961,  52796,  11412,  92261,  18672,  63878,
       128552,  66679,  39484, 151350, 111364,  36604,  12435,  47364,
       137201,  15537,  86800, 109774, 143874,  67727, 118809, 150107,
        18745,   9224, 114531,  34732,  83144,  11788,    554,   6027,
       140686,  89766,  57879,  41553,  62127, 135821,   4030,  59553,
        31958,  24068,  17782,  32867, 117728,  91803, 146631,  39801,
        33782,  23780,  67093,  68161,  66178,  68783, 100977,  73487,
        65142,  25149,  25655,  69176,  42838,  54064,  79201,   6738,
       152091,  23583,  35612,  11221,  75179,  65884, 103761, 140065,
        95960,  92051,  69807,  88863, 109278, 148353, 121560,  62414,
       143454,  19786, 111897,   4358,  89789, 148110,  69087,  87293,
        50229, 133765,  41385,  70567,  52797, 127784, 141326, 109264,
        86018,  58749,  72223,   6725,  58477,  31294, 148863, 138163,
       118381,  78759,   8511,  64173, 100778,  97377,   8978, 134687,
        36956, 152145,  58316,  71820,  10163,  45518,  24631,  42382,
       119526,   3880, 123564, 126448, 113690,  78996,  23110,  16482,
        58489,  22575, 142145, 112230,  98476, 105757,   9054,  37439,
          584,  63273,  17816, 117559,   8094,  53620,  28387,   4444,
        41502, 148374,  14644,  62075,  54250, 107256, 145430,  82256,
        22778,  97653,  17721,  59949, 126357,   5425, 121536,  34918,
       120850,  84982,  86199,  49578, 100423, 140721,  31886, 134231,
        52721,  94201, 142270,  60212])]
shape of feat_train: (1539, 602)
Mean accuracy: [0.8445476560523367, 0.004163515025346447]
