Namespace(dataset='reddit', dropout=0, epochs=400, gpu_id=0, hidden=256, inductive=1, keep_ratio=1.0, lr=0.01, method='random', mlp=0, nlayers=2, normalize_features=True, reduction_rate=0.005, save=True, seed=1000, weight_decay=0.0)
size of adj_train: (153932, 153932)
#edges in adj_train: 10753238.0
Test set results: loss= 0.4835 accuracy= 0.9394
idx_selected :  [array([49065]), array([ 88824, 152102,  49172]), array([ 90236,  37670, 105982,  98399, 119073]), array([134576,  51275,  75891,   1882,  83104]), array([139015,  56704, 105988,  83691,  75452]), array([119268,  49977,  53658, 112466,  83771]), array([ 24097,   2564,  74176, 141112, 152070,  23434, 147941]), array([ 37136,  48457,  80844, 122567,  72460, 129070,  63558]), array([ 20117,    297,  67851, 104462, 144337,  58317, 136676]), array([ 20982, 147171,  27180,  64662, 133753,  10269,  87626, 135492]), array([  7961,  39024, 137946,  84221,  31035,  94910, 119350,  27284,
        35032]), array([112619,  26761,  75658, 135038,  42861, 137390, 134535, 136609,
         6957]), array([ 68258,  93018,  65314, 140923,  91248,  18591, 108502,  15790,
        91566,  93773]), array([ 52296,  83932, 130716,  42346, 145044,  39815,  23103,  78287,
        77205,  54686]), array([ 43045, 106513,  64303,  89210,  76157, 128638,  48680,  70049,
        92992, 142773,  53904]), array([ 87862, 151376,  81388, 126889,  49730,  41707,  66586, 116507,
        97912,  19505, 106498]), array([ 93384, 131415,  92376,  39326,  33736, 101918,   1204,  35009,
        67444, 143109,  54040]), array([  6639, 138119,  64810, 111837, 144987, 106334,  86324,  28476,
       128275, 147685, 143058]), array([ 99357, 146586, 127185,  63854,  45409,  34014, 135108,  13352,
         5769,  31648,  51836,  17186,  61451,  37596]), array([ 26530, 112323,  22810,  95891,  67397, 115990, 135237,  77524,
        49911, 129919,  51527, 105764,  95299, 102711]), array([106609,  27263,  16511,  79487,  64684,  40529,  29914,  47470,
       132024,   5877,  43473,   7837,   9416, 143425]), array([ 97661,  14042, 108666,  92782,  52522,  29672,  24354,  32389,
        75316,   8725,  87347,  91473,  88917,  82601]), array([ 70072,  42978,  25187,  49149, 116434, 150115,  45454, 116570,
        72249,  50795, 112002,  32507,  49258,  25913]), array([ 88853, 102838,  13067,  63948,  23205,  97552,  17202,  92734,
       126863,  35966, 149484, 111597,  54592, 149778]), array([102475,  59076,  20013, 100048,  11070,  43344, 122383,  51306,
        29209,  59495,   3925,  28544,  95429,  70428, 114741]), array([ 65254,  23306,  53431, 114975,   2963, 147657,   3381,  93476,
       108551, 106545,  50242,  95394,  31668,  37873,  14941, 113308]), array([ 44863, 120270, 149468, 129810, 110531,  44653,  39769,  50824,
       116167, 139129, 123176, 109050,  91469,  83876, 102998,   4579]), array([ 85394,  44222, 145600,  66645, 100938, 139912, 120643, 128828,
       102198,  75463,  85357,  51817,   5908, 119513, 133296,  50034]), array([149718, 114160, 101407,  16599, 100691, 110379,  70725, 139773,
       133472,  25835, 103715,  70626,    168,  15906,   9725,  73387]), array([ 73989, 153414,  88913, 108276, 114837, 117077, 107936, 132247,
         1535,  89865, 118951,  61001,  25939,  43245,   5827,  79334]), array([145973,  32701, 114727,  31531,  88807,  24963, 143038,  22262,
       119283, 123190, 139235,  92656,  24635, 102610,  79593,  21957,
        36333,  48586, 113412]), array([102307,  51206, 105662,  76580, 132416,  66869,  73653, 123352,
        38279, 121115,  53450,  48216,  37071,   2643, 128409, 125160,
        16926,  77565,  17915,  54296]), array([ 16078,  61105,   2430,  49209,  97133, 116310, 134948, 128386,
       148309,  92779,  78383,  83720,  82475,  11942,  78698,   6482,
        21858,  25789, 152812,  19335,  76922, 140169,  62525,  93260,
        62912, 126887,  80655]), array([108391,    869,  53178,  72336,  88769,  13519,  64013,  20152,
         6424,   1320,  80036, 133421, 120490,  95790,  14577,  58856,
        62680,  12422, 148437,   7092,  24908,  72620,  95492, 144509,
         5588,   3434,  59399,  67406, 105378,  20831,  75647,  18799,
        39452,  91571, 133715]), array([127649,  93553, 132358,  29812,  96343, 111689,  38289, 105968,
       140368, 109940,  30570,  77859,  19777, 100799, 110710, 130596,
        78271, 147045,  79098,  36675, 146353,  17057, 138208, 128842,
         2169,  69398,  28898, 129312,  92536,  22055,  98771, 128606,
        70503,  24833,  88298,  22581]), array([ 57182,  33779, 134924, 124995,  94843,   6007,  90758,  45428,
        73146, 140145,  29437,  79243, 132068,  16448,  61675,  55886,
        44006,  15207, 109432, 138486, 141337, 138439,  65678, 102052,
        93495,  50950,  22404, 103711, 136939, 107369,  49548, 112179,
        60919, 123342,  31329, 102661,  17353,  72093]), array([137436,  15277,  76095,  97010, 146127,  66717,  96891, 124698,
       111932, 112127, 114742,  10898, 149658, 127766, 115529,  64397,
        59869, 110940,  48327,  49599,  76488,  24413, 114345, 153477,
       132352,  91000, 110305,  29010,  95488,   6474,  88124,   3043,
       132914,  19146,  46472, 119835,   2576, 133745, 124894,  35295]), array([ 54624,  91333,  25133, 126548,  93984, 132449, 115222,  66115,
       107857,  58435,  40260,  29416,  34857,  68374,  92171,  14830,
        53342,   9691,  57851, 104318,  92434,  66953,  97801,  14110,
        36221,  28335, 151195, 134282,  23215,  92912,  60062, 125484,
        17176, 124608, 143015, 122418,  57416,  68639, 141805, 153369,
        35996,  87610]), array([  6846, 120699, 111734,   9431, 103508,  53889,  43285,  60088,
        20439,  13989,  11540, 139988,  83933,  89291,  99571, 113545,
       136987,  32855,  17442,  77273, 150894, 136296,  16756,  47636,
        18705,  79947,  57553,  97906, 115915,  16961,  20907,  44736,
        81136, 101092,  12935,  70216,  18773, 108483, 140236,  60674,
       127216,  41329,  71038,  76256,  27773]), array([ 38010,  98998,  74401,  90030, 106987,   2976,  73083,  42303,
       120300,  32325, 107636, 145610, 148920, 129396,  35022,  66719,
       131214, 146758, 150698,  48543,  14489,  56440, 101789,  97008,
       112746, 108510, 123204, 124082, 141794, 117416,  69394,  62875,
        56423, 113213, 145808,  48625, 127348, 135297,  52847, 135443,
        47515,  63461,  87978, 124782, 111604,  84668,  60104,  83278,
       150434,   7231, 114596, 137743]), array([ 88188,  89015,  53211,  31826, 125314,  56025,  54974, 113805,
        65202, 128881,  90947,  22488,  13887,  52487, 136577,  80959,
        25236,  80379, 134700,  85302, 107628, 116327, 135301,  27565,
        22721,  48504,  48985, 124561, 141313,  18911,  77951,  64905,
        35846,  27721, 109579,  82779,  48821,  27489,  52096,  91102,
       110612,  89482,  60109,  63873, 136483, 152248,  72203,  24924,
       134474,  12197,  77027, 132275,  93728,  74252, 110912, 148054,
        57035,  88182,   6455,   5464,  53193,  78996,  66534,   5383,
        38006,  92101, 112408,  67495,  66559,  63482,  49766,  46932,
       104199, 126388,  52708,  90485, 120623,  19570, 115475, 141464,
       126406,  49127, 146243,  40728,   2622,   6443,   3880,  29301,
        32289,  57313, 149666,  40269,  40675,  69198,  88039, 110444,
        59506,  90643,  98596,  14118,  70707])]
shape of feat_train: (769, 602)
Mean accuracy: [0.7876224382838761, 0.00607512001195999]
