Namespace(dataset='reddit', dropout=0, epochs=400, gpu_id=0, hidden=256, inductive=1, keep_ratio=1.0, lr=0.01, method='random', mlp=0, nlayers=2, normalize_features=True, reduction_rate=0.002, save=True, seed=85, weight_decay=0.0)
size of adj_train: (153932, 153932)
#edges in adj_train: 10753238.0
Test set results: loss= 0.4403 accuracy= 0.9413
idx_selected :  [array([78793]), array([72657]), array([117672,  39309]), array([108774,  92379]), array([15614,  9323]), array([52811, 31005]), array([136740, 131574]), array([65972, 74282]), array([144489, 114033,  72121]), array([ 2396, 31995, 69648]), array([ 34704,  47625, 142101]), array([133976, 141674, 101791]), array([124572, 126076, 142522, 122842]), array([  3388, 149319, 129814, 117268]), array([51819,  2582, 70603, 88815]), array([89715, 26193, 12761, 54390]), array([58743, 98615, 77177, 74302]), array([ 68866, 130149,  41816,  98448]), array([ 87295, 122487,  68483, 131262,   9049]), array([101739, 111782, 133076,  25763,  43383]), array([ 92630,  31481, 146177, 104495, 137841]), array([107611, 101679, 124563,  47819,  50722]), array([ 60228,  54160, 148494,  37273,  86394]), array([ 89349, 130414, 127868,  22992, 108546]), array([ 34676, 132391,    401, 135883, 118666, 139426]), array([104283, 132932,  75473,  54136,  58603, 115183]), array([  9346,   4945,  63340,   6177, 126058, 149635]), array([ 60172, 147445,  76093, 148682,  75113, 113722]), array([ 48495, 114568, 114180, 149446,  97087, 146249]), array([ 62215,  78847,   1845,  88484, 133117, 148739]), array([126986,  23959,  38775,  26991,   3084, 123220, 150845]), array([ 56529,  85979,  17676,  13138,  72333, 143575, 115244, 146609]), array([117953, 150983, 147449, 112601, 104510,  45896,  20772,  55366,
         7502, 122168]), array([ 10638,  67811,   8972,  95881,   4686,  38323, 104760,  60323,
        10519, 144282,  73152, 152864,  88923,  87560]), array([120341,  32151, 128539,  68583, 134618,  29169,  82894, 108156,
        96339,  35787, 118003,  18390,  77727,  47453]), array([ 66868, 103470,  72085, 130314,  71512, 146923,  54028, 150830,
        91072,  13233, 116054,  83530,  18126, 137045,  47843]), array([ 61726, 111468,  93752,  13385,  66637,  63747,  75852,  39058,
       127276,  83816,  75165,  79783,  28778, 151546,  55550,  78170]), array([ 52645, 127939,  70807, 119943, 120119, 145213,  22972, 152836,
        41149, 124472,  84750,   2605, 114690,  59091,  14991,  80776]), array([ 22667,  71112, 153173,  46104,  74656,  17211, 108117,  68935,
       108477,  64284,  58405,  70947,  91811,  83732,  78947,  60889,
       127952,  60506]), array([ 17802, 129598,  72329, 145494,  96808,   2097, 145889,  55221,
        62875,  12261,  75357,  34309, 148438, 125594, 143540,  40466,
        87525, 124236,  59052,  30701,  81677]), array([121177, 116872,  64912,  40839,  25614,   8472,  25018,  41771,
       108448,  53853,  56168,  87586,  58477, 130458, 107753, 122025,
       119131,  43803,  85617,  34033,  85779, 135690,  49790,  71050,
       140184,  39519,  97475,  97793,  71988,  21596,  94489,  67103,
        10942,  84043, 120586,  96813,  49429,  12427,  39589, 103073,
        96756, 138257,  18497, 125929, 137839, 115134,  24250,  70222,
       108299,  55184,  51150, 149976])]
shape of feat_train: (307, 602)
Mean accuracy: [0.6557451115046807, 0.02036442930208469]
