Namespace(dataset='reddit', dropout=0, epochs=400, gpu_id=0, hidden=256, inductive=1, keep_ratio=1.0, lr=0.01, method='random', mlp=0, nlayers=2, normalize_features=True, reduction_rate=0.075, save=True, seed=1000, weight_decay=0.0)
size of adj_train: (153932, 153932)
#edges in adj_train: 10753238.0
Test set results: loss= 0.4835 accuracy= 0.9394
idx_selected :  [array([ 49065,  17565,  88809,  27132,  69233,  94123,  93511, 125545,
        74971,  99549,  47528,  54559, 109748,  99150,  50477,  99264,
       114040]), array([ 88824, 152102,  49172,  70604,  87547,  88236, 129532,  83106,
        55514, 134939, 100237, 142367,  65271,  39330,  29816,  84516,
       135420, 121005,  46610,  89772, 113454,  52768,  12032,  54753,
         5278, 143678, 113714,  53529, 100536, 112491,  25462, 120112,
        67301,  42471, 123856,   3852, 110861,   7347, 149841,   6631,
        37739,  48949,  89708,  45211,  31519,  10863, 122534,  97319,
        21082, 106028,  36930,   7381,  47379, 110478]), array([ 90236,  37670, 105982,  98399, 119073,  64390,  14273, 112722,
        85553,  39422,  36554,  45601,  18092,  56232, 148583,  33078,
         5820,  74153,  17167, 103513, 140601,  51726,  57477, 123028,
       123087,  62847,   3173, 138684,  79666, 109483,  84996, 105737,
        12819,  34805,  19125,  80464,  26646,  54014,  73726, 129690,
        98659, 132918,  36591,  43349, 111115,  52000, 100221, 121636,
         8243, 139821,   9606,  24973, 131623,  75385, 122478,  85142,
        18535, 108455,  13289, 123276,  23235,  64580,  92509, 107347,
        22890,  24108,   7273, 140496, 103750,  73667, 107242, 102484,
       126958, 150373,  84974,  46407, 106675,  54976,  73133,  42284]), array([134576,  51275,  75891,   1882,  83104,  90360,  61786,   1324,
        89944, 116232,  25374,  76803,   6503,  49240,  64938,  91819,
        37858,  45483,  50234,  68689,  94518, 127087,  49939, 141652,
       148619,  43178,  88767, 134182,   1272,  42101, 135881, 103708,
       141090,  23580, 105438,  46339,  96364,  87790, 151378, 132704,
       129571,  40248, 133995, 137494,  87378,  71701, 125032,   9778,
        87775, 114533,  94669,  57148,  48928,  42171,  34844,  72476,
        65077,  76801,  66433,  19980,   7592,  51007, 101762,  43973,
       132718, 125799,  92323,  98567,  26184,  36456,  89083, 108321,
       131820, 110282,  16434, 100158,  34182, 105273, 126581, 105771,
        82516, 148734]), array([139015,  56704, 105988,  83691,  75452,  42660, 119797,  21451,
       141213, 122185,    494,  17788, 109400,  28970,  69510, 126667,
         7243,  91429,  25496,  84293,  31242, 144696, 122993, 143195,
        32803,  73260, 115898, 109635,  63567,  55719,  15147,  38979,
       143531, 114731,  88973,  84795,  72876,  28795, 101603,  42690,
       108155,  49235,  61958,  63054,  58979, 108584,  26075, 121373,
        87659,  84878,  23793,  65020,   3170, 146578,  92902,  19495,
        27175,  79024, 117054, 121541,  65626,  44833,  56260,   3192,
        98066,  53726, 153865,   5748, 145169,  82624, 112484,  98470,
       114077, 114787,  42200, 126497, 130890, 100266,  62637, 104673,
        72240,  59932,  18579,  23501]), array([119268,  49977,  53658, 112466,  83771,  81158,  89758, 103573,
        22873,  23469,  61031,  85067,  43672,  32792, 134204,   3636,
        65725, 112910, 120334, 138939, 121404, 133094,  95194, 137805,
        40533, 102773, 147534,  49452,  89501, 134557,  44718,  77981,
          993,    385, 120938,  48303, 130166,  29615,  31004,  60272,
        79936,  88506,  72820, 122819, 131908, 122373,  45948,  74212,
       114066,  48688,  98401, 128580, 141873, 124659,  28169,  88702,
        10457, 110577,  37154,  77760, 139614, 134468,    966,  20348,
         9248,   1289,  97039, 117111,  97893, 134750,  32132, 142556,
        22324, 123611,  88693,  51973, 131898, 122275,  34815, 113755,
       143326,   7130,  30287, 123163, 150930,  80518]), array([ 24097,   2564,  74176, 141112, 152070,  23434, 147941,  29723,
        83575, 118249,  17022,   1818,  16048, 153663,  38313,  79023,
        88652, 126539, 104643,  54420,   8201, 114822,  63045,  71084,
         5968,  39145, 153684, 137021,  24367, 129637, 111756,  32195,
         4072, 116335,  67529,  33523,  79212,  73681,  76754, 146900,
       146432,  49972,  60892,  60095,  44774,  98131,  17510, 127456,
        31849, 137947,  99293,  43620,  97657,  55275, 127571, 123729,
       144395,  68055, 118218, 109534,   2993,  15387,  15677, 116688,
        16692,  88172,   8163,  24748, 129673,  63238,  25574,  42608,
        18000,  75738,  37852, 103156, 106562,  97688, 115271, 104596,
       131984, 138339,  41180,  63110,  64519,  45033,   7946,  95668,
          133,  98660,  20967, 113787,  65179, 126496, 122719,  12071,
       134455,   4931, 148755,  27354,  68127, 108761, 136909, 114328,
        53927,  48431,   3953, 122152,  77949]), array([ 37136,  48457,  80844, 122567,  72460, 129070,  63558, 151005,
        93401,  34534,  37533,  50484,  41397,  75321,  97839, 107456,
        72408,  91400, 142358,  75619, 136710, 105553, 108300,  48869,
        16295, 134559,  19100,   7096, 118353, 110098, 103181,  56910,
        44359, 141308,  41022, 123845, 149274, 106495, 149629,  61380,
        23104,  81432, 149921,  31895, 120221, 141076, 139517, 108762,
        18144, 100826, 110367, 105050, 139392,  99756, 122957, 150931,
         9847,  48238, 125269,  68186, 118499,  19794, 141955,  68289,
        41808,  35950,  91612,  80461,  99837, 119731,  50245, 102669,
       100811,   7191,   7497,  29292,   7238,  59023,  19217,  32033,
       132241,  46869,  81298,   6438, 116092,  97795,  26668,  59967,
        24966,  46866,  69747, 126043,  33967,  64559,  38896,  36768,
        19790, 103353, 105158,  36051,  21974,  22248, 115359, 112005,
        88230,  49493,   6001,  40317, 133083,  12564,  93623]), array([ 20117,    297,  67851, 104462, 144337,  58317, 136676,  41880,
         2183,  84463,  50014, 104691, 146311,  17209,  15645,   6529,
        64861,  52158, 150188,  75133,  28157, 118468, 144597,  99500,
       116896,  43960,  68792, 136607, 128166,  73794,  30286,   4128,
        28756,  42289, 115880,  84149,  59007,  92522,  89362,   2245,
        90783, 139047, 124730,  16009,  64088,  99080,  26678,  16615,
        75980, 102871,  61394, 137035,   6766,  21315,  88625, 132347,
        49329,  88577,  66281,  42099,  18673,  58637, 120961, 100525,
        12900, 137180,  14484,   4434, 137651,  51887, 121031,  43435,
       121679,   4586, 146724,   4020, 109436, 115292,  89439,  21719,
        95349, 138477, 116895,   1561,  12212,  22760, 111260,  88076,
        30581, 133119,  80989,  34186,  43563, 113663, 137923,  34517,
        51025,  52525,  98944, 124709,  63447,  17371, 117219,  62225,
         4754,  91014,  42495,  76054,  87555,  92342,  52123,  39593,
       122954,  17021, 125872,   3676,  88712,  12168]), array([ 20982, 147171,  27180,  64662, 133753,  10269,  87626, 135492,
       103651,  10704,  65879, 109417,  44213,  16960,  41938,  99362,
        92588,  75676,  64618,  29919,  97166, 134553,  70827,  54599,
       152099,  87764,  64699, 153268, 102380,  39540,  96765,  98784,
       127362,  51297, 149763, 107961,  32830, 136793,  31440,  52738,
         9756,  66785,  83463, 119150,  96352,  25145, 142501, 139735,
        96878, 134145,  12607,  15991,  86414, 152845, 102615,  35298,
        52608,  92241, 103673,  77019,  11430,  34364,  91415,  33883,
       131249,  37705, 138772, 110847,   8561,  45387,  34892, 111565,
       142619,  26365,  50435,  82992,  85978,  11487,  75405,  69301,
         4363, 104857, 106142,  63736,  75493, 118647,  83602,  44493,
         6927,  11958,  94731,  20362,  49096, 121758,   3945,  28943,
       118572,  74715,  32148,  43590,  10872,  37081, 121599,  74299,
        91329,  57308,  91394, 152309,  36208,  55785, 138841,  21774,
        14926, 122927,  43455, 153171,  82042,  33112,  35355,  41963,
        11057,  39693,   4395]), array([  7961,  39024, 137946,  84221,  31035,  94910, 119350,  27284,
        35032, 123853, 108907,   6200,   7639, 142101,  77259, 136111,
        56748,  69705,  35062,  35453, 116363,  34704, 148699,  57192,
        88988,  84454,  61608,   4501,  29212, 149495,  13893,  62618,
        72747, 138724, 116916, 149630,  35885,   8929,  31352, 135517,
        40149,  28402,  25490,  52673,  39981,  69239,   2597,   3214,
         2020, 134818,  14039, 102990,  23569,  81777,  58303, 152376,
        61063,   5003,   8198, 152588, 121642,  21749, 132115, 145450,
        30703,  78403, 120436, 108746, 117704, 114201,  76257,  80600,
         8991, 113534, 122108, 117155, 125522,  77922,  28010,  48789,
        20351, 111272,  12789, 145353, 153316,  77627,  87364, 117485,
       100405,  39436, 143482,  61386,  15950,  13597,  78291,   2214,
         8619,  75972,   9430,  17437,  62662,  49708, 148598, 141722,
       134681,   5736, 114630, 107549,  68187,  53575,  13002,  78575,
       126910,   6884, 111582,  68690, 113469,   8990,  21142,  51599,
        17727,  88676, 122273,  95588,  53831,   3772,  53204, 133184,
       105163,  47625, 151364,  77495,  89479,  70250, 152061,  86223,
       141335, 106538,  96545, 128226, 116527,  50357]), array([112619,  26761,  75658, 135038,  42861, 137390, 134535, 136609,
         6957, 151725,  46498,   6201, 122562,  90314, 114770, 103313,
       110835,  87311, 141605, 119147,  56468,  72251, 125468, 141479,
       126929,  75290, 118192,  31057, 142215,  80045,  10623,   1933,
        65081, 103587, 137084,  86700,  69116,  44556,  31447,  94194,
        33666,  72559, 110679,  33269,  88233, 131313, 147906,  24120,
       137963,  92862, 115323, 143007, 113674,  74087,   4184,  63770,
        11564,  28921,  82366,  47989, 152932, 100959,  79879,  91600,
        60449,  85766, 150918, 101649,  12511,  57375,  40123,  86174,
        15359,  24734, 143757,  89150, 123395,  99050,  64846,  41785,
       152888,  88574, 147443,  63368, 146164,  23293, 146550,  56227,
        32304,  57166,  63440,  75630,  72298, 118401,   5903, 130812,
       126202,  25093,  61056, 117904,  72730,  55949,  26670, 107826,
        77277, 127313, 144979,  16829,  69764, 134684, 128614,  32360,
       109832,  96221,  45488,  87017, 101791,  34056,  25617,  33978,
         4464,  69709,  42700, 138125,  10537,  69862,   2253, 153926,
        68340, 108553,  12416,  19183, 116915, 113232,  36141, 125612,
        98794, 118806,  86989, 137703, 121421,  32271]), array([ 68258,  93018,  65314, 140923,  91248,  18591, 108502,  15790,
        91566,  93773,  50640, 116764, 119799,  39338, 108253, 133518,
        93302,  66244,  20031, 110938,  55038,  89695,  91900,  91292,
       110396, 149645,  33473,  80654, 102909,   4199, 137258, 133902,
        34350, 138402, 110779,  58784, 133551,  20264,  89307,  30411,
       138388, 150764,  16166,  38548,  99077, 141297,   8316,  61449,
       128439,  70294, 141586,  17312,  23372,  52386, 128288,  40551,
        58924,  32411,  63516, 130643,  56150,  33045,  52294,  98640,
        57513, 142891, 109658, 136007, 138127,   5128,  76285, 133675,
       136328,    640,  33688, 109416,  98311,  47314, 119540,  32296,
        64302,  96577, 102712,  90648,  27698,  29391,   7934,  71798,
        82506, 129992,  61473,  31609, 146603,  26851, 145038,  85236,
        18123,  53757, 129537,  51777,  58885, 140490, 123158,  54379,
        48241, 149235,  37441,  96624,  86478,  41925, 119803,  56916,
        77237,  60977,  68591, 104766, 133441,  61519,  78790,  51974,
       106079, 142670, 117737,  85986,  69202, 152115,  67937, 131828,
        13423,  52676, 150749,  27310, 150077,  84777, 108036, 112111,
        75173,  39783,   6988, 139282, 144201,  45930,  73963, 112421,
        42332,  64865,  72652,  76882, 102982, 121790]), array([ 52296,  83932, 130716,  42346, 145044,  39815,  23103,  78287,
        77205,  54686, 136026, 107736, 133183,  30151,  46494,  59843,
       129310,  19531,  49931,  36441, 122700,  89454, 144628,  17348,
       136079,  92543, 132678,  31727,  60140, 138714,  88799,  79637,
        59933,  50853, 140037, 119003, 137237,  42975, 142896, 118906,
       132350,  31472,  15990,  15318,  72433, 146666,  77938, 102342,
        22576,   8300,  51001,  33989,  79185, 151383, 108898, 142484,
       134163,  62043,  46854,  92222,  12301,  29002,  85025,  44412,
        36432, 108999,  54982, 149975, 149889, 147084, 112715,  64586,
        98745, 104431,  59326,  65883, 134940, 103650, 121061, 102857,
       138987,   1893, 135334, 152110,  78362,  20368,  37050,  30828,
       142986, 128795,  97243,  14283, 122420,  83632,  12140,  44163,
       152414, 123285,  96896, 139603,  29057, 153112,  55158,  94795,
        97419, 150348,  10584, 122591, 120359,  60573, 148421,  18652,
        15341, 112494,  50067, 137993, 131386,  67298,  65772,  18571,
        33892,  86736, 114602,  60264, 124879, 146760,  80812,  26967,
       141499, 125908,  17859,  33487, 146135,  93173,   9329,  87357,
       100484,  69321, 130229,  25696,  44039, 153630, 121111,  16564,
        56839,  56773,  81874, 150009, 130255,  72489, 104646,  37170,
        96432,  51174,  78512,  91304,  53655,  86724,  88227, 132281]), array([ 43045, 106513,  64303,  89210,  76157, 128638,  48680,  70049,
        92992, 142773,  53904,  52748,  59228,  52586,  86753, 107060,
        99586,  75526,  60115,  83237, 108949, 140013,  54197,  72043,
        15084,  15770,  80680,  40270,  82205, 106486,  20234,  56271,
        94261,   2148,  61143,  53675, 104976,  68179,  52806,  58045,
       110766,  55037,  18999, 108108, 115410,  47399,   9622,  82727,
        79998,   5287, 106124,  25961,  43779,  96836, 144484,  46350,
        67767, 102567, 143552, 130133, 136534, 100595,  33100,  89444,
        53571,   7235, 114521,  47372,  61157,  57125,   8122, 147690,
        90381,  40880,  97451,  67652,  40157,  17005,  84416, 137010,
       150637, 123689, 140763,  62564,  31087, 139560,  13218,  28134,
       129184,  66470,  83910, 120037,  26586,  17175, 149363,  36160,
        11957, 143794, 148165, 103007,  23871,  15442, 126314,  84881,
        12968,  26298,  84904,  36866,   7756, 115316, 145086, 139075,
        47959,  50677,  25636,  60339, 142626,  89939,  30185,   4609,
        99344, 122793, 117120,  66273,  72935,  82837,  40898, 133612,
       111550, 118719, 123706,  56066, 133453, 138024,  79766,  79581,
        18289,  51790,   9901,  31610,  84602,  75594, 110631,  69090,
        61673,  20084,   9056,  31600,  18816, 107303,  58402, 119075,
        40690, 107974,  15300,  58244, 151310,  80987, 147086,  54427,
       123975,  80380,  79411, 114455,  20756, 111416,  92096]), array([ 87862, 151376,  81388, 126889,  49730,  41707,  66586, 116507,
        97912,  19505, 106498,  42654,  41016, 110519,  15050, 135176,
        96673,  70167, 132112,  33595,  84390, 115067,  33808,  10876,
       134689, 153299,  52028, 123200,  31645, 131139, 109405, 113594,
        68784,  83911,  19647, 149419, 113828,   6069,  61461,  90132,
       130772, 107931, 118781, 151389, 105682,  43995,   8140,  94242,
       109646, 134976,  95028,  64907, 142615, 105335, 118865,  60527,
       126140,  33664,  25512, 118116,   5812, 120950, 103029,   2146,
        19602,  67635, 145484, 110290,  62589,  98263, 127510, 147014,
       135161, 109809,  37712,  11844,  30335,  56184, 126459,  89308,
        52824, 127048,  70116, 127155, 139503,  65600,  73349,  91196,
        71456,  95777,  22442,  48280,  10631, 111190, 128267,   7950,
        63424,   1145,  67167,  65934,  91868, 129714,  45665,  82867,
          274,  31719,  33552,   8749, 109459,  15382, 136857,  29999,
        36296,  23713,  98074,  47416, 132009,  89465,  34622,  69722,
        67243,  56885, 109597,  29381,   1379,  88014,  89949,  88005,
        83583, 142560, 131699,   3122,  16224,  38013,  74819,  92412,
        34494,  22694,  42411,  57387,  89650, 136126,   7181,  46548,
        83516,  45634, 153108,  16877,  16030, 121634,  89635,  91704,
        57390,  93515,  96438,  72236, 150807, 128865, 138239, 131241,
         7341,  22559,  21298,  62265,   5017,  94319, 111977, 109662,
        28462, 143836]), array([ 93384, 131415,  92376,  39326,  33736, 101918,   1204,  35009,
        67444, 143109,  54040,   1519,  53020,  16880,  34524,  93181,
        36029,  45097,  26846,  72084, 127598,  80353,  61092,  41105,
       136389, 107218,  84077,  72023, 118979,  97806,  97710,  97576,
       123121,  68278, 153640, 134162, 148659,  68681,  52162,  84874,
         6542, 125135, 131813,  37655, 125214,  22123,  28841,  26755,
        80867,  10592, 112302, 111731,  88725,  79671, 137984,  20172,
        26247, 106837,  98969,  11118, 128812,  24282,  82070,  46837,
        88150,  27529, 148161, 147099,  59279,  90050,  13430, 151278,
        85143, 147096,  59307,  89677, 110165,  89505,  60371,  18692,
        67888, 127715,  96078,  30006,  13169,  71815, 147816,  32298,
        44717, 123147, 106680,  42548, 150311, 107435,  75532,  39246,
        76457,  69236, 138322, 134210,  63785, 141279,  63677, 150297,
        87888,  42364,  65089,  92139,  55146, 101529,  80304,  65753,
       128370,  36438,  69392,  59300,  25153, 112065,  28829, 113051,
        61348, 131965,   5292, 108294,    323,  42341, 116842,  73879,
        22398, 140159,  23658,  84367, 103168,  73845,  77134,  41615,
        57029, 124101,  39420,  65906, 109805, 111600, 129769,  63184,
       104463,  46976,  96612, 134711,   7548, 113700,  17413,  13489,
        42866,   5061,  26017, 143277,   3797, 132253,  95845,  91125,
       109072,  59405, 147389, 129951,  36125,  63783,  35026,  94704,
       127377, 102106,  94290,  15294,  31816, 141260, 123294,  78369,
        91181]), array([  6639, 138119,  64810, 111837, 144987, 106334,  86324,  28476,
       128275, 147685, 143058, 122980,  59992,  37661, 104638,  90714,
        59541,  64690,  15516, 115160,  87683, 110994, 149303,  54622,
       141368,  60203,   8631,  52668, 136134,  89140,  22406, 130828,
        87361,  25806,  78292, 126374,  65514, 100258, 128421,  72400,
        11213, 141651,  46346,  61829,  94667,  86232,  71168,   8479,
        95417,   7319,    585, 126132,  49604, 150182,  39129,  39000,
        81531, 125936,  58429,  50207,     12, 134589, 106711,  88359,
        81138,  10993, 109942,  69939,  90389,  54139,   3619,  44880,
       101275, 137181,  75174,  53269, 120998,  36872,  49720,  42913,
        95433,  80348,  74726,  58007,  47175,  49538,   9457,    637,
        92422,  79337,  17532, 123894,  95191,  52449,  93971,  99984,
        46988,    769,  81477,  72849, 104308, 114465,  19998,  65773,
        53871,  20924, 143269,  75531,  54760,  30429, 138821,  65727,
       124766,  38897, 153886,  19655,  28373, 122191,  78539, 114354,
        40664,  17953, 147952, 140893, 125558,  88436,  37937, 116826,
        68178,  40423,  64500,  89839, 138170, 106159,  56015,  74923,
        80436,  90552,  11038, 148978, 103468,  96514,  78569,  22385,
       115727,  80725,  68866, 131366,  48954, 145428,  52068,  24049,
        10775, 116971,  49475,  96767,  33300, 101937, 148632, 114905,
        33607, 151187,  62290,  86962,  95706,  92233,  49872,  80208,
       108067, 145485,  70006, 144243, 149694, 123848,  17566,  96614,
        90931,  83639,  79962]), array([ 99357, 146586, 127185,  63854,  45409,  34014, 135108,  13352,
         5769,  31648,  51836,  17186,  61451,  37596,  51678,  38412,
       104950, 108378, 144334,  53472,  84342,  31153,  10747,   8746,
       150100, 127146, 142036, 144183,  71320, 130576,  25531,  43364,
        49653,  31655,  79109,  46851,  33343,  68757,   5168,  91696,
       104284, 104958,  60311, 120916,  82626,  51284, 113864,  29572,
          420, 153356, 152466,  31750,  86484,  26439,  63004,  36834,
        24043, 147986, 104870, 141599, 149680,  30130,  81721,  64324,
       103338,  65582, 104146,  78751,  98357,    330,  82045, 146092,
        55694, 108571,  68153,  80661,   5829,  47018,  56621, 112800,
        47997, 132942,  31457,  25343,  99242,  58287,  23667,  94443,
        80824, 147567, 127408,    900,  45853, 103984,  64965,   8424,
        96261, 138706, 111436, 110437,  15584, 138101, 135215,  75761,
       123891,  49744,  53430,  23867, 101879, 123781,   6919, 108426,
         1249, 100346,   2558,  40637,  60121,  91793,  40139, 136964,
       103686, 133877,  43786, 109726,  35351, 123497,  45296,    674,
        67533,  94756,  24037,  99705, 133208,  72301, 131747,  37979,
        42952, 151754,  87295, 103218,  38697,  63108,  92701,  47922,
        98091,  10543,  62594,  52749,  43168, 125898, 130562,    962,
       149575,  88636,   5035, 128307,  53749,  14844, 153757,   1679,
        41726,  80880,  41777,  76053,  27785, 105830,  64349,   7765,
       110277,  89980,  29815,  42743,  69157, 135878, 123037,  39942,
        97683,  42985,  89429, 115961,  85578, 146733,  86355,  51945,
         5716, 144602, 128636, 106876,  42139, 121515, 136791,  98687,
        59469,  68263,  48489,  43489, 115836,  70860,   4179,  31220,
        49033, 152992, 115876,  68699,  42103, 114922,  57065, 137567,
       115310, 138133]), array([ 26530, 112323,  22810,  95891,  67397, 115990, 135237,  77524,
        49911, 129919,  51527, 105764,  95299, 102711, 149283,  38001,
        22149,   6173, 143045,  44061,  12630,  42327,  94581, 132876,
        80331,  62735, 129484,  27032, 119840,  80601, 148043, 144031,
        88024,  80422,  13579,   1305,  67601, 115662,  54412,  55285,
        39937,  37263, 152785,  66293,    259,  16321,  63365,   7249,
        79511,  44690,  96589,  34925,  68268,  32888,  83582,  51406,
       123091,  44562, 139319, 131904,  65118,   4711,  59270, 115762,
       141015,   6305,  16249, 125786, 125201,  90737, 126659,   9337,
        20017,  77705, 101159,  43016,  61299,  17464,  54947,  23855,
        68933,  54712, 114406,  62358,   7646, 131296,  73933,  57350,
        28777,  32088,  36600,  42290, 131803,  64219, 138744,  80290,
        93393,  36373, 143272,  76536,  58884, 131004,  81083,  20951,
        49307, 111811, 133030,  76392,  83055, 112214,  91583,  36883,
       121246,  11089,  98126,   6004,  40964,  69738, 152559, 136525,
       114142,  61119, 144332,  88580,  46438,   5384, 123063,  20275,
         3530,  27070,  78052,  37427,  12231,  62800, 114379, 136732,
        13235,  25017,  45731, 124732,  99069,  18471,  17833, 123600,
       117357, 143355, 103034,  65752, 112616,  72148, 141682,  18483,
         2327,  68386,  61440,  31086,  14336,  50218,  33721,  17018,
        77438,  91844,  70756,  40957, 146757,  42750, 149374,  91082,
       103096,  27995,  92549,  61604,  34247,  29985,  74232,  52160,
        96773, 145177,  28805,  37919,  60921,  46628,   5685, 151674,
       132832,  67783,  33601, 144932,   8435,  38392,  21241,   4529,
        98957,  15519, 112599, 152449,  63182, 148759, 107523,  66729,
         2695, 122328,  70794, 135027,  77723, 151060,  95844, 126890,
       136202,  24952]), array([106609,  27263,  16511,  79487,  64684,  40529,  29914,  47470,
       132024,   5877,  43473,   7837,   9416, 143425, 109553,  75987,
        54537,  59409, 130750,  75636,  10874,  71910, 135897,  67861,
         9718,  53484,  29820,  50442,  20495, 101241, 141780,  90566,
       114591,  78970,   8708,  92475,  85503,  65436, 136119,  31730,
       101200, 124387,  86787,  18495, 131985,  18232, 103486,  37316,
        94035,  58073, 118237,  83703, 114335, 106549,  88941,   6475,
        98163, 125917, 117356,  27549, 119748,  68504, 143174,  17299,
        49535, 105961, 132853, 129147,  99173, 143313,  57921,  44012,
         1775,  28198,  31425,  12368, 127516,  94723, 144824, 121017,
        95490, 146388,  41485,  90265,  54859,   8655, 107365,  82254,
       105314, 132421,  19420, 119009, 112476,  67234,  21921,  27040,
       143509,   4979,  52625,  34058, 105671,  26899,   9510, 132793,
        73365, 136529,  64475, 144817,  14622, 107202,  74588,  44155,
        56737,  76165,  89413,  17412,  28715, 103924,  28434,   6623,
       108739,  74021,  83835, 118050,   8753,  37579,  65063,  17978,
        63282,  22369,  40918,  27771,  75584,  71960,  93693,  30708,
       124674, 118274, 140627, 134653,  83777,  26026,  73719,  76710,
        84517, 125702,  65029,  68043,  44180, 121878,   7461,  33169,
        19748,  50834, 149951,  61033, 132060,   4741, 135689,  60987,
       116248,  62305,  63220, 124111,  27241,  30981,  88503, 131586,
        65700,  96933,  25265,  96351,  11544, 127955, 130156,  83075,
        79150,  98977, 146284,  60287, 108983,  39859,  24373, 103141,
        58800,  19833,  59786,   4285,  47526,  97254,  60366, 138792,
        10042,  22343,  96295,  86481,  37317,  93307,  18427,  12721,
        87355, 115545,  78143, 124590, 115919,  28861,   2398,  61383,
       119612,  70823,  12033,  78967]), array([ 97661,  14042, 108666,  92782,  52522,  29672,  24354,  32389,
        75316,   8725,  87347,  91473,  88917,  82601,  17294, 107111,
       137296,  36391,  90425,  85079, 148932,  76642,  75550, 139303,
        17878,  17840,  51725,  17319, 119162, 141723,  14595, 111562,
        29635,  42246,  64976,  86429,  95902, 111370,  46780,  69991,
        37825, 133449,  84975,  65766,  76019,  72972,  87664,  11226,
        56876,  47488,  33182,  73854,  50727,  58776,  26142, 104735,
       117017,  53105, 137219,  10857,   1918,  38038, 115917, 119486,
        67868,   6158,  38962,  79664,  43504,  49826,  28620,  23411,
       101520, 146804, 113189,  72371,  27808,  11626,  47905, 131112,
        87842,  27864,   1680, 138158,  83136,  32434,  14876, 116246,
         3273,  43357,  65103,  24189,   7990, 109561,   4387, 133782,
       107945, 107001,  71827, 151258,  22716, 133396,  81297,  23422,
         1296,  20452, 127608,  75996, 152916,  92221,  85156, 115097,
        84594,  77518,  10340,  39853,  27147,  26447,  33860,   4157,
          929, 131093,   1650,  43401, 119816,  15258,  47591,  51132,
        68613,  59268,  22340, 133908,  74615, 133430,  64003, 117309,
       117313,  78463,  16486,  12221, 134569,  22317, 117572, 108534,
       101597,  64617,  35480,  68376, 100899,  19880,  82635, 141130,
       146080, 150819,  76601,  73224,  83535,  21835,  36597, 147757,
        67608,  52548,  85853, 127491, 102236,  73407,  51938, 129678,
       131637,  99850,  40295,  83609, 115523, 101656,  10417,  50992,
       142826,  67446, 153072,  44168,  12875,  31256, 110126,   2726,
       144460,  53674, 111024, 147477, 146281,  55947,  32477, 121463,
       139880, 118277,  66431,  87579,  50652, 105571,   4734,  13107,
       116624, 144510, 114337,  18504, 141375, 140341,  35441, 152892,
       114512, 146481,   3646,  59855,  94900]), array([ 70072,  42978,  25187,  49149, 116434, 150115,  45454, 116570,
        72249,  50795, 112002,  32507,  49258,  25913,  60080,  38891,
        72304, 152534,  15368,  45975,  83663,  60102,  84502,  57940,
       150241,  74277,  29271,  91225, 118743, 105231, 108167,  86394,
        64143,  65224, 149162, 105638, 151118, 105114, 109320,  73213,
        67945, 142832, 152821, 149328, 114668,  42640,  54791,  87502,
        66348,   3970,  64396, 131425,  52095, 100681,  62634, 151448,
        62256,  23761, 152272,  60511, 110948,   3765,  18618, 113357,
        60247, 143747,  23728, 102986, 144764,  96525,  49517,  97660,
        72382, 118024, 106828,  79046,  29878,  18578,  37807,  51882,
        39262,  61230, 151959, 146482,  43761,  69123, 141106,  47265,
        95415,  86422,  48145,  22859,  56212, 131867, 122568, 130385,
        58471,  50577,  84017,  42225, 148414,  86523,  37375,   8818,
       146244,  56846,  17310,  55795,  47435,  24169, 146548,  75399,
        53299, 148797,  99320, 133934, 126245,  90823, 116632,  94431,
       149733, 150428, 136401,  99167,  70561,  10904,  14065,  43268,
        22788, 150397,  41244,  45811,  11053,  90298,  13455, 127213,
        11723, 146510,  93077,   2862,  84619,  87246, 151996,  15989,
        31187,  76362, 113523, 108275,  82787, 103026, 115118,  83892,
       137929, 127132,  47624,  92043,  91048, 130634, 143337,  38473,
        88911,  42828, 136889,  50195,  54746,  25901,  41886,  38343,
        68056,  67640,  88700,  42509,  33788, 101280, 107870,  27473,
        33634,  49849, 132478, 101238, 102812,  11563,   6033,  48080,
        94457,  83860,  12344,  33568, 139582, 149907,  45900,   5214,
        95360, 106260,  72266, 132168,  24432, 136210, 149264,  60087,
        33708, 105774,  87326, 145666, 123893, 124537, 142272,  55961,
       114626,  26942,  26919,  11075,  48588, 122789]), array([ 88853, 102838,  13067,  63948,  23205,  97552,  17202,  92734,
       126863,  35966, 149484, 111597,  54592, 149778,  37701,  53397,
       140416, 116942, 134560,  32681,  96497,  66683,   3171, 144598,
        66916, 153421,   2518, 136208,  62789,  32062,  35933,  46440,
       102783, 139967, 113045,  79800, 114992,  27291, 133936, 148930,
        50603, 143780,  85477, 133821, 100222, 136490,  98556,  24543,
       125189, 137332,  23031, 124724,  69076, 113970,  98104,  99506,
       120620,  11361, 132202,  88334,  70279,  58094,  45463,  50473,
       102644, 153832, 111451,  24760,  88178,  23673,  74427, 129581,
        93605,  93113, 140782,  31366,   8100, 123814,  97256, 142111,
        31785,  79594,  10693,  57086,  32789, 134448,  32079,  73971,
        48717,  29036,   2371, 142781, 144873, 152013,  49498,  79782,
        84260, 111256, 141984,  77832,  53739, 124938,  38783,  36038,
       114968, 147631, 124636,  59832, 130766, 104272, 124225,  77712,
       108272, 147004,  66147, 139883,  80308,  44194,  88294,  20717,
        76576,  64741,  54125, 106074,  67504,  69504, 150032, 119306,
        42282,  38989,  85048,  32144, 149057,  88434, 149116,  51376,
       106584, 124922, 152668, 147705, 128536,  22831,  23008,  81612,
        46219,  80138, 150272, 141099, 148951, 142130, 151798,  66606,
        12627,  66614,  78007, 111389, 129126,  69041, 124097, 148867,
       145495, 111119,  57178,  68451,  96441,  78354,  56570,  71125,
        26384,  19272,  62112, 119750,   3346,  65484, 108241, 111913,
       140912,  48156,   6938, 149190,  83157,  68100,  91855,  56270,
        97701,  12688, 111257, 132310, 135450,  56551, 132785,  89373,
       123702, 123419,  58295, 128218,  23915,  56983,   1794,  33188,
        95373,  34568,  19645,  48987,  90928,  29160, 108216, 122815,
         2247, 101708,  29696, 104621, 115169,  48787,  42067,   7288]), array([102475,  59076,  20013, 100048,  11070,  43344, 122383,  51306,
        29209,  59495,   3925,  28544,  95429,  70428, 114741,  35778,
        31646,  24787,  88340,  94741,  17544,  64194,  93866,  38744,
        36858,  58804, 111778,  55293,   9174,  81078,  49015,  54834,
       136135,  19710, 148109, 137715,  96051,  31091, 121284,  45845,
        70474, 118177,  10802, 139186, 110200, 136626,  58795,  16420,
        36880,  30184, 136856,    401,  62106,   6014,  47071,  38210,
        80091, 139236,   3834,  58932,  45543, 110518,     72,  67398,
       116062,  53512,  74137, 112839, 111724, 153263,  28286, 116748,
        80794,  21067,  60410,  68722, 109910, 103835,  30169,  12924,
        83298, 109088,  57022, 128000, 143347,  86431,  79674, 151993,
        90836,  46015, 153225,  87143, 101850, 145080,  41762, 141025,
        19626,  14331, 100933, 153713,  25991,  30881,  75730,  96515,
       117138, 105151,  85276,  68212, 119967,  13662, 109768,  24345,
       152712,  50366,  76123, 136326,  80024,  65816,  36234,  39438,
       126908,  87949, 150688,  45510, 126485,  89792, 148119,  46348,
        19022, 119498,  46242,  85154,  42441,  78219, 124733,  38295,
       150327, 139450, 117254, 108909,  95806,  13413, 152495,  39201,
        64337, 135883, 149366, 129659, 146493,  12579,  90553,  51084,
        72690,  64819,  81884, 136789,  27555,  53501,  13284, 139089,
       115274, 118534,  81871,  45883, 134389, 153133, 140930,  47545,
        32288, 118240,  31278,  98243,  54147,  90417,  10723,  34917,
       108246, 122162, 153272,  96400, 101923,  84861,   4492,  60332,
        41743,  83402,  14863, 137387, 121398, 109624,  59690,  72238,
       100066,  28262, 143494, 103537, 100724,    814, 115600,  55585,
        72443,  91194, 106510,   8485,  59035,  60377, 150380,  91631,
        27767,  53388,  91078,  54292,  53881, 150073, 110168, 135306,
       149292,  39907,  87437,  94496,  45317,   8909, 125625,  21564,
       101449, 102692, 132038,  72545, 116959,  20339,  26508,  29616,
        25386,  90210,   2501]), array([ 65254,  23306,  53431, 114975,   2963, 147657,   3381,  93476,
       108551, 106545,  50242,  95394,  31668,  37873,  14941, 113308,
        46685,    739,   1525,  50475,   5701,  40191,  45348,  21369,
        41568,   4915, 152744,  81407,  29291,  59472,  22218, 101526,
          941,  56817,  99311,  71316, 138958,  33706, 112742,  46341,
       136381,  82278,   1368,  15582,  83228,   7967,  29031, 153101,
        24006,  58114, 130261,  26108,  71923,   6466, 105338,  44808,
       151769,  71750, 151679,  15581,  48187, 133393,  27562, 136102,
       114584,  20406,  23392,  81057, 131811,  60246, 145041,   7356,
        27823,  61131,  27535, 111444,   8361,  30819, 140915,  25348,
        37474,  40663,  30281,  47313,  90799,  90695, 111707,  20033,
       120441, 143238, 118617,  66193, 150533,   6163,  89046,  82947,
       144432,  62869, 151194,  61830,   1174,  44858,  62498,  62681,
          807, 119637, 117688,  94965, 122519,  37816,  32974,   3929,
        84434,   1308,  69822,  81340, 152655, 140742,  60444, 137660,
        34250, 108628,  85305,  44419, 114688,   5346,  41185,  19528,
       104375,  90184,  45904,  43541, 118331,  76787,  61883,  27867,
       108785, 116627,  34336,  56879, 150994,   1064,  27954,  65161,
        93086,   8940,  73850,  51890, 115183, 124131,  72867,   9482,
        77321,  43450, 130091, 127187, 134784,  78663,   8069,   8165,
        53208, 124860,  94621,  58390, 146500, 130246,  46331,   4053,
       144030,  82641, 147841,   3092, 147201,   3129,   5385, 128714,
       121462,  81015,  21357,  77826, 153362,  85234,  65829,  38181,
        48620,  60744,  18681,  74680,  13566,  82687,  31449,  70620,
       141615,  11289,   8276,  46708,  88195,  44017,  71428,  77717,
         4749, 125972,  23472, 145840,   6809,  12806,   3481,  76872,
        99636,  66520,  63729, 150351, 146070, 152465,  32694, 117193,
        59642, 127396, 105951,  40784,   3589,  73006, 143097, 113091,
       126119,  35984,  93142,  42276, 153092,  34997, 102934, 146828,
        10666, 135243,  94796, 133611,  53345,  45529, 108830, 103532,
       151890, 104826]), array([ 44863, 120270, 149468, 129810, 110531,  44653,  39769,  50824,
       116167, 139129, 123176, 109050,  91469,  83876, 102998,   4579,
        84894,  72561,  65352, 139443,  69411, 141703,   6177, 109333,
       130135,   5399,  82097, 122530,  70415,  36120, 103905,  61996,
       113598,  90240, 119462,  73252,  57727, 136089, 128930,  56060,
        46144,  52311,  51782,  67429, 136940,  82848, 148089,  53014,
        30947, 142428,  42113, 116048,   6400,  92477, 104891, 143695,
        47909, 122256,  75948,  75005,  20307,  98616,  64315, 109413,
       121416,  58857,  50126, 102730,  55310,  63841, 149740,  16143,
       140973,  23504, 108622,  92219,  90126,  41789,  72562, 138007,
        73655, 111786,  61140, 122392,  70098, 119485, 139895, 131761,
       128129, 140873,  72983,  21947, 108824,  96755,  94871,  15822,
        91272,  15473,  35199,  66940,  46412,  36486, 153745, 105327,
        53995,  76324,  12778,  75266,  30642,  92918,  34843,  41466,
       149361, 113632,  35518,  18319,  40155,  54456,   9269,  93667,
       139064,  80855,  96531, 104313,  47531, 115163, 104648, 125933,
        13476, 146069, 132333, 122706,  15391, 101609,  14202, 102186,
        53315, 122526,  23328,  37587,  58129,  50914,  64144, 148696,
         4980,  45406, 145954,  54474,  11609,  66029, 109312, 111790,
        56641, 130034,  14088, 138164, 141021, 115090, 124743,  79390,
       152461,  67206, 129235,  86582,  58588, 117040, 145261, 120585,
        41949,  22580,  94362,  51960, 104374,  12043,  28770, 148630,
        28333,  94421, 113838,   9789, 100716,  66300, 133486, 142742,
        50182,  41647,  94988, 141216,  80602,  97381,  67459, 123593,
       101960,  28362, 110058, 102852, 113525, 146656, 144647, 146622,
       100254,  56498,  71445, 124425,  41759, 133385, 102520,  34551,
        74159, 110868,  69542,  12112, 126147,  73942,  36015,  76860,
       142621,  66390,  71735,  45817,  29462,  52365, 120598, 145978,
       147510,  24580, 134992,  59026,  88426,  53081,  93718,  52702,
       108484, 111085,  75899,  32140,  80322,  70886,  45516,  30672,
        65749, 132059,  72957,  32433, 129541]), array([ 85394,  44222, 145600,  66645, 100938, 139912, 120643, 128828,
       102198,  75463,  85357,  51817,   5908, 119513, 133296,  50034,
        75861,  41594,  81939, 152080, 148270, 152474, 136097,  82331,
       100904,  39318,  82581,  23981,  12078,  51055,  45729,  38958,
        93759, 133266,  59115, 102269,   2193,  73368, 111564,  22961,
         4306,  53356, 152384,   2666, 138153,  52452,  59606,   9501,
        45562,  52318, 132336,  22894,  79919, 122888,  43744,  84618,
        53810,  77030,  74547,  58998, 100228,  47538,  94764, 103599,
        61987,   3896, 100702,  29000,  86244, 131492,  62945,  71761,
       129760,  61200, 121162,   5939,  32038,  98168, 142404, 137575,
        23587, 145731,  58644,  66149, 140488, 116586, 145841,  37417,
        55655,  33672, 138301,  66733,  60531, 124002,  24746,  11705,
        12675, 126258,  11878, 128797,   8275, 118342,  65967,  29618,
        63229,  13835, 143219, 137982,  66100,  23518,  33730,  41853,
       120625, 102487, 107064,  45551,  80865, 138378, 151752, 105755,
       137317,   2392,  70672,  13594, 126852, 137639,   1789,  59051,
        73193,  60936,  67996, 116536,  97563,  92566,  56128,  98129,
       131855,  23286, 149755,   4701,  26487,  75379,  29132,  69179,
        70196, 151132,  25983,  97774,  33132, 131105,  28809,  78026,
        71580,  32259,  65786,  55079, 120631,  61744,  96206,  45838,
        50579, 103501,  34707,  71610,    435,  27336,  50377, 147760,
        72003,  55039,  77649,  61264, 111175,  30912,  72965,  42556,
       147111, 151714,  31365,  45197, 108606,  89553,  17508,  63026,
        70054,  17607,  72796,  70418,   8490,  76227, 119247,  15506,
        88355, 116483, 149747,  59778,  67776,  55446, 105277,  70002,
        27963,  11682,  87487,  30853,  39622,  88571,  26878,  19221,
       123537, 125624, 114254, 118616,  80934, 141022,  77425,   4217,
       132351,   6162,  85960, 148295, 112399,  39679, 144173, 118929,
       118260,  87672, 138878, 132031, 150744, 152684,  52259,  61537,
       134391,  52011,  16057,  56811, 133126,  53583, 108256,  85774,
       110513, 127045,  32311, 115957,  76093,  52412,  55137, 148600,
        90952,  78860]), array([149718, 114160, 101407,  16599, 100691, 110379,  70725, 139773,
       133472,  25835, 103715,  70626,    168,  15906,   9725,  73387,
        60543,  34398,  95416, 108255,  78725,   7759,  86588, 132747,
        33573,  69867,  40387, 126219, 124656,  94615, 113676,   5941,
       123974,  43207,  63066,  62887,  49838,  36703,  54347,  14999,
       145919,  74333,  70864,  72130,  58016, 117256,   9192, 132023,
         4656,  86685, 100393,  21787,  20827,  32040,  30857,    963,
       133443,  11622, 112899,  27972,  71981,  57872, 144761,  48436,
       142943,  78477, 148030,  20019, 142576,   9859,  61401,  34345,
        62090, 127074,  78353, 106628, 125997,  68200,  25577,  26203,
        35635,  89054,   6961,  60158, 105899,  26618,  64065, 135440,
        96359, 124428, 122521,  29495, 121438,  41242,  94576, 110181,
       100951,  58059,  88589, 140700,  24145,  58314, 108838,  27413,
         9983,  17245, 151911,  38465,   1556, 130743, 152804,  78242,
       139562, 145149,  92719, 114568, 105455,  12540,  54904,  58359,
         3846, 121839, 116513, 132981,  55133, 145050,   1797,  43892,
       123198,  99193,  96322,  70530, 141769,  34243,  62441,  43662,
        81208,  29913,  40575,  91303, 141670, 129146,  53012,   6520,
       110332,  28084, 109520,  53880,  34690, 120208, 123473,  85822,
         8618, 152210,  84484,  66769,  69161, 137504, 126067, 114532,
         8028,  14211,  83853, 126358, 146168, 127029, 150334,  95305,
         7095,  19202, 122135,  73714,  65821, 120997,  10881,  24138,
       137853,  95398,  87200,  38106, 126552, 115108,   5272, 135319,
       150419,  48941,  49695,  93665,  36973,  31293, 118799,  97116,
        33179,  49193,  97909,  43855, 150437, 118922, 120658,   8274,
       149538,  99239,  17808,   9595,  40395,  97355,  53619,   1534,
        59467,  90727,  51056,  46354,   2201,  30767,  29645,  42863,
        90569,  80710,  99546,  17065,  62987,  15740, 140928,  76804,
       120206,  40324, 152093,  87136,  40107, 152698,  15383,  51564,
        28205,  83779,  45594, 120009, 123536,   8587,  31956,  43263,
       112469,   9795, 108995, 144367,  57646,   4250, 122213,  33466,
        86319, 131903,  37983,  17300,  14551]), array([ 73989, 153414,  88913, 108276, 114837, 117077, 107936, 132247,
         1535,  89865, 118951,  61001,  25939,  43245,   5827,  79334,
        45928, 123216,  30913,  32778,  21373,  67396, 123152,  13611,
       143637,  79032,  58557,  51995,  92047,      3,   1265,  52310,
       125836, 137032,  42645,  46272,  46605, 146671,  88484,  76036,
        21586,  69355,  78063,  69001,  68018,   9245,  30709,  66884,
       121946, 113440, 131597,  51635,  70067, 104513, 134683,  24100,
       100696,  19702,  23690, 132642,  92396,  71318, 132485,  15307,
        96180, 140765,  91990,  44247,  11177,  81118, 138441,  61249,
        22195,  28071, 131688,  33515,   1948,  75067, 114503,  31913,
       111472, 129940,  93266,  60093,  28733,  60089,  59533,   3553,
       108692, 137389,  24975, 150002, 116845,  39271,  52138, 152586,
        50999,  92636, 116775,  37671,  98430,  91784,  53941,  87747,
        23323,  60788, 124133, 132701, 126526, 106438,  25175, 115805,
       148770,  34521,  94748,  15460,  29576, 147018,  44686,   6358,
        23863,  46019,  29315, 129250, 136258,  58025, 125467,  98367,
       145193,  74961,   1960,  71041, 153424,  76238,  56404,  82001,
        75433,  76702,  33661, 115086,  52591, 110100,  80658,  51961,
       108934,  78371,   5227, 114761,  59898,  16360,  76644, 118890,
       144495,  14662, 123266,  45985, 111944, 121019,  34005,  71511,
       104392, 133470, 131556,  60730, 108487, 152957,  33722,  75441,
        64077, 101664,   5856,  90610, 108669, 153307,  16698, 131479,
        37763,  22042,  42000, 100935,  17588, 147612,  52942, 147379,
        50799,  17820,  30071,  55297,  99910,  18636,  51265,  47985,
        48073,   7317,  29864, 123620,  80883,  92229, 128478,  75368,
       114881,  12938,  73998,  56489,  76065, 101658, 126618,   6695,
        33217,  70308,   2022,  47075,  64604,  29497,   2891, 135903,
        99849,  33113, 147002, 134902, 147174,  89634,  10369, 153031,
       109908, 125156,  58935,  82186,  27656, 107566,  35288,  76586,
        16061, 109300,  59997, 131368,  89952,  45070, 130347,  26843,
       111769,  93002, 116074, 141916,  51317,  10929,  20741, 144265,
        37754,  22799, 107272,  70397, 119082]), array([145973,  32701, 114727,  31531,  88807,  24963, 143038,  22262,
       119283, 123190, 139235,  92656,  24635, 102610,  79593,  21957,
        36333,  48586, 113412,  90454,   6385, 104293,  20063,  77466,
        35276,  19044,  27054, 109321,  66373,  40812,  72934, 148000,
        33079,  63443, 130531,  37936,  98760, 142572,  64705, 119966,
       151720,   4892,  78196, 132903,  30810,  56675, 105527, 114636,
        69717, 148925,   3467, 133535, 142177,  67116, 127685, 129483,
        91787,  14120,   5337,   1646, 122122,  30542,  56455,   4563,
       147936, 150471,  54952, 142737, 130807, 117964,  24941, 146392,
       147812,  91431, 133328,  81539,  37107, 100642,  78566,  85033,
       136449,  92589,  47613,  66072, 128329,  23547,  23634, 105879,
        29555,  45947, 125716,  78089, 120693,  78845, 121259, 132784,
       126200,  36987,  96183, 130644, 149721, 118493,  30352,  68781,
       136873,  30904,  90297, 127834, 147700, 135481, 114390,   3266,
       130013,  11646,   7570,  98239, 122131, 148417,  26799,  94814,
       151809,  74070, 138228,   5875,  10630,  54207,  18489, 113633,
       152664,  89862,  29564,  10664,  61567,  19295,  61298,  12918,
        15220, 120565, 151653, 127207, 112383,  82161,  82229,  75627,
        12604, 127943, 131087,  72990,  63907,  54393,  52370,  39450,
       112162,  28561,  59957, 102496,  66542,  76446, 103090,  76474,
       147095,   3550,  28380, 142657,   4040,  62282,  30272,  49140,
        28180,  98299,  18327,  41073,  20468,  83567,  93776,  31751,
         1498, 106267,  36123, 105448, 148257,   7958,   1990, 128596,
        17559,  41058,  31757,  29398,  11535,  64966,  60056,  85518,
       107089,  79819, 152582,  43762, 102221,  87503,  49470, 143580,
        47894,  10351,  14091,    697,  62992, 125253,  44332,  46320,
         1888,  98301,  51600, 100578, 107189,  61048,  92844,  75339,
        53848,  32810,   2928, 109836,  36754,  16682,  28310, 142566,
         5034, 150738,  43026,  61513, 146252, 153363, 117937,  84771,
        80239,  88143, 132952,   4294,  20463,  61390, 118996,  65085,
        90503,  39678,  46236, 133630, 104171,   2903,  76935,  32638,
         1576,  79564,  24837,  26828,  21922,  11659,  17454,  46991,
       140835,  41592,  84396, 100603, 143520,  26574,  62860, 149174,
       120148,  14584, 116875,  44321, 102824,  24931,  23405,  46891,
       126212,  96934,   2376,  59416,  51919,  99283, 147223,  39074,
       114678, 144970, 140868, 126158, 120268,  57947,  91201,  74006,
        87958]), array([102307,  51206, 105662,  76580, 132416,  66869,  73653, 123352,
        38279, 121115,  53450,  48216,  37071,   2643, 128409, 125160,
        16926,  77565,  17915,  54296,  95130,  25585,  85862,  60784,
        59082,  87163,  36017, 122374,  98948,  94296, 151659,   1453,
        14337, 115968,    838,  62776, 141660, 148608, 140974,  61885,
        41085, 146124, 106032,  17193, 151825, 130456,  69934, 101832,
        44915,  65507, 130958, 140911,    522,   9357, 136617, 102925,
        94934,  26995,  61789,  28303,   5237,  79092, 135449, 126273,
       103434, 152575, 120447,  97344, 131738,  34396, 140003, 106626,
        85857,  53464,  68423,  38002,  53973, 124963,  70064,  58326,
        41416,  93201,   3000,  79606,  84238,  81351,  67728,  20729,
        51797,  90945,  42281,  98942, 131485,  59102,  50927, 139671,
        43378, 136451,  43655, 145361, 128857,  99259, 132935,  77320,
       129085,  92960,  13720,  87991,   7733,  27126,  16267,  31934,
        27558,  44647,  98553, 136183,  62698,  39210, 126126, 147706,
       107901,  23659, 138037, 136991,  25861,  97875,  55222, 107077,
       144688, 118649, 115551,  20903,  90986, 126312, 104567, 103520,
        37546,  90930,  15705,  13580, 148523,  37129, 127853,  35103,
        93560,  27720,   6735,  52008,  95820,  98192, 119589, 119454,
        10669, 137269, 121163, 123701,  20929,  82339,  33317,   5573,
        52046,   2505,  18433,   9538, 121516, 141833, 139956, 105355,
        19486, 131172,   8501, 144353, 152649,  76508,   3069, 145556,
        30284,  89706,  90834, 149824,  35670, 116224,  90467, 114376,
         6073,  53191,  16870,  15587, 100088,  79735,  22836,  22153,
        30053, 118349,  26041, 126013,  71321, 150342,  74110,  54778,
        53251,  20644,  65411, 123533, 120113, 116928,  69296, 150557,
        79635,  97461,  43251, 134630, 110951, 149054,  77660,  96153,
       116568,  44383,  34527,  46580,  87390,  48930,  73915,   7949,
        60399, 150857, 117609,  32915, 137552, 121596,  55536, 130287,
        21548,  97016,  49552,  27080,  59943,  67935,  77270,  52083,
        55991,  10556,  41373,  77947, 129286,  95262,  22187, 117824,
        40735,  11431,  78616, 111061,  10772, 136743, 118390,  21855,
        55220,  91723,  27112,  91011,  54141, 153846, 112488, 153050,
        23688, 140364, 100598,  71476, 126532,  57533,  32361, 108457,
        53099,  66607, 119765,   5020,  83576,  54814,   7975, 125154,
        89339,   1773,  97255,   4889,  73649, 125655,  76504,  73095,
        35191,  19059, 110972,  72509,  80683,  60866, 111185,  88203,
       134928,  38499,  11381, 129030, 120120, 149831, 132430, 139102,
        79560, 151948]), array([ 16078,  61105,   2430,  49209,  97133, 116310, 134948, 128386,
       148309,  92779,  78383,  83720,  82475,  11942,  78698,   6482,
        21858,  25789, 152812,  19335,  76922, 140169,  62525,  93260,
        62912, 126887,  80655,  34901, 129057,  11093,  59112,  54076,
        40573, 152679, 136004, 113222,  59006,  28227,  57703,  73928,
        29175,  49075, 106449,  92252,  24035,  32242, 119574,  47661,
       135003,  22708,  23079, 147643,  71391,  33623,  87028,  20477,
        87621, 124892,  28249,  89262,  98035,  46442,  57928,  69378,
        19007, 103347,  89425,  61008, 123599,  39533,  70251,  17624,
         4911,  90608,  92836, 125798, 111924,  97157, 110863, 105705,
        14449,  77041,  76519, 128011, 114627,  81255, 101586, 152501,
       150570,  84820,  32837,  18879,  81042,   3248, 125946,  53659,
        20249,  41710,  76827,  61492,  71163,  48041,  17277,  67088,
        56815, 106480, 146717, 133222,  15787,  91450,  99434, 136764,
       119406,  54876, 112454,  34898, 130433, 129536, 105675,   2852,
        77483, 138285,   4391,  67609,  52978, 118797,  52679,   3538,
        68659, 100113,  35446, 102637,  62727, 150125,  41272,  76267,
        97527, 102950,  48719,  64082, 124952,  85749,   4655,  23753,
       141684, 141606, 122713, 128904,  19802,  38359, 117835, 129475,
        56078, 133892, 117006,  95024, 146755,   1681, 130679, 136655,
        65454, 121861, 149429,    163, 150630, 102819,  42314,  12856,
        12072,  51111,   4622,  32594,  26090,  18199, 123968,  62865,
        46816,  28022,  99208, 120362,  26496,  61614,  92996, 128176,
       140182,  43926,   9553, 107839,  65704,  37524,  35074, 125770,
        93907, 109494,   9528, 125420,  29218,  96368,  65619,  76460,
        40072,  52416,  78909,    314,  79043,  55662,  25473, 125618,
        64508,   2565,  12962,  69580,  18124,  98546,  48222, 122763,
       134339,  16606, 144591, 134349, 120061,  77778, 123280,  56187,
        60372, 136055,  18180, 132284,  80789, 135039,   1195,  14243,
        49454,  71034,  72103, 105862,  72915, 123012, 126287,  88720,
       122610,  46176,  93554, 121355,  18963,  61435,  24539, 116802,
        45474, 110016,  37078, 119805,  10864, 130519, 102891,  81303,
        19815,  76340, 106103,   9629,  17405,  13013,  92650,  85336,
       122556,  40384, 111311,  69514,  69421,  85735, 126490, 140925,
        71360,  29548,  58574,  77871,  32396, 140641,  10271,  10433,
        88813, 106451,  60868,  32561,  43300, 145777, 115023,  99350,
        48546, 103165,  90073, 101768,  38988,  52772,  66639,  39137,
        33006, 106762,  24540,   1152,  58408,  58248,  50043, 139440,
          254,  30909,   2826,  88034,  29277,  40340, 130867,  35842,
       132681,  43965,  36219, 145265,  42800,  64478,  54906,  12218,
       129733,  72425,  60755, 124040,  89897,   4099,  85494,  12330,
        60050,  23847,   1904, 127044,  77999, 146983, 122687,  39639,
        55985,  27069,  81730,  97174,  73150,  37808,  70595, 111516,
        37660, 148480, 148064, 151945,  50066,  25069,  83916,  87456,
        70044,  89197,  71005,  41997,  11293,  99319,   3393,  70723,
       109347, 109884, 112548, 144376,   5740,  25401,  40059,  71468,
         2345, 149717,  73275,  17730, 123320, 136562,  90456, 130547,
       142421,  37415, 131646,  48876,  90875,  45477, 121983, 152023,
        13319,  46410, 110807,  51914, 144377,  53212,  18634, 137862,
        46853,  58271,  60802, 116783,  64613, 151763,  53016, 103439,
        87926,  79724, 117924, 129443,  40054,  75973]), array([108391,    869,  53178,  72336,  88769,  13519,  64013,  20152,
         6424,   1320,  80036, 133421, 120490,  95790,  14577,  58856,
        62680,  12422, 148437,   7092,  24908,  72620,  95492, 144509,
         5588,   3434,  59399,  67406, 105378,  20831,  75647,  18799,
        39452,  91571, 133715,  78951, 133086, 101820,  69454,  60145,
        14448, 152651,  26915, 110733, 112396, 137603,  30145, 120460,
        18183,  28629,  70108, 147519, 115069, 100872,  79764,  30843,
        91806, 144567, 141056,  59964,  12050,  47719,  91339, 144221,
        11126, 111878, 107866,  87445,  70792, 129795,  64261,  57132,
        58596,  73717,  27928,  79943, 118280,  10768,   5676, 104472,
       143352,  25257,   5075, 119246, 149621,  49370,  32026,  67671,
       130614,  45136,  81416, 105564,  76323,  97503, 128047, 118764,
       113355,  93196,  93008, 103205, 109649, 137368,  27010,  28837,
       143108,  57686, 117337,  35869,  87248,  44226,  78849,  36319,
       122248,  14512,  41223, 146286,  52147,  44016, 138108,  82365,
        21437, 142549,  51904,  40616, 149113, 109356,  85535,  10099,
       152751, 132897,   4194,  55042,  65861, 136782, 113184,  67255,
        74662, 140317,  62576, 121407, 116387,   9138,  39078, 126736,
       141038,  76396,   6517, 115356, 138713,  20696, 104314, 140362,
       109688,  29638,  39468,  40538, 121952, 109291, 113486,  29058,
        38615,  79445,   3151, 142168,  15945,  34395,  32566,  37768,
        14134,  56461, 125988, 135191, 101175,  56834, 143503,   4686,
       108690, 149443, 102517,  28873, 124414,  41363,    837, 114664,
        50109,  29855, 116785,  28717, 102628,  15575,   8369,  34460,
       132609,  83957,  45247, 107899, 143612,  37295,  65125,  41506,
       142196, 150985, 125652, 136867,  55543,  37356,  48968,   7596,
        61714,  87247,  16172,  52252,  96841,  22872,   9171,  49402,
       102792,  29926, 125017, 110506,  21595,  30860,  86016, 111853,
       108172,  51479,  41379,  70730,  61686,  58956,   4111,  91047,
        54181,  95625,  80559,  17552,  15017, 141832,   3692, 112308,
       152305,  22684, 148613,  53864, 147172,  56509, 143998,   9659,
        97409, 101123, 103793, 124359,  15912,  60398,  10139,  16181,
        34158,  87339,  56091, 103167,  16477,  15160,  22140, 116139,
        75035, 129010,  70299, 105071, 137163,  54454,  72062,  66085,
       134918, 148133,  85168, 124412, 127102,  25493,  24493, 141500,
       132722,  28142,  99238,  50283, 134073,  19843, 102122, 148964,
        56481,  23555, 128718,  38126,  27268,  42845,  20469,  37830,
       111827,  56084,  16747,  48693,  54362,  52337,  55324,  83962,
        26999, 126681,  97011, 115471,  35165, 114733,   4870,  68556,
         3089, 142199,   1181,  23057,  24949,  71521,  76712,  66233,
        11744,  26000,  89383,  52306, 142222,  51262,  87595,  13745,
       144025, 103748,  61462,  90966,  48165,  79873,  99136, 134551,
       133463, 108250,  74605, 150091,  33427,  81223,   8061, 133692,
       137080,  77244,  98317,  13775,  78938, 112812,  29029, 103866,
        89502,  50399,  24326,  67714,  28045,  96710,  34342,  70039,
       109631,  66712,  23342,  12459,   1936,  56105, 126628,  81233,
        84328,  19496,  87092, 119165,  94732,  80275,  59079, 121602,
        71087,  38780, 146166, 102327,   3554,  92671,   9112,  45375,
       104559,  85005,  83358,  89992, 106713, 142460, 130322, 100019,
       109163,  27923, 137192, 146728,  70734,  20957, 137674,  19574,
        46330,  11856,  68231,  13027,  19421, 112038, 106439,  98952,
       149281, 124003,  36817,  87806,  88401,  14529,  94353, 151452,
         4301,  74849,    903,  86151,  75223, 119282,  54032,    812,
       149229,  99267,  46723, 100715,  58500,  72280, 142706,  24859,
       107506,  96647,  82295,  21383,  96308,  45846,  49813,  57159,
       146851,    983,   1596,  42505,  60057,  51439,  16548, 132808,
        95214, 126712,  92270, 133102, 111864, 146707,  68892, 147297,
       108092,  22651, 144310,  85840,  13512,  52223,  79741,  23086,
        34626,  78736,  22351,  15612,  81553,  49161,  21187, 134665,
        30515,  99029,  12495,  33689,  46813,  25437,  40213,  58928,
         7641,  65378,   5729,  24766,   8528, 102018,  10590, 115221,
        82079,  61251, 148308,  40583, 110795, 142110,  61079, 129730,
         7260,  20352, 135009,  31669, 107012, 113610,   6445, 143724,
       138692, 115511,  66535,  35116,  60468,  33769,  82821,    436,
        99448, 137550,  68631,  19147,  63198,  38278,  33700,  62556,
       123501,  29052, 104682,  14723,  88273,  24513,  75785, 148061,
       151881,  37125, 141725]), array([127649,  93553, 132358,  29812,  96343, 111689,  38289, 105968,
       140368, 109940,  30570,  77859,  19777, 100799, 110710, 130596,
        78271, 147045,  79098,  36675, 146353,  17057, 138208, 128842,
         2169,  69398,  28898, 129312,  92536,  22055,  98771, 128606,
        70503,  24833,  88298,  22581,  55118,  30617,  16131,  37675,
        61173,  62371,  37878,  97159,  88781,  83696,  93687, 146839,
       123262,   7021,  95523,   4475,  64134,  23702,  29697,  75787,
        14755, 118697, 137076,  55371,  22746,  95993,  27186, 101392,
        10075,  41175,  20369, 146379,  87312, 132937, 144106,  10033,
        17265,  50649,  14116, 147968,  91924, 118193,  89074,  45323,
         3611,  36389,  99723, 117833,    932,  78439, 108195, 120479,
        52845, 135391,  34330,  45279, 120293, 123714, 146799,  95363,
        44262, 152613,  55059,  53329,  84872, 102505, 105741, 141676,
        46889, 105423, 135622, 118550,  58000,  51912,  96851,  74761,
       115284,  65234,  41429,   4532,   5072,  52228,  55186, 109717,
       145391, 107722,  75203,  48186, 128413,  27246, 143134,  34352,
        61524,  85684,   4064,   9865, 123888,  91522,  49571,  70753,
       111666, 128944, 138949, 151380, 139507,  61071, 111539,  74478,
        62436,  97935,  18333, 144923,  98742,  83444,  97270, 128777,
       130177, 118171, 146891, 138353,  84058,  55212, 147669, 107399,
       108716,  54635,  20179,  97709, 112397,  71976, 122355, 142334,
        56005, 132521, 122968,  95023, 115700, 128059,  18552,    219,
       132564,  32513,  38318,  61887,  58075,  13633,  25161, 141546,
       140738,  66963,  66320,  56019,  76643, 132814, 117289,  95908,
        45316, 119847, 123956, 116622,  77547, 106492,  97812,  88453,
        63458, 145127,  21627,  85353,  73750, 110415, 103593,  62502,
       102268,  88740, 149734,  39457,  92488, 135263,  15338, 146154,
        70314,   3596,  39535,  81549,  22391,  47110,  78590,  67261,
       129586, 134837, 120143,  63262,  57315,  44326,  34303, 130254,
        81875,  94804,   1000, 104684,  87043,  33905,  43899, 101441,
       106793, 125136, 104934,  13602,  74328, 145346,  94204,  13836,
       119005,  76723,  62722,  35049, 124660, 111345,  50797,  50667,
       106899,  74774,  24725, 127196,  28023,  18198, 123098,   9195,
        22924, 132313,  52272,  65053,  78705, 150835,  39192,  82102,
       148897,  97356,   1618, 148066,  57299,   8321, 131077, 111066,
       128249,  70693,  24754,  63596,  23990,  77919,  78156,  24956,
        38509,   4245,   2881, 139323,  26953,  77470,  13338, 144562,
        30339,  71727,  48644,  26571,  92257, 131122, 121064,  78370,
        67903,  45537, 153629,  67922,  63760,  35479, 139848, 145191,
       104633,  98386,  36871,  76521, 120253, 105491,   9237,  42164,
       132091,  17984,  26845,    967,  82669,  87554,  96505, 143387,
        85340, 130578, 126123,  15995,  10434,  71852,  24845,   3572,
         1338,  56085,  88721,   6318,  84486,  30498, 112797,  79916,
       124850,   6407, 122676,  12083, 108411, 148984,  97408,  77292,
         7925, 139007, 126353,  28741, 134202,  73999, 133585,  81658,
         1560,   3641,  71677,  46026, 129645, 100198, 105876,  39924,
        67503,  57200,   8244,  86047, 118539,  39012,  71693,  88384,
        92586,  94481,  20837,  25448,  29206,  69453, 102818,  96339,
        77678,  31981, 150288, 141890,  25884,  51942, 152178,  32444,
        95616, 130398,  43923,  44725,  10327, 151047,  74474,  64729,
        15324,  29710,  12990,   3062,  27796, 115488,  87085,  41719,
        34639,  42180, 106587,  26888, 107785,   9277, 112059,  95096,
       104932, 133935,  83164,  40576,  32861,  94686,  33366,  22453,
        61769, 108406,  57419, 111113,  45471,  88120, 128846,  14244,
        11138, 128568, 138495, 104037,  34408,  85440,  41595,  28871,
       118940, 152875,  54457,  61733, 111056,    569, 152415,  92624,
        21447, 148764, 110691, 104902,  70521, 118364,  13858,     18,
         1467,   4662, 100404,   6280,  88985, 133526,  15650,  60442,
       137287,  69139, 138230,  44001,  24167,  19989,  61727,  39746,
        30036,  81232,  41104,  31724,  47765,  21718,  99634,  47224,
       128100, 137953,  69004,  95345,  30882,  38207,   6076,  59828,
         5282,  43074, 104247,  15455,  44999,  22989, 133673, 145916,
       104888,  15700, 102400,  17494, 117814, 108639, 113084, 131489,
         9159,  11950, 129955, 108156,  52284, 127366, 147333, 153739,
       124847, 144122, 133109,  59001,   1219,  37296,   8375, 121189,
        62115,  34867, 142077,  23708,  20346,  71943, 150517,  42137,
        71612, 140290, 132475,  43182,  89097,  35306,  80790,  34705,
          486, 125668,  33878,   8648, 151111,  25155,  91384, 120569,
            4, 144772,  42746]), array([ 57182,  33779, 134924, 124995,  94843,   6007,  90758,  45428,
        73146, 140145,  29437,  79243, 132068,  16448,  61675,  55886,
        44006,  15207, 109432, 138486, 141337, 138439,  65678, 102052,
        93495,  50950,  22404, 103711, 136939, 107369,  49548, 112179,
        60919, 123342,  31329, 102661,  17353,  72093,  91880,  61895,
       127918,  45232,  95748,  62297,   6672,  69218, 149377,  20685,
        68479,  36374,  64917, 101897, 127907, 135476,  83140,  84940,
        18798, 128308,  42465, 109415, 112086,  49736,  76876, 103609,
        18775,  25999,  77116, 127703,  47140,  29743,  55195,  30854,
           50,  29986, 119836, 113754,   6196, 147796, 103722,  79701,
         3739, 115765,  87857,   2490,  62552,  76822,  22099,  38591,
        84356,  26038,  46065,  91004, 136501, 113390,  54462,  25275,
        55948,  47988,   8103,  50925,  87220,  71944,  45138, 149791,
        89705, 136482, 114965,  94709,  56969, 125859, 120267,  31143,
       125648,  74942,  80389,   8983,  73547, 116846,  71327,  66856,
       122969, 112262,  28366,  78742, 134294,  86824,  24319,     75,
       117514,  77275, 118350,  32478,  96890, 115014,  25402, 102280,
        53628,  97346, 129039,  98005, 124550,  13664,  73677,  89334,
       139157,  24960, 100617, 106983,  65251,  34526, 136333,  87835,
        24254,  68536, 131866, 141639,  71441,  10980,  94156,  22764,
        85216,  26390,  70133, 101662,  87317,  61527,  70386,  39004,
        50426,  20400,  95966, 112539,  24182,  14468, 137759,  56528,
        57885,  17720, 149442,  72265,  57575,   6791, 134016,  75476,
       105518,  94244,  39566, 143559,  65375,  43271,  49748,  57450,
        63557, 131508,  77515, 147878,  32290,  69265,  66920,  31698,
        66935,  28597, 116054,   4289, 134945,  55302, 126737, 113209,
       111111,   3067, 100513,  84083, 143568, 122072, 150466, 141285,
        67297,  73102,  53226,  87778,  31064, 119634, 101458,  96685,
        86022, 121490, 116585,  42624,   9864, 150155,  63576,  98744,
        50246,   6373, 137008, 146746,  12232, 101292,  82899,  44940,
         3597, 114204,  10299, 127811,  20040,  19925,   9609, 112246,
       123180,  70463, 144708,  70899,  27660,  15623,  71997,  19361,
       109939, 144909,  62108,  54591, 101524,  22059, 125630,  66212,
       123257,    184,  73155,  67211,  23198,  22844, 145653, 113155,
       142733,   7315,  65809,  63950,  99577,  20533,  71728,  48085,
        17846, 117422, 137967,  14934,  21409,  88914,  53118,  91991,
        90887,  16839,   1693, 111799, 130788,  24928,  38917,  73474,
         9541, 107682,  56677, 141102, 124372,   3848, 107424,  53591,
        23367,  89838,   6616,  29823,  24961,  14486, 152925,  72229,
        33543, 127763,  90435, 148076,  40517, 116646,  62856,  14894,
        15883, 100153,  72463,  34019, 129523, 152680,    968,  27948,
       152418, 129499,  84929,  92557,  73846, 120560,  10080,  92394,
       145611, 107263, 150163,  59202, 137078,  14452,  98551,  46063,
        47239,  91794, 103548,  20483, 126630, 123860,  12487,  30296,
        40928, 133271,  86719,  97716,  83169,  21492,  17973,  48609,
        36115,  50044, 130823,  31090,  46039, 113282, 131812, 122290,
        32215, 121228, 143914,  59890,  50326,  17269,  95458,  69761,
        98887,  11456,  17506,  35113,  88671,   6510,  18951, 111067,
       105282,  35379,  69025,  83574, 142935,  95399,  87980,  52309,
       134422, 138034,  13245,  68602, 128318, 117851, 146964,  78132,
       148057,  34631, 140474,  55084,  76894,  50888, 131238, 103369,
       110313, 133073,  92884,   5526,  82427,  94685, 132171,  40247,
       144085,  33951, 115776,  44186,  74434, 116010, 126936,  63608,
        21419,  42035, 153605,   7300, 151590,  50321,  79547, 125941,
       139619, 121403,  41152,  10689,  90004,  23010, 136674,  11416,
        20060,  92652, 111670, 114569, 125928,  21431, 113159,  67941,
        38363,  21525,  64208,  14539, 141217,  66652, 130655,  66694,
        60378, 123100,  45252, 148837,  71210,  34936,  58098, 153501,
        86080,  18158, 107224,  47002,  94026, 131148,  28929,  29472,
       151940,  92646,  37814, 112979,  84797,  50884, 124513,  24246,
         4029,  39796, 115186,  35464,  54687,  70161, 102854,  11762,
       109079,  32749,  65527,  72050, 107187,   3410,  39130,   9788,
        19895,  54972, 115268,  15482, 148370,  35728, 112880, 123060,
       145011,  97858,  42111, 125446,  20926, 148772, 125013,  36222,
       117145,  99059, 109800,  83232,  65739,  73446, 111882, 114625,
        84408,  99678,   4042,  62097,  13084,   1661,  69403,  77344,
       116396,    773,  20877,  95990,  58543,  85871,   6278,   4206,
        17244,  80200,   2443,  40511, 120022,  38567, 127034,  97271,
        71404, 136478,  63478,  89671,  99330, 106888,  75604,  66097,
        73291,   2394, 144621,  69271,  41040,  65331, 137702, 116328,
        23649,  49049,  15796,  36723,  78941,  19020,  36279, 115469,
        79107, 132843,  36028,  52027,  38862,  62900, 118967,  69993]), array([137436,  15277,  76095,  97010, 146127,  66717,  96891, 124698,
       111932, 112127, 114742,  10898, 149658, 127766, 115529,  64397,
        59869, 110940,  48327,  49599,  76488,  24413, 114345, 153477,
       132352,  91000, 110305,  29010,  95488,   6474,  88124,   3043,
       132914,  19146,  46472, 119835,   2576, 133745, 124894,  35295,
        29463,  97963,  49132, 132047,  18231,  80298, 137609, 104092,
       117135,  21061, 129880, 123700, 131613,  63850,  37992,  55751,
        85030,  25124,  17523, 153707,   7590,  15531, 151126,  22092,
        74146,  57929, 135686, 131978, 152764, 111700,  21741,  69120,
        74066, 136763,  45801,  76833, 151800, 148838, 122540,  90458,
         9648,  34888, 145727,  64920, 133081,  46211,  46508,  90534,
        42737,  70813,  56118,  40350, 142088,  28438, 152049,  75099,
        89934,  27949,  89945,   5279,  63421,  78430, 126598,  27819,
        80087, 132655, 136441, 102507,  98537,   9134, 153081, 135744,
        16103,      1, 124247, 102386, 145074, 153851,  18136,  86862,
       135471,  52562,  90248,  46911,  59030,  41512, 113280, 140932,
        15935, 135556,  80141, 122544,  83816, 102605, 100675,  31112,
       118706, 136031,  61793,  85575,  14528, 120867,  32006,  34265,
       132887,  86613, 142461, 100438,  66496, 117519, 131619, 114859,
       150042, 126762,  40950,  74435, 125644,  75866,   6678,  19837,
        48184,  33994, 145292,   8997,  86679,  68147,   4236, 106514,
       146040,  26330,  75535,   5993, 131834, 115366,  58240,   9947,
       148878,  79965,  76030,  13911,  47973,  47290,   4101, 110253,
        59183, 134864,  98010,  40089,  68981, 133056, 113656,  20186,
       137593,  82798, 105014,  77252,  58179,  27658, 145699,   6012,
        32426, 132525,  45333, 108827,   2962,  21093,  13686,  87162,
       140436,  93998,   8493,  87124, 148472, 141879, 117149,  30349,
       116292,  61199,  34921,  39635,  93552,  53585, 124291, 127632,
       133090,  26906,  90247,  97664,  77937, 148377,   2297,  54123,
       108826,  12860,  53790, 137840,  86476, 141044,  38362, 140586,
       149880,  54049,  76084,   5682,   4293,  79773,  56616, 134619,
        84304, 117768,  64408, 123438,  58783, 110440, 144167,  23345,
        88623, 125229, 112043,  41355,  43844,  73444,  90357,  19136,
       106023,  49937, 129132, 149827,  94960, 126293, 102954,  93067,
        39916,  95585,  69601,  67980,  23088,  78515, 103878, 108520,
       130539, 144423,  63731, 115516, 136180,  17061,  48640, 146100,
       105907, 125853, 148499,  26860, 146396,  89163,  60076,  35371,
       119965, 121088,   5841,  40585,  89725, 123002,  23894,  34688,
         5086,  42147,  51528,  53343,  11914, 151584,  57278,  65189,
       151076,  64696,   8626,   7739,  34154,  37127, 119037,  53799,
         1201,   3087, 101759, 135679,  86161,  92228, 112087, 142453,
       111368,  36039, 135462,  35987,  32985,  53707,  46167,  84533,
       131887,  96372, 106243, 135601, 119117,  51202,   3128,  64288,
       104326,  67904, 142559,  83342,  89165,  59191, 126094, 110113,
        61518, 115734,  87073, 143491,  32819, 139414,  97171, 112424,
        81032, 151265,  67179,  48970,  92127,  81987,  54329,  42864,
       107540,  52564, 139073, 126854, 151104,    786, 126591,  40205,
        53457, 152352, 135089, 109043,  90181,  83578,  24647,  34180,
         7779,  62201,  15313, 147126,  72241,  88199,  51030,  37573,
        46483, 104516,  33211, 119119,  97538, 134329,  49317, 129576,
        62222, 129311, 139269,  96071,  59139,  65513, 108769,  83992,
        63281, 140231, 111455,  18145, 105892,  25843,  90527, 137736,
        34312,   7028, 118602, 118476,  85151, 144871,  30415,  26731,
       119269,  97704,  84561,   4726, 152112,  44085, 144543,   6750,
        47048,   8079,  68269,  82443,   3921, 133926,  38846, 112596,
        73828,  10916,  84575,  17403,  85521,  71490,  92304, 131817,
        22089,  80440,  16889,  47931, 114305,  82441,  46670, 102117,
          820,  55105,  49111, 117961,  61806,  38444,  91726, 123813,
        72080, 109711, 120432,  93985,  75264, 133771,  10853,  41245,
        10649,  32551,  97049,  51379,  24606,  66931,  48177, 130239,
       117750,  32310, 109487, 101561, 110704,  53137,  12139, 149344,
        27471,  56746, 137726,  16863, 118375,  57738,  13550, 146645,
        42125,  92574, 132548,  15041, 139917, 133700,  71281,  46939,
        94541, 109260, 136887, 135394, 107322,  81153, 126321,  95683,
       113235,  49277, 104608,  26025, 150627, 138564,  80817,  55041,
         3403,  77264,   1759,  54957, 116114,  52269, 101239, 102936,
       145513,  20387,  69511, 100572, 129997,  11514,  24390,  80399,
       149128,  31554,  13826,  48522,  91966,  53598, 141170, 144935,
       103368,  73897,  23385,  24396,  89617,  83890, 134252,  88026,
        23637,  32027,  72132,  10316,  10641, 101930, 110412,  27678,
        93462, 108597,  77663,  11270, 153066,  47138,  75178, 101498,
        48612, 113883, 129055,  97895,  83482,  82171,  89160, 125266,
       120725, 109395,  65477,  18721, 121344,  43633, 131505,  83018,
        74309,  21640,  83496, 116898, 130568,  54119,  98333, 119942,
       110419,  63893,  69517,  43734,  17744,  99491,  71624, 119515,
        54144, 133022,  85828,  66847, 116818,  31376,  58828,  72486,
        29014,  77355, 135834]), array([ 54624,  91333,  25133, 126548,  93984, 132449, 115222,  66115,
       107857,  58435,  40260,  29416,  34857,  68374,  92171,  14830,
        53342,   9691,  57851, 104318,  92434,  66953,  97801,  14110,
        36221,  28335, 151195, 134282,  23215,  92912,  60062, 125484,
        17176, 124608, 143015, 122418,  57416,  68639, 141805, 153369,
        35996,  87610,  43810, 139567,  55913,  47727, 123083, 140950,
        58423, 150003,  25583,  26925,  43983,  12625,  94970, 137270,
        23452,  10629, 101579, 102803, 127222,  99316, 143597, 149665,
       145438, 108248, 112577, 105270,  23854,  21465, 110715, 138272,
       130170, 101997,  77525,  86873, 145435,  48382, 142169, 139010,
       111005, 101845, 109427,  31487, 135597,  27838, 100457,  54246,
         6117,  17501, 113826,  91596,  39389,  90603,  55162,  71632,
         4332,  35340,  32001,  27849,  70363,  19046,  47725, 120325,
       151504, 127513,  86242,   9016,  68834,  99779,  38642,  27104,
        43202,  30126, 151150,  46074,  60677,  73612,  43554,  97113,
       100444, 138540, 124911,  94153,  80409, 120156,  69457,  97950,
         9295, 127336,  56717, 138824,  40548,  45527, 114045, 107354,
       123909,  27577, 153158,  38505,  77645,  33616,  40186,   7582,
        14260,  63113,   5924,  83098,  14675,  95476, 142966, 105254,
        34103, 120876,  65642,  44993, 117491,  35720,  67982,  56971,
        82548,  69142,  61836, 127409, 124630,  79010,  67686, 102832,
        39363, 132327,  42433,  97472,  75665,  23432, 125538,  24681,
        74139,  33728,   2450,  89125, 136797,  19036,  15870,  61101,
       135456,  59799,  14732,  38294,  70058,  16296, 146265, 142878,
        49431,  65679,  25142, 114483,  81100,  94179,  11940, 109364,
        47042,  12886,  23600,  84794,  56893, 110796, 151644,  50422,
         9871,  74015, 117774, 111224, 134485,    589, 122160, 123604,
         3673,  71991,  96501,  11346, 138732,  45538,  57998, 128679,
        75865, 100768,  12092,  15225, 143526, 119017,  52444, 151434,
        94320, 104322,  30124,  49728,   6805,  28811,  62152, 136040,
       111968,  36347, 116419,  87176,  10561,  63484,  79241,  77219,
        24712,  61242, 127618, 137737,   9982,  27219,  84472,  60790,
       136777,   6495, 149767,  22814,  77010,  79256,  28230,  52897,
       110477, 106481, 125920,   5194,  80094,  21408,  67166,  48923,
        43628, 138562, 153763, 135112, 101720,  11163,  34316, 131221,
        13805, 109712,  57007, 129078, 114581,  28253,  44433, 142246,
        44356,  68514,  57811,  44852,  85262,  17139,  99582, 144288,
        98831,  90287,  14096, 153341,  54828,  69899, 123692,  62179,
       119932,  31292, 120495,  71113,  38414,  44887,  87113,  52911,
        83264, 151776, 141439,   3882, 102596,  23470, 123530,  34308,
        89166,  52406, 130584,  67081,  40682, 133063, 113335,  16631,
        44063,   9929,  49735, 111198, 148618,  49639,  89541,  58115,
       123339, 104155,  90005,  14935,  78068, 127939,  80209,  51857,
       131720,  56200,  88529, 131599, 108037, 128759,  56650,  40493,
         8644,  44792, 116280, 150262,  96873,  24273, 130274,  23941,
       150992,   6783, 111254, 106590,   8754,  20476,  60703,  80724,
        92013,  43569, 130259,  98507,  60660,  94838,  37138,  49117,
        12764,  16251,   8656,  21446,   7933,  92482, 135358,  83468,
       152516,  70016,  89711,  49955,  79428,  58360,   5933,  71325,
       151084,  20763,  24418,   1588,  29504,  49005,   3079,  77847,
        22151,  15210,  75260, 146946,  36752, 100218,  53514, 141782,
        33497, 145026, 131387, 102579, 115378,  63969, 119185, 144324,
         7565,   6216, 126074,  78981, 107445,  42766,  84402,  82033,
        61231, 120491,  89190,  39777, 104234, 117521, 153562,   6964,
       106071,  85598,  19101, 128756,  20636, 108759, 136125,  39687,
       145593,  19820,  39624,  40997, 123304, 112324, 152637,  37589,
        51889, 130235,  29500,   5032, 131678,  85413, 143293,  94126,
        89633, 115515, 122230,   6489,  16895,   3210, 125960,  90347,
        75403, 149573, 139387, 110603,   8212,  20067,  80749,  99227,
        59085,  24307,  39991,  50521,  22861,  91546,  30406,    948,
        19699, 105612, 152915, 101877,  83996, 113257, 145636,  55503,
         5461,  72737,   8549,  43220,  14427,  36408, 118945,  78669,
       142700, 143948,  79078, 104534, 149653,  68472,  55150,  56275,
        99444, 147738,  92721,  95312,  38223,  86030,  74982,   3157,
       103331,  64958,  80735,  73412, 134381, 119121,   3551,  91594,
        66938,  23439, 145605, 116103,   2730,    823, 136431, 110541,
       126904, 148364,  86465,  34091, 115691, 104539,  76848,  86191,
        96936, 123360, 148550,  81406,  76394,  40999, 117535,  27249,
         2738,  58403,  17773, 139817,  25511, 136944,  15579, 105814,
       122774,  93480, 137082,  22112,  70253,  73842,   1112, 124044,
        15012,  46789,  36890, 152518,  15464,  78781,  71204,  70245,
        93148,  79929,  69971, 127531,  58009, 117167,  28855, 136190,
        20459,  14358,  61758,  64386,  92235,  94886,   4126,  49416,
        91130, 126625,  33312, 102351,  86344,  90195,  60407,  96540,
        54826,  46696,   9104,  93620, 132441,   1641, 119466, 104594,
       147827,  93221,  70396,  10414,  11044,  75910,  70872,  42674,
       141209,  87413, 138004,  19359, 134370,  14240, 144685,  32881,
        63453,  26095,  58330,  55412, 151409,  75322,  58192, 109170,
        72783,  55548,   5870,  62318, 123104, 114398,  90545, 121207,
        70788, 101172,  39685]), array([  6846, 120699, 111734,   9431, 103508,  53889,  43285,  60088,
        20439,  13989,  11540, 139988,  83933,  89291,  99571, 113545,
       136987,  32855,  17442,  77273, 150894, 136296,  16756,  47636,
        18705,  79947,  57553,  97906, 115915,  16961,  20907,  44736,
        81136, 101092,  12935,  70216,  18773, 108483, 140236,  60674,
       127216,  41329,  71038,  76256,  27773, 112299, 116393, 152593,
        46653, 147295,  92959,  76196,  41563, 130760, 117051, 144010,
         2770,  89674, 147274, 101938,  61180,  15533, 135890,  52852,
       142827,  88795,  20128,  18519,  52267, 101331,  63020,  10255,
       135951,  84706, 101701,    905, 109437,  11707,    992, 153533,
        88752, 102132,  91958, 108268,  50191,  91475,  75935,  28547,
         8986,  79839,  17181, 139960,  31711, 106629,   4640,  61369,
        14536,  34856,  61134,  46475,  95711,  83656,  82926,  56342,
        20029,  71175, 139573,  82451,  77049,  42092,  87904, 140234,
        61370, 110852, 122466,  25851,  29413, 119468,  54045, 118694,
        94030,  94477, 129650,  10356,  21607,  29649,  95759, 151992,
        67485, 126283,  13360,  68595,  50471,  39494, 124438,  64502,
        68357, 125688,  23646, 150975, 124856, 115109, 107520,  23038,
       122794,  50524,  65096, 112107, 113058, 140248,  26052,  89294,
       151536,  50625,  73706,  26068,  21169, 150935,  40039, 132488,
        62799, 127014,  33160,  89233,  23717,  76248, 131614, 101955,
       138179,  43437,  51848,  26234,  37052,  15698,  33299, 146816,
        71543,  75095,  65583,  18807,  79740, 140089,  45886, 141807,
       134127,    418, 128659,  21195,  30381,  96771, 101949, 152797,
       130659,  53408,  45060,  99555, 139033, 114387,  34852,  11482,
       109532,  77844,  37783, 122841,  71406, 128696,  40119, 146552,
        43446, 116635, 144964,  55855, 106529,  93095,   6823,  11570,
        53098,  48260,  41881,  18014, 109004,  78992,  61821,   8350,
       143020,  16212,  80417,  33426,  34223,  95063, 107429,  62104,
        64873, 134642,  38725,   3311,  27444, 111307,  96676, 117640,
       126138,  82654,  55629,  31373,  74375, 100881,  88292, 118635,
        71382,  83954,  49102, 131494, 115818,  95099,  11907,  75291,
          360,  32670,  33933,  57051,  34897,  69015,  95389,  90468,
        29978,  38054, 151893,  73607, 144393,  30755, 137617,  66993,
         7069,  68754,  21406,  35215, 144900,  40375,  60803,  23904,
       111107,  48455,   9113,  55335, 149422, 123453, 147582,  38177,
        58996, 105374,  39518,  80054,  31654,  51092,  57933, 138114,
       133994, 106759, 148530,  63328, 152971,  43052,  67162, 151252,
        52467, 120469, 126771, 136962,  74342,  50129, 110182, 134418,
        21498,  84513, 150016,  35334, 148546, 135050,  87932,  67247,
        19143, 128674,  11797,  97081, 141155,  79816, 125083,  81652,
        72651,  43773,   3059, 102419,   6218,  53934,  42794,  54059,
       143703,  82642,  36560, 105000,   9217,  93250,  39848,   1093,
       148410,  37672,  31891,  79208, 110077,  40624,   4169,  10418,
        58001,  61468,  73647,  64941,  22657, 142098, 116088, 138252,
        66407,  49772,  27287,  87542,  17054,  19238,  70825,  70270,
        91268, 149759,  88739,  81219, 129022, 151979,   1724,  31325,
        16022, 136947, 107573, 101023,  82039,  21024,  86821, 105043,
       142512,    292,  81570,  74429, 113804, 142092,   3149,  81331,
        17932,  16693,  70494, 121820,  94739,  72216,  71280,  60897,
        22886,  83110,  83359,  86994,  65045,  97591,  58047, 138804,
       145900,  63738,  40802,  27252,  22375,  97033,  83884, 111087,
       102583, 152056,   4855, 132956,  93535,  31364, 139869, 115795,
        95637,   1508, 128712,  79912, 134356,  48983,  47376, 130689,
        86218, 103607,  55404,  44269, 138648, 152851,  17354, 117319,
        94216,  88632,  10786,  71458,  44947, 115597,  52532, 116592,
        73165, 123186, 114357, 124546, 113258,  71819,  13170, 144431,
        33193,  95151,  90744, 145735, 129502,   6463,  97883,  55120,
        14437, 120183, 114440, 123085, 113958,  94189,   1154,  80142,
        66660,  75350, 152266,  83533, 120174,  46584,  68574, 128780,
        53491,  89003,  45746,  69814, 151189,  30156, 120926,  94283,
        76851,  96055,   1921,  72473,  52569, 118673, 128979,  80274,
       112677,  81479,  34722, 135815, 113039,  51142,  18929, 100348,
        33410,  68466,  37257, 101546,   9380,  59433,  23039,  89786,
        70201,  63861,  46929,  65495,   3922, 151865,  54106, 128563,
        80476,  95076, 132607,   8550,   6413,   4849,  64732,  25281,
       150121,  80499,  30112,  80966,  41878, 126078, 105952,  68462,
       121130,  94325,  20895,   5323,  10652,  68330, 112585,   3353,
        94992,  79472,  30078, 117171,  18481,  16976,  14139, 126622,
       137783,  75733, 123189, 112750, 118600, 127515,  41586,  69688,
        78625,  81266,  41404,  59904,  96305, 139903,  20966,  24071,
        86598, 104800, 153877, 117562,  81052,  32928,  71315,  71400,
        22088, 108715,  80008, 108261,  16943,  53186,  88933,  36949,
        89260, 114138,  70000,  51339,  17542,  91138, 122335,  41927,
       102922,  55348, 101258, 129509,  19985,  17554,  45827,  61973,
         4706,  18178,  99798, 151639,  62656, 135005, 109890,  71411,
        63856, 125576,  18530,  47872,  51121, 137423,  63195,  24757,
       149578,   2227, 128481,   5674,  42093,  15697, 124749,  26512,
       120145, 105709, 148002, 138438,  89155, 139765, 113121, 135251,
        48659, 112092,  35023, 123887,  28422,  92441, 105605, 125745,
        89290,  68110,  72175,  53923,  40453, 138197, 144550,   5402,
       129264,  29716,  95714, 109222,  63283,  21274, 108177,  58903,
        64954,  26934, 102538, 122019,  41117,  90778, 112028,  84856,
       129615,  45993,  90076,  70819, 127397, 123211,  45221, 109583,
       126807,  51075,  12567, 137742, 108773,  97428, 150849,  32000,
       141937,  97486,  10685]), array([ 38010,  98998,  74401,  90030, 106987,   2976,  73083,  42303,
       120300,  32325, 107636, 145610, 148920, 129396,  35022,  66719,
       131214, 146758, 150698,  48543,  14489,  56440, 101789,  97008,
       112746, 108510, 123204, 124082, 141794, 117416,  69394,  62875,
        56423, 113213, 145808,  48625, 127348, 135297,  52847, 135443,
        47515,  63461,  87978, 124782, 111604,  84668,  60104,  83278,
       150434,   7231, 114596, 137743, 117366,  42219,  89927,  84135,
          560,  59421, 104632,  36575, 142026, 121069, 150685,   5759,
       105994,  15389,  48321,  50801,    623, 141470,   1834, 152088,
        55143,  29562,  91170,  14086,  55720,  40077,  44984, 150012,
        70238,  19673, 148368,  52110, 102587, 130368,   6377,  97192,
        96677,  11470,  53199,  49200,  66452,  34865, 138822,  51791,
        56360, 147845,  88445,  78502,  18774, 113152, 111659, 129292,
        54386, 113066, 113338, 141553, 138400,  84596, 102199,  89217,
         3225, 151690,  51167, 107097,  98971, 146082,  97029,  61487,
         8843,  13711,  16688, 105420,  89158,  64910, 139482, 149115,
        13977,  21177,   5468, 137262, 118367, 138365, 134716,  56247,
       150613,  57772,  97487,   2174, 152956, 109419,   9438,  53737,
        82970,  33588,  72897, 106555,  40177, 153446,  75992,  78100,
        61356,  14074, 131224, 101902,  33090,   8345,  54714, 133315,
       130674,  54572,  71253,  23769, 100087,  94226, 136090,   5351,
         4595, 108498,  91241,  81267,  38935,  68399,  95079,  51269,
       151660,  93102, 115518, 140048, 123503,  18299, 129785,  67262,
       120464, 136872,  22853,  68820, 136684,  31287, 105373,  20173,
       120306,  26603,  56088, 102422,  91358,  35197, 130824,   3090,
       137352,  59485, 128864, 137280,  77504,  51273,   1870,  56170,
        75877,  84464,  56259, 130362,  91326,  26208,  57600, 113869,
        36605,  55208, 117717, 121594,  94532, 143557, 145039,  64876,
       125527,  99959, 137283, 147080,  39174, 121866,  43049,  90915,
         3695, 115450, 138237, 122664,  17053, 140836,  92105,  90711,
       124594,  40371,  29060, 102194, 147702, 112372,  30902,  25929,
       132486,  91877,  43036, 124451,  88487, 127013, 132114, 109177,
        79066, 148515,   3603,  70868, 145280, 117777,  93332, 142420,
        65844,  56106,  83559,  88772,   2808,  73792, 121190,  28754,
       115679,  92790, 132450, 141416,  44201, 135786,  62086, 140208,
        79266,  48887, 109526,  87882,  18819,   3019,  35665,    816,
       137310,  59782, 133460,  55827,  95731, 151375,  46054, 120114,
       120311,  32169,   5823,  61399, 142369, 136580,  79450, 136693,
       134786, 132822, 127494, 118132,  38176, 133196,  99674, 102685,
        90704,  75247,  33631,  46827,  34909, 134203,  21693, 105732,
        13483, 142855, 124826, 101082,  89394,  74386, 138592, 112355,
        18166,  38585, 135389, 145165, 135674, 119906,  37512, 121482,
       121039, 107418,  37535,  43497,  98857,  24251,   2069,  20103,
       129782, 117374,  93459, 119522, 153343, 101729,  79351,  75208,
       124909, 149752,  64576, 129151,  19394,  92513,  36103,  71722,
        35658,   5570,  65399, 117726, 119580,  30276, 147719,  93931,
       150092, 105210,  61922, 105554,  62389,  84829,  63704,   5037,
       116985,   6777,  18656, 135984, 116471,  90009,  83964, 111839,
       121527,  32969, 124191, 121082,  15669, 140247,  42959,  42177,
       138525,  34591, 111962,  55891,   5146, 109815,  41584,  51271,
       122510, 152267,  34065,  36010, 133448,  65819,  18023,   4186,
       147361, 152553,  45964,  53368,  33390, 153366,  21063,  50871,
       122931, 153651, 107236, 110762,  86180,  19470,  41068,  93121,
       122571, 122039,  98355,  47650, 140905,  51378, 151424,  68125,
        91904,  45191, 133166, 140441,  39629, 141616,   9961,  49703,
        84859,  16530, 133709, 117470,  74312, 115345, 127368, 126256,
        86725,  63821,  86811, 112712,  43262,   1140,  43331,  21665,
        81235, 106714,  29787, 114371,  37008, 124619,  43273, 140511,
         4482, 132353,  45870,  94304,  71648,  56059, 116325,  49996,
        60451,  13673,  84863,  51910,  66507,  50838, 121134,  87344,
        89663,  74753,  59384,  67129,  55065, 130924, 119007,  87512,
        58590,  96476, 101098,  45708, 141399,   7668,  97880,  54035,
        33743, 130023, 139266, 121870,  47387, 128193, 119198,  15750,
        11897,  46848,  64701,  44648, 114538,  21350, 127662, 114978,
       137093, 123444,   9547,  26798,  63709,   7945, 149088, 101531,
        71972,  45858,  98610,  78002,  25893,  98805,  77868,  81091,
        65033, 100905,  86057,  44434, 138567, 147799,  81466, 132708,
       141706, 101202,  47936,  14945,  20573,  17362, 119093,  83357,
       120786, 134524,   4105, 129830,  84842, 135052,  36903,  27572,
        54891, 120661,  68665,  28067, 111349,  48067,  88657,  98726,
        50897, 149729,  14864,  97041,  31032,   8219, 100316, 111025,
        60515, 116429,  88176, 104136,  71498,   9970, 121539,  36119,
        11823,  36259, 117873,  74749,  43508, 127960,  95630,  38406,
        22621,  56366, 105185,    425,  78621, 133363,  33555,  95700,
       107747,   6260, 114454,  61353,   8730,  55247, 131874, 144067,
       116121,  73699,  26388,  64653, 102762,  53273,  50713,  90941,
       124640, 119905,  11461,  53533,  94690,   3493,  72295, 147654,
           45,  59456, 136246,  39418,  93177, 150649, 107157,  92196,
         4676, 101464, 134643,  36929, 111893,  56137,  13049,  16164,
        76197,  52144,  70731,  91569,   8002, 111852,  85898, 153238,
       128385,  86498,  83005, 133365,  99219,  92926, 142225, 113025,
        14020,  95741, 111450,  32268, 135473, 142198, 110508,  83257,
        71477, 145398,   1332, 115048,  84852,  90288,  91441, 143933,
        30974,  93949,  86694, 134674,  23436,  35568, 139420,  82025,
        53086,   3987,  51322,  48512, 150852,   2712,  64766,  44938,
        98654,  88194, 132676,  67599,  96702,  39689, 114127,  97229,
       117444,  33587,  56587, 121356,   4883, 140933,  25612, 107657,
       131629,  18173, 136881,  65144, 118985, 116358, 106835,  98802,
        25933,   7686,  24444,  70637,  28237,  25752,  26096,  43611,
        20160,  22334,  23903,  80721,  47311,  47006, 121044, 146996,
        14841,  92585,   4356, 128185,  97244, 143698, 132483, 129118,
       114556,  95848, 116538, 103452, 137248,  42280, 123603, 127062,
       138358, 149631, 119766,  14696, 109772,  51162, 120558,  73159,
       133339,  66682,  64719,  57739,  88904, 146032,  79474, 150113,
        20530,   4412,  21949,  68469,  57815,  18735,  38569,   6151,
         3263, 128711, 141382,  44176, 112455, 111214, 130651, 114633,
        75261, 110622,  64435,  97360,  41667,  42755, 153500, 107953,
        16278,  71606,  45271,  14678,  99862,  64704, 120589,   8850,
       107495,  57730,  44151, 134419,  59418,  34453,  90786,  66594,
        63762,  12916]), array([ 88188,  89015,  53211, ..., 147821, 140864,  12799])]
shape of feat_train: (11544, 602)
Mean accuracy: [0.9294448259659523, 0.0005063696375661291]
