Namespace(dataset='flickr', dropout=0.0, epochs=400, gpu_id=0, hidden=256, inductive=1, keep_ratio=1.0, lr=0.01, method='random', mlp=0, nlayers=2, normalize_features=True, reduction_rate=0.005, save=True, seed=1000, weight_decay=0.005)
size of adj_train: (44625, 44625)
#edges in adj_train: 218140
Test set results: loss= 1.5400 accuracy= 0.4738
idx_selected :  [array([ 5930, 26938, 34144, 10396, 42647, 42403, 17163, 11492]), array([ 3696, 41795, 40532, 42029, 39535,  2641, 32474, 12381,  2424,
       21223, 39282, 33955]), array([35660, 19443,  8176,  6617, 34761, 10431, 16274, 19120,  2807,
       34248, 33453,  7504, 36032]), array([43873, 18166, 22925,  2742,  7126, 38740, 14958, 25858, 27324,
       12576, 39847, 19904, 15234, 33145, 21054]), array([21683,  5838, 30021, 20112, 17081,  1799, 22511,  4536, 11291,
        6543, 39445, 21708, 18463, 22163, 20906, 24255,  6286, 37089,
       22862,  1065, 19062]), array([ 5883,  7581,  2665, 13667, 25176, 31526, 40573, 37532, 35450,
       30037, 43559, 22425,  7895,  7782,  4184, 30058, 39627, 11212,
       12891,  7415, 13469, 34150, 42090, 29403, 10105,  9653,  5430,
        4062, 19500, 43732, 23762, 11409, 28515,  2878, 14643, 37035,
       28503, 41140, 10198, 26777,   792, 41378, 34257,  8099, 20673,
        2206, 39399,  2269, 44458,  9641, 10151, 34879, 10861,  2480,
        9202, 38782, 29304]), array([29101, 33446, 17966,  3827, 40467,  3268, 31912, 42161,  7313,
       30035, 41771, 38943, 32510,  8224, 12310, 40567, 41759, 26495,
       10077, 32000,  9291, 37219, 11069, 25297, 37083, 33330, 18006,
       16832, 30788, 23236,  2025, 13735, 10157, 19250,  5370, 17250,
       21604, 30135, 33815, 14104, 33703,  7692, 32104, 27995, 14704,
       30962, 28007, 18091, 24174, 30301, 23801, 36193, 22957, 21052,
        4970, 43995, 37825, 38639, 18491, 42058,  2872, 14599, 35635,
       42484, 13452, 40707, 24361, 37232, 16546, 23931, 31932, 43899,
       21561, 40133, 21099, 20543, 41724,   372, 24574, 12366,  6321,
       13414, 30702,  1894,  2297,    89,  9208,  5802,  2542, 40500,
       27523, 21425, 11727,  2239, 40410,  9124, 43516])]
shape of feat_train: (223, 500)
Mean accuracy: [0.43204409985210424, 0.004600705441790108]
