Namespace(dataset='flickr', dropout=0.0, epochs=400, gpu_id=0, hidden=256, inductive=1, keep_ratio=1.0, lr=0.01, method='random', mlp=0, nlayers=2, normalize_features=True, reduction_rate=0.01, save=True, seed=1, weight_decay=0.005)
size of adj_train: (44625, 44625)
#edges in adj_train: 218140
Test set results: loss= 1.5509 accuracy= 0.4711
idx_selected :  [array([34810, 24538, 33641, 19083, 24234,  1466, 15818, 32156,  2834,
       23901, 42974, 19456, 35550, 15692, 26514, 25389,  5496]), array([40985,  1625,  6909, 41496, 39965,  6014, 12952, 14689,  6923,
       36427, 13599, 39542, 18816, 42088, 33701, 42310, 32128,  5595,
       18216, 41334,  7256, 41786, 40621, 24525]), array([31704, 44610, 16185,  2706,  7438, 27559, 21375,  4086, 36241,
       13683, 23806, 19443, 34297,  3016, 28005, 15013, 29961,  2696,
       12611, 23416,  5677, 38917, 40719,  6814, 30687, 21879]), array([18843, 43742, 42873, 34380,  9224,  5477, 41384, 11191, 22517,
       24559, 11039, 27447, 13602,  4262, 29111, 13218,  5139, 41869,
       22247, 26903, 20205, 38112, 27981, 18605, 20348, 40667, 31000,
        5497, 19119,  3346,  5755]), array([20148, 31691, 44004, 33412, 18463, 35147,  7495, 25813, 23207,
       26355, 13465,  4656, 41175, 27753, 19160,  4946,  9859, 25255,
       15488, 36560, 24487, 15731, 35858,   573, 27474, 34141, 33516,
       38797, 18485, 17143, 40757, 24505, 21846, 41217, 13844,   868,
       35935, 15807, 11638, 17502, 36502, 24209, 40497]), array([ 8735, 14545,  4934, 21176, 41800, 13487, 28506,  9563, 29642,
       34952, 34289,  1154, 17075, 18537, 44128, 25954, 14437, 19898,
       28962, 30860,  8082, 14351, 26338,  4492, 43726, 13235, 37687,
       20663, 13136, 17889, 29755, 30638, 30466, 12299, 17640, 28980,
       17132, 32223,  5131, 20570, 20817,  3550,  7530, 34253, 25076,
       28521, 19052, 10565,  9245, 17481, 27798, 36845, 42704,  7507,
        4526, 37408,  9853, 22085, 26391, 17538,  4452, 40577,  7011,
       31779,  8410, 32444, 42682, 36682, 19328, 40736, 33029, 27054,
        1266,  4370, 39384, 12851, 41932, 16589, 22542, 12735, 25214,
       14442, 23182, 35267, 30260, 13851, 12737, 15187,   805, 16543,
        8680, 16884, 27964, 28354, 10554,  5950, 25736,  9302, 13688,
       38524, 27949,  7316, 42639, 38376, 34565, 39274, 33055,  7581,
       31201, 30576, 29013, 40249, 34961, 38960,  8361]), array([18257, 34703, 10492, 18236,  7439,  2655,  3522, 19716, 18385,
       22960, 21453, 34608, 28319, 17530,  1530, 28058, 39472,  4897,
       14991, 40009, 23832, 25268, 13897, 11124, 41626, 19358, 39902,
       14364, 18805, 28817,  8202, 23424, 42597,  9689, 20388, 44526,
        2003, 39356, 35301, 29866, 32243, 26643, 20754,  5829, 42293,
       13741, 41019, 31380,  2820, 31099, 27196, 18902, 38024,  3167,
       37199, 39760, 26780, 16219, 37018,  2282, 31714,  6728, 24103,
       29682, 40313, 34359, 10660, 43378, 22910, 39289, 24503, 41857,
        4441, 28643, 14222,  9447,  8171, 13328,  5911, 29604, 15700,
       26120, 39806, 28700, 14295,  5757,  5164,  1953, 26206,  5928,
       18330, 10150, 41261, 35293,  7406, 40945, 41065, 12454, 19214,
       12125, 13900,   286, 16072,  5804, 12693, 27213, 33109, 24747,
       13647,  3478, 12190, 38099, 21343, 24250, 44045, 39905, 37200,
        7887, 33704, 35812,  5903, 33933,  1293, 43685, 10821, 10014,
        5726, 35039, 38060, 15281, 33471,  2060, 22707,  1948, 19070,
       28981, 19216, 25898, 39150, 18183, 31738, 33395,  7306, 38477,
         163, 24925, 22074, 40749, 34756, 34183, 41120, 13987, 33676,
       35921, 17018,  9129, 28121, 12365, 18035, 21155,  3108, 38372,
        4887, 24599, 32314,  1457,  7457, 33144,  1600,  4248, 18800,
       23938, 25613,  6002, 38990, 10633, 34918, 31713, 35262, 22381,
       33884, 29205, 43346,   268, 41832, 31209, 26528,  7991, 30946,
       21286])]
shape of feat_train: (446, 500)
Mean accuracy: [0.4435127504145565, 0.007340389482464461]
