Namespace(dataset='reddit', dropout=0, epochs=400, gpu_id=0, hidden=256, inductive=1, keep_ratio=1.0, lr=0.01, method='random', mlp=0, nlayers=2, normalize_features=True, reduction_rate=0.01, save=True, seed=1000, weight_decay=0.0)
size of adj_train: (153932, 153932)
#edges in adj_train: 10753238.0
Test set results: loss= 0.4835 accuracy= 0.9394
idx_selected :  [array([49065, 17565]), array([ 88824, 152102,  49172,  70604,  87547,  88236, 129532]), array([ 90236,  37670, 105982,  98399, 119073,  64390,  14273, 112722,
        85553,  39422]), array([134576,  51275,  75891,   1882,  83104,  90360,  61786,   1324,
        89944, 116232,  25374]), array([139015,  56704, 105988,  83691,  75452,  42660, 119797,  21451,
       141213, 122185,    494]), array([119268,  49977,  53658, 112466,  83771,  81158,  89758, 103573,
        22873,  23469,  61031]), array([ 24097,   2564,  74176, 141112, 152070,  23434, 147941,  29723,
        83575, 118249,  17022,   1818,  16048, 153663]), array([ 37136,  48457,  80844, 122567,  72460, 129070,  63558, 151005,
        93401,  34534,  37533,  50484,  41397,  75321]), array([ 20117,    297,  67851, 104462, 144337,  58317, 136676,  41880,
         2183,  84463,  50014, 104691, 146311,  17209,  15645]), array([ 20982, 147171,  27180,  64662, 133753,  10269,  87626, 135492,
       103651,  10704,  65879, 109417,  44213,  16960,  41938,  99362]), array([  7961,  39024, 137946,  84221,  31035,  94910, 119350,  27284,
        35032, 123853, 108907,   6200,   7639, 142101,  77259, 136111,
        56748,  69705]), array([112619,  26761,  75658, 135038,  42861, 137390, 134535, 136609,
         6957, 151725,  46498,   6201, 122562,  90314, 114770, 103313,
       110835,  87311]), array([ 68258,  93018,  65314, 140923,  91248,  18591, 108502,  15790,
        91566,  93773,  50640, 116764, 119799,  39338, 108253, 133518,
        93302,  66244,  20031, 110938]), array([ 52296,  83932, 130716,  42346, 145044,  39815,  23103,  78287,
        77205,  54686, 136026, 107736, 133183,  30151,  46494,  59843,
       129310,  19531,  49931,  36441, 122700]), array([ 43045, 106513,  64303,  89210,  76157, 128638,  48680,  70049,
        92992, 142773,  53904,  52748,  59228,  52586,  86753, 107060,
        99586,  75526,  60115,  83237, 108949, 140013]), array([ 87862, 151376,  81388, 126889,  49730,  41707,  66586, 116507,
        97912,  19505, 106498,  42654,  41016, 110519,  15050, 135176,
        96673,  70167, 132112,  33595,  84390, 115067]), array([ 93384, 131415,  92376,  39326,  33736, 101918,   1204,  35009,
        67444, 143109,  54040,   1519,  53020,  16880,  34524,  93181,
        36029,  45097,  26846,  72084, 127598,  80353,  61092]), array([  6639, 138119,  64810, 111837, 144987, 106334,  86324,  28476,
       128275, 147685, 143058, 122980,  59992,  37661, 104638,  90714,
        59541,  64690,  15516, 115160,  87683, 110994, 149303]), array([ 99357, 146586, 127185,  63854,  45409,  34014, 135108,  13352,
         5769,  31648,  51836,  17186,  61451,  37596,  51678,  38412,
       104950, 108378, 144334,  53472,  84342,  31153,  10747,   8746,
       150100, 127146, 142036, 144183]), array([ 26530, 112323,  22810,  95891,  67397, 115990, 135237,  77524,
        49911, 129919,  51527, 105764,  95299, 102711, 149283,  38001,
        22149,   6173, 143045,  44061,  12630,  42327,  94581, 132876,
        80331,  62735, 129484,  27032]), array([106609,  27263,  16511,  79487,  64684,  40529,  29914,  47470,
       132024,   5877,  43473,   7837,   9416, 143425, 109553,  75987,
        54537,  59409, 130750,  75636,  10874,  71910, 135897,  67861,
         9718,  53484,  29820,  50442]), array([ 97661,  14042, 108666,  92782,  52522,  29672,  24354,  32389,
        75316,   8725,  87347,  91473,  88917,  82601,  17294, 107111,
       137296,  36391,  90425,  85079, 148932,  76642,  75550, 139303,
        17878,  17840,  51725,  17319]), array([ 70072,  42978,  25187,  49149, 116434, 150115,  45454, 116570,
        72249,  50795, 112002,  32507,  49258,  25913,  60080,  38891,
        72304, 152534,  15368,  45975,  83663,  60102,  84502,  57940,
       150241,  74277,  29271,  91225]), array([ 88853, 102838,  13067,  63948,  23205,  97552,  17202,  92734,
       126863,  35966, 149484, 111597,  54592, 149778,  37701,  53397,
       140416, 116942, 134560,  32681,  96497,  66683,   3171, 144598,
        66916, 153421,   2518, 136208]), array([102475,  59076,  20013, 100048,  11070,  43344, 122383,  51306,
        29209,  59495,   3925,  28544,  95429,  70428, 114741,  35778,
        31646,  24787,  88340,  94741,  17544,  64194,  93866,  38744,
        36858,  58804, 111778,  55293,   9174,  81078,  49015]), array([ 65254,  23306,  53431, 114975,   2963, 147657,   3381,  93476,
       108551, 106545,  50242,  95394,  31668,  37873,  14941, 113308,
        46685,    739,   1525,  50475,   5701,  40191,  45348,  21369,
        41568,   4915, 152744,  81407,  29291,  59472,  22218, 101526]), array([ 44863, 120270, 149468, 129810, 110531,  44653,  39769,  50824,
       116167, 139129, 123176, 109050,  91469,  83876, 102998,   4579,
        84894,  72561,  65352, 139443,  69411, 141703,   6177, 109333,
       130135,   5399,  82097, 122530,  70415,  36120, 103905,  61996]), array([ 85394,  44222, 145600,  66645, 100938, 139912, 120643, 128828,
       102198,  75463,  85357,  51817,   5908, 119513, 133296,  50034,
        75861,  41594,  81939, 152080, 148270, 152474, 136097,  82331,
       100904,  39318,  82581,  23981,  12078,  51055,  45729,  38958,
        93759]), array([149718, 114160, 101407,  16599, 100691, 110379,  70725, 139773,
       133472,  25835, 103715,  70626,    168,  15906,   9725,  73387,
        60543,  34398,  95416, 108255,  78725,   7759,  86588, 132747,
        33573,  69867,  40387, 126219, 124656,  94615, 113676,   5941,
       123974]), array([ 73989, 153414,  88913, 108276, 114837, 117077, 107936, 132247,
         1535,  89865, 118951,  61001,  25939,  43245,   5827,  79334,
        45928, 123216,  30913,  32778,  21373,  67396, 123152,  13611,
       143637,  79032,  58557,  51995,  92047,      3,   1265,  52310,
       125836]), array([145973,  32701, 114727,  31531,  88807,  24963, 143038,  22262,
       119283, 123190, 139235,  92656,  24635, 102610,  79593,  21957,
        36333,  48586, 113412,  90454,   6385, 104293,  20063,  77466,
        35276,  19044,  27054, 109321,  66373,  40812,  72934, 148000,
        33079,  63443, 130531,  37936,  98760, 142572]), array([102307,  51206, 105662,  76580, 132416,  66869,  73653, 123352,
        38279, 121115,  53450,  48216,  37071,   2643, 128409, 125160,
        16926,  77565,  17915,  54296,  95130,  25585,  85862,  60784,
        59082,  87163,  36017, 122374,  98948,  94296, 151659,   1453,
        14337, 115968,    838,  62776, 141660, 148608, 140974,  61885]), array([ 16078,  61105,   2430,  49209,  97133, 116310, 134948, 128386,
       148309,  92779,  78383,  83720,  82475,  11942,  78698,   6482,
        21858,  25789, 152812,  19335,  76922, 140169,  62525,  93260,
        62912, 126887,  80655,  34901, 129057,  11093,  59112,  54076,
        40573, 152679, 136004, 113222,  59006,  28227,  57703,  73928,
        29175,  49075, 106449,  92252,  24035,  32242, 119574,  47661,
       135003,  22708,  23079, 147643,  71391,  33623]), array([108391,    869,  53178,  72336,  88769,  13519,  64013,  20152,
         6424,   1320,  80036, 133421, 120490,  95790,  14577,  58856,
        62680,  12422, 148437,   7092,  24908,  72620,  95492, 144509,
         5588,   3434,  59399,  67406, 105378,  20831,  75647,  18799,
        39452,  91571, 133715,  78951, 133086, 101820,  69454,  60145,
        14448, 152651,  26915, 110733, 112396, 137603,  30145, 120460,
        18183,  28629,  70108, 147519, 115069, 100872,  79764,  30843,
        91806, 144567, 141056,  59964,  12050,  47719,  91339, 144221,
        11126, 111878, 107866,  87445,  70792, 129795]), array([127649,  93553, 132358,  29812,  96343, 111689,  38289, 105968,
       140368, 109940,  30570,  77859,  19777, 100799, 110710, 130596,
        78271, 147045,  79098,  36675, 146353,  17057, 138208, 128842,
         2169,  69398,  28898, 129312,  92536,  22055,  98771, 128606,
        70503,  24833,  88298,  22581,  55118,  30617,  16131,  37675,
        61173,  62371,  37878,  97159,  88781,  83696,  93687, 146839,
       123262,   7021,  95523,   4475,  64134,  23702,  29697,  75787,
        14755, 118697, 137076,  55371,  22746,  95993,  27186, 101392,
        10075,  41175,  20369, 146379,  87312, 132937, 144106,  10033]), array([ 57182,  33779, 134924, 124995,  94843,   6007,  90758,  45428,
        73146, 140145,  29437,  79243, 132068,  16448,  61675,  55886,
        44006,  15207, 109432, 138486, 141337, 138439,  65678, 102052,
        93495,  50950,  22404, 103711, 136939, 107369,  49548, 112179,
        60919, 123342,  31329, 102661,  17353,  72093,  91880,  61895,
       127918,  45232,  95748,  62297,   6672,  69218, 149377,  20685,
        68479,  36374,  64917, 101897, 127907, 135476,  83140,  84940,
        18798, 128308,  42465, 109415, 112086,  49736,  76876, 103609,
        18775,  25999,  77116, 127703,  47140,  29743,  55195,  30854,
           50,  29986, 119836, 113754]), array([137436,  15277,  76095,  97010, 146127,  66717,  96891, 124698,
       111932, 112127, 114742,  10898, 149658, 127766, 115529,  64397,
        59869, 110940,  48327,  49599,  76488,  24413, 114345, 153477,
       132352,  91000, 110305,  29010,  95488,   6474,  88124,   3043,
       132914,  19146,  46472, 119835,   2576, 133745, 124894,  35295,
        29463,  97963,  49132, 132047,  18231,  80298, 137609, 104092,
       117135,  21061, 129880, 123700, 131613,  63850,  37992,  55751,
        85030,  25124,  17523, 153707,   7590,  15531, 151126,  22092,
        74146,  57929, 135686, 131978, 152764, 111700,  21741,  69120,
        74066, 136763,  45801,  76833, 151800, 148838, 122540,  90458,
         9648]), array([ 54624,  91333,  25133, 126548,  93984, 132449, 115222,  66115,
       107857,  58435,  40260,  29416,  34857,  68374,  92171,  14830,
        53342,   9691,  57851, 104318,  92434,  66953,  97801,  14110,
        36221,  28335, 151195, 134282,  23215,  92912,  60062, 125484,
        17176, 124608, 143015, 122418,  57416,  68639, 141805, 153369,
        35996,  87610,  43810, 139567,  55913,  47727, 123083, 140950,
        58423, 150003,  25583,  26925,  43983,  12625,  94970, 137270,
        23452,  10629, 101579, 102803, 127222,  99316, 143597, 149665,
       145438, 108248, 112577, 105270,  23854,  21465, 110715, 138272,
       130170, 101997,  77525,  86873, 145435,  48382, 142169, 139010,
       111005, 101845, 109427,  31487]), array([  6846, 120699, 111734,   9431, 103508,  53889,  43285,  60088,
        20439,  13989,  11540, 139988,  83933,  89291,  99571, 113545,
       136987,  32855,  17442,  77273, 150894, 136296,  16756,  47636,
        18705,  79947,  57553,  97906, 115915,  16961,  20907,  44736,
        81136, 101092,  12935,  70216,  18773, 108483, 140236,  60674,
       127216,  41329,  71038,  76256,  27773, 112299, 116393, 152593,
        46653, 147295,  92959,  76196,  41563, 130760, 117051, 144010,
         2770,  89674, 147274, 101938,  61180,  15533, 135890,  52852,
       142827,  88795,  20128,  18519,  52267, 101331,  63020,  10255,
       135951,  84706, 101701,    905, 109437,  11707,    992, 153533,
        88752, 102132,  91958, 108268,  50191,  91475,  75935,  28547,
         8986,  79839,  17181]), array([ 38010,  98998,  74401,  90030, 106987,   2976,  73083,  42303,
       120300,  32325, 107636, 145610, 148920, 129396,  35022,  66719,
       131214, 146758, 150698,  48543,  14489,  56440, 101789,  97008,
       112746, 108510, 123204, 124082, 141794, 117416,  69394,  62875,
        56423, 113213, 145808,  48625, 127348, 135297,  52847, 135443,
        47515,  63461,  87978, 124782, 111604,  84668,  60104,  83278,
       150434,   7231, 114596, 137743, 117366,  42219,  89927,  84135,
          560,  59421, 104632,  36575, 142026, 121069, 150685,   5759,
       105994,  15389,  48321,  50801,    623, 141470,   1834, 152088,
        55143,  29562,  91170,  14086,  55720,  40077,  44984, 150012,
        70238,  19673, 148368,  52110, 102587, 130368,   6377,  97192,
        96677,  11470,  53199,  49200,  66452,  34865, 138822,  51791,
        56360, 147845,  88445,  78502,  18774, 113152, 111659, 129292,
        54386]), array([ 88188,  89015,  53211,  31826, 125314,  56025,  54974, 113805,
        65202, 128881,  90947,  22488,  13887,  52487, 136577,  80959,
        25236,  80379, 134700,  85302, 107628, 116327, 135301,  27565,
        22721,  48504,  48985, 124561, 141313,  18911,  77951,  64905,
        35846,  27721, 109579,  82779,  48821,  27489,  52096,  91102,
       110612,  89482,  60109,  63873, 136483, 152248,  72203,  24924,
       134474,  12197,  77027, 132275,  93728,  74252, 110912, 148054,
        57035,  88182,   6455,   5464,  53193,  78996,  66534,   5383,
        38006,  92101, 112408,  67495,  66559,  63482,  49766,  46932,
       104199, 126388,  52708,  90485, 120623,  19570, 115475, 141464,
       126406,  49127, 146243,  40728,   2622,   6443,   3880,  29301,
        32289,  57313, 149666,  40269,  40675,  69198,  88039, 110444,
        59506,  90643,  98596,  14118,  70707, 127436,  89895,  77360,
        65106,  99011,   2678, 114106, 114813,  22575,  28551,  99852,
       120886,  44942,  86548,  59968,  94083,  96358,  22017, 118652,
        92023,  11695,  59180,    871,  85297,  75527,  17517,  55792,
       129172, 114039, 118683, 125217,  20583, 133016, 142235, 145921,
       114114,  25859,  82466, 153590, 136474, 106252,  45295,  71748,
        66630,  43581,  36733, 114308,  56668, 116900,   1766, 102038,
        80656, 121776,   4559, 147528, 149169, 131305,  98889, 100902,
       104182, 109803,  88058,  18887,  47398, 134036, 112557,  27989,
       145257,  42382, 136132,  73867, 107269,  84946,  69931, 145002,
        11858, 117827,  83621, 138913,  29487, 128429,  81077, 129681,
       141834, 114705,  92395, 139347])]
shape of feat_train: (1539, 602)
Mean accuracy: [0.8430133371887086, 0.0032307288976046117]
