Namespace(dataset='reddit', dropout=0, epochs=400, gpu_id=0, hidden=256, inductive=1, keep_ratio=1.0, lr=0.01, method='random', mlp=0, nlayers=2, normalize_features=True, reduction_rate=0.075, save=True, seed=120, weight_decay=0.0)
size of adj_train: (153932, 153932)
#edges in adj_train: 10753238.0
Test set results: loss= 0.4640 accuracy= 0.9409
idx_selected :  [array([135190,  76367,   4638,  27132, 102772, 153131, 134396,  38924,
        99150,  45088, 104623,  13515,  61509,  50477, 151323, 100566,
        75044]), array([ 33926, 141720,  74673,  69489,  12304, 102418,  16915,  88011,
        85249, 121144,  14106,  66472, 140192, 114896,  92890,  74003,
       122624, 153754, 119167,  92982,  76843,  92310,  39579,  47293,
       100536,  29203,  69608,  73050, 107178,  38138,  71600,  84269,
         6972, 131733,  36847,  26072,  40494,  53126, 115304,  96645,
       109081,   7381,   8872, 136063, 108343,  48949,  70938, 113311,
        80465,  46610,  78351, 113985, 122539,  57969]), array([ 60912, 122848,  91386, 143061, 111394, 146218, 153240,  12527,
        10850,  31107,  90669, 107680,  87699,  31146,  48687, 142903,
        64822, 153415, 116071, 102590, 149120,  31952,  21762,  10695,
       108455,  40377,  60220, 117525,  64258,   4808, 103146, 149367,
       127947, 131056,  32777,   8038,  96263,  98605, 102830, 151056,
       135503, 119031, 117302, 103111, 110234,  84670,  42325, 126670,
       141233, 144103, 128054,  96178, 132140,  34140,  14855,  52459,
        96474, 138010,  47135,  84822,  55946, 140396, 134872,  89259,
        83885, 110063,  48540,  17902,  92293,  67795, 149959,  29773,
        94666, 117697,  63689,  73726, 130004,  13486, 107592,  83045]), array([ 77155,  75891, 142074, 101497, 113964, 109161,  49871,  75949,
        25503, 153248, 119112, 125799,  63589, 105088,  22058,  54555,
       128723, 110282, 121458,  87397,  90958,  44497,  56688, 130592,
        55697, 125871,  88380, 106443,  89242,  97940,  17059,  69894,
       113978,  69016,  84671,   5516,  82586, 144320,  39441,  36848,
       103189, 133067,  29279,  88767,  76801,  17216, 141090,  76906,
        65077, 119133,  88271,  40276,  50623,  11602, 106088, 109045,
       101762, 148734,  82074, 125032,  54399,  51876, 141934,  55409,
       111630,  33744,  26184,  85776,   8510,  63177, 124361,  76585,
        34064, 147912, 115630,   2289, 117096, 140031,  87032,  93928,
       100841,  56790]), array([ 28927,  87827, 150896, 150508, 129044, 112755,  98453, 119299,
       123541,  26834,   4275, 110436,  72997,   6064,  77625,  85998,
        27542, 124132,  91296, 120144,  46888,  75702, 143718,    149,
        55095, 142139, 132316,   6281,  95195, 118888,  89970, 142636,
       113413,  89053, 106577,  54662,  68663,   3095,  70783, 134521,
        35138, 111674,  61732,  79024,  28795, 148108,  72177,  81956,
        86786,  44065,  49525,  63512,  48960,  57073, 105840,  35000,
        63054, 104983,  37185,  43326,  54480, 146833,  50892, 147245,
        26075,  30571,  33789,  11204, 120516,  59359,  68256, 153865,
       153148, 115479,  92620, 110251,  11559,  94915,  45501,  33025,
       111832,  61258,  63567,  42414]), array([ 17879, 120334, 144745,  72820,  81979,  58947,  49452,  25324,
        76524, 101927,  75678,  13704, 108641,  61760,  86435,  85546,
       149142,  71430,  92312,  10469, 110392, 137873, 144370, 115199,
        80908,  88644, 130906,  10322,  45503, 147865, 120028,  38057,
       124311, 131995,  86601,   6032, 146276,  21766,  28740,  84967,
          421,  12734, 110712,  70102,  98662, 120902, 120049,  49022,
         4863,  65046,  85144,  41494,  24293,  19756,  99687,  95420,
        78209,  61006, 139447, 123317,  12208,  78692,   3636,  59490,
         7272, 136052, 139156,  24101,  12842,  24786,  83771,    645,
        94995, 125817,  42658,  69409, 109993,  68119,  45391,  42504,
         8066,  80720, 120172,  28172,   9874,  22301]), array([ 22157,  36178,   7007,  48692,   4120,  77831, 114806,   3064,
       120995,    399,  88843, 108609, 143713, 112511,  36793,  34141,
        89044, 150128, 133600,  68890,  15629,  12699, 134897, 103950,
       140759, 114152,  47984,  60697,  68473,   2777,  25163,  24537,
       118314, 136213,   6856,  92525,  70382, 152040,  27149, 149384,
        81709, 117576,  36743,  48086,  41673,  73681,  98571,  36936,
        63887, 119383,  14679,  93543, 120806,  79598,   4698, 134771,
        20263,   5009,  37302, 112728, 103884, 148047,   6081,  72205,
       122318,  48902,  10180,  30456,  40090,  55884,  71553,  98892,
        75721,   2834, 110096, 105544, 120455,  40026,  58414,  65601,
       145672, 127678, 115271,  38971,  49972, 115953,    133,  34025,
        82700, 117652,  82452,  94797,  24990,   8411,  77182,  64046,
        77752,  88172,  68787,  53518,  76098, 107390, 136839,  13596,
        84758,  16324,  84455,  73253,  95551]), array([136081, 115175,  76357,  67667, 113879,  36269,  80607, 113526,
        29292, 132739, 118326, 146563,  38395,  65035, 127181, 114174,
       100821,  36730,  29071, 133138, 124393,  68677,  39313,  39376,
       152020,  99105,  14930,  58074, 138944, 147037,  11923,  79771,
       147170,  44429,  73072,  32051,  91887, 111947, 132108, 118564,
        36728,  40127, 100987,   6001, 142898,  96653,  91498,  18144,
       120260,   7191,  29039, 130202,  38191, 115940,  24577, 113126,
        24711,  70141,  68107, 144134, 104781,  63875,  67098,  45371,
         6154,  35235, 106495, 122525,  96523, 140190, 111171,  19217,
        61269, 103443,  41521, 114320,  50406, 121337,  24966,  45828,
       141076, 149995, 104481,  18312, 100839,  42308, 106465,  26668,
        16812, 123023,  81298, 145967,  82921, 124365,  34663, 138885,
        63583,  56709, 112005, 122308,  61250,  30277, 110152,  50636,
        18601,  24044,  80459, 110229,  10214, 108872,  33768]), array([107528, 111638, 123621, 100850,    336, 134565, 101677, 114899,
        32537,  70026,  27409,  61095,   9282,  64186,  65332, 113086,
        14411,   9279,  66281,  72975, 136307,   8192, 111787,  61413,
        31350,  46225, 147782,  66899, 132965, 131822,   9537,  89757,
        39593, 119653,  93833,  61816, 120271, 119030, 116895,  53425,
        29516,  49448,  39270, 123779,  51119,  27734, 127084, 104739,
       140778,  60712,  34186, 115292, 126576,  37213,  59087, 108063,
        94483, 131849,  96993,   7998, 123947, 101650,  45144,  12900,
        22794,  80405,  26960,  74023,  31977,  60661,  97786,   3769,
       113049,  57881,  49788,  76526, 133562,  72632,  58899,  10645,
       137651, 117058, 122073,  40542,  76745,  37147,  62240,  75609,
        56430,  28758,  35910, 127561, 130799,  53783,  37410,  12538,
        80328, 127119, 146517,  55626,  75802,  53857,  36662,  51196,
        89329, 134239,   4668, 147129,  17899,  55355,  46336,    297,
       122573,  80118,  60465,  14753, 135738, 122925]), array([ 97306,  86420, 148931,   4363,  94140,  15991, 103460, 105711,
        62928,  70329,  48171, 123111,  41742,  73523,  63032, 111133,
         7899,  38755, 133078, 128910,  69633, 129857,  34184,  69301,
       133145,  99728,  93397,  10092, 137508, 115155,  35760,  55681,
       128032, 100806, 102285, 149567, 139369,  84814,  14109,  77596,
         7195,  33183,  12995,  12607,  47484,  75502,  83602,  77090,
        23338,  53287, 113124, 122211,  98784,  48079,  93661,  59886,
        96784,  82992,   8237,  36750, 136345, 128412,  92194,  67940,
        82364,  57063,  74822,  39181,  15237,  82511,  31391,   9460,
       123724,  51842, 110601, 146034,  67544, 124343,  47101, 117748,
        45282, 103549,  17593, 113609,  15769, 104857,  92588,  28670,
        62785, 123922,  91329,   5601, 135751,  88413,  65983,  46356,
       149024, 122139, 138673,  81322,  45264,  96765, 109293,  77019,
         3112,  23143,  12094, 117933, 122038, 125513,  50826,  73614,
        56340,  59628,  93422,   1117, 141795,  43005,  60576, 129364,
       118343,  32809, 152845]), array([145464,  40087, 133713, 120707, 137556, 134456,  90536, 111629,
        62100, 136863,  13335,  77922,  22000,  72172, 116636,  77943,
       107581,  96424, 132581, 112530,  43246, 136152,  45425, 143910,
        48976, 149931,  61063, 148434,  15350,  82468,  80659, 141596,
       109523, 152339,  51470,  73679,   4547, 114919, 143057, 107993,
       107197, 105363, 126910, 137000,  16279,  83163,   8334,  86561,
       146014,  69027,  22468,  59818,  83021, 109478, 103235,  62618,
       134664, 134818, 123299, 109889,  16942,  40838,  62764, 114443,
        28882,  68853,  27661, 153612, 110013,  86338,  31640,  61386,
        50023, 141785,  83783,  20151, 141031, 127465, 145673,  64329,
        70579,  38627,  53647,  27702,  33462,  57340, 100000,   1982,
       108851,  46783,  88551, 124803,  37594, 108352, 118283,   9767,
       109309,  40344,  63232, 134573,  59066, 132993, 111223,  77042,
       151108,  14124,  77411,  65950,    961, 150286,  12804, 112944,
       116382,  67824,  43667,  60448,  32498, 112923,  95961,  77118,
        93294,  72747,  65345,  92520,  40194,  55915,  48310,  12185,
       138405,  52885, 128862,  16255,  26006, 148022,  96824,  94910,
        78575,  46981, 132799,  18102,  66799,  89479]), array([119483,  75658, 125743,  67190, 151880, 137615, 150370,  14440,
       121600, 131113, 138667,  42993,  62361,  30696, 117710,  97915,
       138126, 152868,  56468,  60134,  47779, 134966,  76659, 134020,
        51764, 152464, 137930,  11564,  43593,   3027,  57166, 101889,
        11142, 109702,  98746,  33864, 106625,  92862,   1107, 111421,
        83483, 112037, 109824, 137305,   7659, 101540,  59302,  18707,
        95579,  89536,  70875, 106623,  40768,  69163,  48355,  38793,
        16014, 146256, 103777,  58934, 141166,   6711,  49897, 112106,
         4464, 125319,   6684,  54084, 146561, 137084, 100959, 126787,
       103319,  88822,  25051, 134987,  38275,    831, 146090, 102609,
        99892,  38167,  13925, 106874,  52061,  32598, 147426, 130882,
       152974, 124156,  92189, 115076,  22061,  58327, 102540,  29235,
        19189,  49385, 115657,  52660,  79879,  84683, 131650, 132368,
       139859,  87482,  36114, 146678, 100183,  74470,  20699,  12416,
        86416,  60183,  71950,  44547, 130561,  41123,  66352,  91532,
       114408, 116951,  18255, 146328,  98215,  98838, 138125, 117904,
       113274,  70008,  51389, 109018, 135038,   1361,  65430,  51521,
       127680, 126327, 112420, 141609,  27328, 150409]), array([ 48121, 144943, 135813, 125485,  90075,  60520,  37208,  31113,
        62755,  30528, 129537,  41322,  31072, 122044,   5804,  86991,
        42814, 138127, 108599,  52175, 145823,  23628,  47108,  76331,
        30256, 127523, 112414,  14568,   4211, 138000, 141476, 131468,
        50628,  14518,  35410,  53855, 141214, 147971,  44546, 125880,
       104995,   8494, 119610,  27496, 110564,  13128, 118023,  92159,
        28363,  41031,  88367,  21680, 110052, 103191,  57864,  62657,
        47738,  80999,  28426,  49743,  70259, 116312,  31430, 145911,
       146439,  52923,  68962,  77743,  35216,  20733,  14757, 138766,
        20264,   4696, 108389,  86986,  69251, 151915,  23424,  53465,
       105681,  82428, 100788,  97459,  72462,  43038,  95254, 115302,
       123996,  17215,  84195,  50136, 150358, 141271,  60906, 106219,
         4037,  93413,    326,  95251,  64245,  81894,  69830,  88379,
        24036,  18839,  49862, 107832,  56916,  78790, 152574, 135791,
       140092, 132797,  36294,  59061, 129894,  89274,   3227,  60978,
        66647, 105640, 133053,  98640,  17961, 144176,  38085, 132248,
        82455,  78425, 144769,  91224,  79082, 123978,  82770, 125117,
       129002,  57859,  33500,  62101,   2102, 153253,  74926,  45441,
        77496,    255, 103071, 140127, 138345,   9792]), array([ 86404,  83002,  18573, 128860, 125375,  65711,  43002, 113339,
        22452,  37849, 137412,  77318,  52866,  69323,  54598,  86778,
        44974, 106988,  50705,  10267,  88909, 135099,  78287, 147438,
        81590, 113735,  98550, 119874, 139521,  49035,  52296, 106611,
       146890,  68059,  56720,  93753,  37895, 134558,  66082,  30014,
       119933, 146121, 149272, 135272,  63130,   7299, 153128,  23644,
        46123, 141499, 150009,  69842,  84283,  12264, 113495, 120612,
        80292,  55698, 135174, 101755, 116207, 108400,  11250,  12106,
        31472,  68299,  95948,  92710,  72709,  47572,  53046,  42031,
        14956, 108999, 133928, 147287,  47679,  68156,  85823, 148115,
        38796, 117817,  23103,  80026, 110068, 124317,  66804, 151831,
        55410,  31727, 141103,  70551,  36432,  82408, 133224, 118466,
        52924, 111222, 104431,  76681,  69321,   8630, 132596, 103987,
       126814,  88261,  96843,  40304,   5348, 117232,  41635, 145674,
        32635, 142488,  15229, 113329, 104979,   8608, 151101,  46990,
       130841,  72895,  10978, 104751,  18652,  68189,  97358,  96445,
        25839,  75997, 109491,  37327,  33233, 102875, 122316,  18901,
       119476,  73729,  16430, 128456,  85078, 123355,  56861,  24249,
       127859,  62761,  15990,   9324,  14253, 107162, 107819,  76892,
       125680,   9524, 136707,  66718,   5520,  26531, 129340, 130229]), array([ 20417, 109564,  53003,  30222, 148165,  55117, 142773,  69224,
         9647, 100466,  44077, 142127,  31596, 106238,  58244, 130657,
        25719, 121640,  14330,  63601,  77697,  54110,  45603,  50311,
         2269, 136865,  44626,  83650,  14301,  79573, 149552,  53296,
        47436,  75227, 140078, 118461, 101081,   6621,  65062, 145243,
       109851, 117308,  47300,  76147, 118672, 107974,  39366, 124404,
       117706, 143630,  60749,   6185,  52965, 148985,  35434, 110631,
       149820,  19323,  79886,  59154,  41306, 140411,  75729,  87979,
        30639,   7624,  82489,  61484,  99650, 146847,  79335,  40379,
       150138,  30283,  87934, 136051, 102131,   8650,  27853,  86332,
        94788, 120037, 139997,  14458,  32646,  90686,  34270,  20619,
        29911,  63614,  88707,  55037, 111416, 135017,  58699,  84291,
       146593,  18562,  47399, 133808, 125602,  93909, 117926,  62137,
        54060, 100887,  62499,  99586, 125912,   7756,  82757, 104593,
        14220, 100576, 116011,  61157,  83453,  24095, 105459,  93902,
        26373,  11590,  97741,  22982,    940,  61102, 145130,    284,
        82837,  47372,   1614, 121132,  62089, 101400,  20881, 146333,
       150393, 149389,   4609, 153022, 126566, 121553,  17147, 146013,
        76845,   7870,  39532,  22979,   1362,  15453,  75221, 148182,
       137662,  18816,  51148,  79013, 129870,  11451, 145794, 131899,
        75146, 150591, 127881,  14681,  99261,  28145, 141902]), array([116576, 109040,  37591,  93834,  65223, 113664, 137682,  84267,
        72453,  42796,  79446,   2824,  68859,  66586,  25173, 134340,
        76128, 109597,  55831,  93325, 125562,    287,  71288,  32707,
       126266, 132811,  47463,  45873,  48605,  31214,  63619, 112731,
       120778,  47611, 105812,  10799,  72695,  56184, 119973,  82120,
        65493,  99158, 123584,  79145, 115057,  57835,  22883,  63953,
        37497,  26292,  89868,  43995,  25300, 141208,  20899,  10697,
       113344,  97462,  51344,  70822, 133468, 147904,  23426,   9766,
        60535,  73323, 135916,  73037,  16224,  16344, 116618,  65466,
       120608,  20221,  34008, 116189,  79888,  68075,  98734,  24671,
         5868,  86954, 150778,  52854, 130006,  19034,  60527,  70617,
       117110,  30361,  91682, 150245,  81260, 119871, 133221, 109918,
       138408, 135236,  98821,  68429,   1145,   7536, 106893,   1751,
         3350,  32906, 135051, 104962,   3110,  56964,  46424,  98966,
         7016,  52028, 152181,  13565,  24051, 131349,  89566,  34692,
       105912,  42622, 117408,  69499,  21547,  96866,  90871,  86604,
        52844,  77763,  13903,  31607,   5170,   7408,  27461,    911,
        22098,  66657,  15123, 113594,  88014,  14819,  31027,  81008,
        78117,  65021,  30999, 126140,  66772, 106845,  92880,   4963,
        42479,    503,  74416,  52146,  46949,  98993, 100390,  62130,
       118865,  49754,  89412,   7691,  63769,  15021,  69722,  95163,
       144781,  79296]), array([ 13025,  42591,  73118, 125729,  38192,  66090, 100410,  28829,
       129217,  36332,  87436,  59305, 147442, 122106,  40156, 143782,
        16088, 128061,  15215, 111048,  72606,  98879, 129458,   8267,
        36479, 124778,   1802,   7056,  88332,  92149,   6544,  13326,
        32710, 138298,  88778,  11751,  69896, 134741, 103428,  22398,
        96078,  31224,  49847, 118759,  87118,  42777,  30638, 145947,
       135321,  26207,  83334,  55066, 149234, 152312,  21803, 153724,
        66793,  81011,  99713,  65753, 123819,  10827, 131769,  67342,
       131941,  19342, 102555, 105039, 143025,   9107,  45036, 133983,
       146805,  49992,  88078,  52737,  66613, 124310,  77731,  37151,
        82070,  41105,  13088, 148236,   7848,  17813, 126470,  68438,
        32103,  92122, 136618,  29915, 129510, 133164, 150597, 119085,
        95004, 121334,  80333,  22403, 122536,  50949,  99919,  69646,
       150447,  57327,  13669, 144026,  37067, 127377,  57029,  13588,
       108963,  85381, 152634,  70068,  30220, 137047,  72788, 104463,
        76513, 100579, 104518,  32955,  35193,  58342,  29574,  46603,
         7704,  81250, 147810, 143237,  63184,  63685, 123838,   2882,
        96637,  87012, 127232, 127580, 117002,  63677,  73879,  65693,
       139083,  45068, 131096,  84289, 148310,  46837,  53020,  13323,
        36526,  23273, 120963, 108461, 149249,  91476,  12749,  72467,
        29563, 100842,  69390, 153740,  34524,  58508,  28924, 126032,
       150297,   2839,  80071,  79332,  33010,  86971,  14866,  14063,
        20214]), array([ 44537,  68204,  45759,  85240, 130445,  76830,  92649,  92594,
        35840,  93977,  89140,  40192,  52279,  30901, 130059,  52100,
       130329, 147923,  95426,  76947,  57347,  45818,  14206,  21578,
       120450,  27583, 121245,  95191,  34092,  83639, 128682, 147685,
        82783,  28003, 127215,  59961,  64982,  91917,   3784,  67576,
        22385, 127635, 118791, 115974,   6065,  88436,  24292, 106863,
        17153,  85789, 130062,  51712,   8643,  14952,  65384, 120668,
       144243,  23265, 140314,  18913, 141836,  70006, 133663,  59150,
        46238,  54658,  84968, 151830,  68768,  99408, 149293, 122397,
        96650,  30770,  87104, 139907, 120860,  58345,  86672,  69939,
        76763,  38478,  15880,    605,  62290,  98169, 129381,    824,
        96165, 119907,  25806,  83184,  27791, 119208,  81296,  12063,
        34777,  78723,  27176, 153383,  72418, 127723,  60843, 127168,
       119132,  74283,  22035,  83349, 132050,  21976,  89983, 150418,
       125516,  96642,  60083, 151736,  30164,   2192,   4060, 141511,
        73447,  92025,  12216, 110330, 129105, 131962,  59541,  99888,
        30462,   6107, 106150, 113142,  37498,  28476, 137171, 123997,
        30009,  52814,  17646, 113445,  95747, 115075,  66742,  53871,
        90194,  96200, 114824,  49894, 139170,   5971,  65818,  16804,
         4442,  96614,  89075,  66858, 134028, 104355, 115628, 112349,
       137724,  26881, 117608, 129902,  65804,  67067,  99912,  94005,
         4612, 147952, 140583,  58088, 141925,  19340,  63993, 149606,
       131366, 124571, 124218]), array([ 73014, 149575,  86034, 110277,  35578, 135134, 114879,  18290,
       123132,  36745, 138862, 108323,  96974,  70269,  61155,  51264,
       101879,  85647,  34448, 102348,   4998,  84961,  37979, 151968,
        64066,  95892, 114063, 135785,  36418, 128954,   4874,  81174,
        19581,  63535,  32297,  83362,  49003,  11329,   3016,  65898,
        91626, 118152,  71871,  42174,  50174,  24652,  12796,  78776,
         2558,  37368, 138899,   4694, 102143,  83135, 115310,  82248,
        87218,  30261,  12302,  28627, 105919,   7449,  75489, 107107,
        30130, 105104,  66536,  96644, 135427, 147079, 151447,  22771,
        81670,  42409,  35802,  46351,  65582,  41462, 112196, 132212,
        40889, 143034,  84342,  42757, 135878,  91183,  93269, 115759,
        69745, 145188,  43168,   7138, 110437,  82069, 145279,  10527,
        98232, 133445,  88643, 133223,  42191,   9566,  71448,  58988,
       145302, 130562, 114300,  91947, 150100,  57953, 116019,  62450,
        17385,  84423,  68015,  22530,  42985,  51532, 126345,  46518,
        89424,  79090, 113067,  73755,  11549,  31122,  27204,  49091,
        71985, 146186,  78520,  40265,  21823, 111997,  50045,   3764,
        71457, 151999,  82559,  65779,  72760,  59689,  87558, 151897,
       138297,  22360,   6066, 151587,  52182,  88228,  99584,  72670,
        33316, 144938,  52326,  17979,  40776, 136425, 127863, 142016,
       153909, 125193, 149037,  10191,  10052,    294,  88101,  82905,
        70278, 127400,  45166, 114635,  75469,  54251,  18159,  79141,
       129933,  87725,  89605, 147203, 138060,  71376,  85366,  12678,
        82762,  97808,  62892,  62840, 115423,  69572, 136964, 120018,
       114680, 134704, 116704, 103538,   8470,  81333,  38412,  65226,
        41867,  14044, 140240,  44072, 135896,  88152,  51404, 138426,
       121578, 102189]), array([ 67783,  61120,  70564,    402, 136628, 127595,  28777,  13328,
        52596,  67075, 140745,  52493, 139433, 124167,  17188,   8435,
        14826, 150349, 106464,  47021,  76310,   5706, 119974,  98697,
          204,  36304, 151803,  38856, 144374,  26565,   2795,  63299,
        42422, 149374,  81256,  56309, 119840,   5121,  12870,  82903,
        45805,  12863, 102519,  28450,  61508, 124702,  40034,  65170,
       129919, 141205,  35839,  96978,  41392, 144626, 123967,  61440,
        12744,  93445,  40689,  26530,   5347, 114118,   1814,  93671,
       142541, 138605,  30268, 123094, 116734,  47647, 101906,  93393,
        59404,  80890,  71901,  39798,  37530,  87648, 135846,  12183,
        31935, 131734, 126011,  15519, 135074,  44071,   4142,  34673,
       144005,  17332,  72515, 152785,  18192,  32315,  48685, 111324,
        69074, 133695, 127967, 106233, 115762, 111525,  10715,  16696,
         9656,  27526,  44685,  70146, 148466,  92386,  20774, 123678,
        73807,  73393, 131147,  44697, 144932,  19940,  35321, 147434,
       150046, 111578,  26451, 128992,  57112,  43444,  52560,  71996,
        77051, 139774, 125128,  49104,   9335, 110018,  37919,  44279,
       102584,  80640,  83949, 131004,  96680,  46875,  31882,  46623,
       141690,  13648,  92869,   6758,  44868, 132192, 112929,  12240,
       135148,  87140,  51628,  39230,  36700,  44232, 130681, 148178,
        90167,  70587, 133820,    417,  42583, 110579,  80331,  20389,
        55403, 111782,  58308,  78093,  28964, 132690,  70010,  55584,
         2842,  45117, 121729,  30918, 141861, 106745,  91094,  70856,
       101159,   7580, 124072, 147758, 115009, 137147,  65273,  29340,
       113701, 137554, 119156,  15809,  18471, 144301,  82203,  41597,
          704,  39937,  80971,  39487,  71954, 107042,  91777,  54256,
        55022,  22839]), array([102241,   2907,  62813, 119338,  98061,  28959,  26470,  19590,
       115725,  14256, 116413,  11121,  31544, 106573,  92181, 113548,
        61642, 120930,   2343,  66626,  37504,  42199, 142865, 135692,
        56158, 107325,  47600,  36144,  55976,  62305,  92160,  84009,
        82430,  21033,  75215, 147428,  13953, 141786,  83701,  10642,
       104748,  14964,  60238,  86930,  95020, 130707,  92344, 116029,
        81776,  55233,  22191, 153706, 119692,  73365,   9471,  31691,
         8534, 122340,  77898,  95827, 126752, 109614,  30489, 112911,
       100540, 135923, 102649,  26717,  14895,  45951, 118274,  19420,
       138022, 118050,  17869,  87688, 146652,   7335,   8708,  95435,
        28823, 111246,   1829, 143709, 124286,  96933, 125603, 152807,
        23176,  86881,  51905, 125272,  96639,  29223,  67722,  40389,
       141541,  37579, 151290, 113140,  71140, 117665, 112858, 119595,
          859, 122387, 147699,  54859, 107164, 136529, 111999, 130941,
        37246,  60457, 128701,  21275, 103129,  78961,  59983,  39859,
        33817,  56619,  90653,  70705,  97592, 130997,  64676,   6043,
        69488, 147139,  21276, 102135, 141965, 118896,  55367,  28060,
        76946,  59409,  39681,  73719,  97012, 130056,  94263, 107743,
        37316,  63898, 146019, 129229,   6965,  16864,  93392,  75190,
        42054, 145402, 105182,  35827,  39217,  94993, 111052, 128749,
       110729,  20538,  87324,  60196,  40166,  73211,  93354,  90624,
       118840,  19414, 145681,  91768,  41485,  27040,  40105, 136428,
       127786, 141180,  16363, 149739,  25762,  80077, 128634, 114674,
       107572,  43989,  25722, 105314,   1858,  16260, 144278,  57345,
         2152, 117729,   5877, 146368,  22555,  85318,  18357, 104693,
       152739,  27771,  44117,  47805, 147327, 121326,  25647,  38105,
        69480,  11172, 102061,  52753]), array([146481,  63800, 108115,  83041, 100456,  57875,  39319, 133085,
       112945,  93407,  33069,  11149,  37337,  68154, 117572,  50516,
       143555,   2935,  51659, 122738,  42313,  95342,  42951,  73829,
        26993,  35638,  84368,  15993, 101661,  27147,  55498,  71379,
         4728,  13971, 151802,  59989,  76019,  12816,  95216, 120302,
       150514, 101679,  24017,  87318,  54435,  41334, 106797,  43242,
         7549, 152945, 112047,  89238,  77316, 153074, 116812,  61770,
        77327,    150, 107611, 122137, 100899,   9796,  82296,  84450,
       133235,  28940,  27421,  92227, 105820, 134698,  77080,  18441,
       132048,  59274,  58920,  67222, 135630,   5668,   3273, 140319,
       111466, 115489,  69908, 131182,  29493,  40902, 151600,  18036,
        49526, 140443,  44614, 140144, 111621,  98185, 145519, 102676,
        29530, 117273,  50170, 125394, 111574,  25603,  15721,  87420,
        51492,  62725,  31511, 135676,  24117,  50992,  32224,  73996,
        50652, 152239,  57307,  83982,  11207,  81929,  58994, 115433,
       146290,  20409, 105776, 119639,  53362,  15923,  44179, 147846,
        24171,  92591,  44168, 101868,  99328, 148854,  99810,  63170,
        50731,  10821,   3521,  47285,  52522,  13238,  68192,  86058,
       108666,  26209,  22358,  36996,  98588,  56915, 111071,  64779,
        33182, 114337,  17173, 140462,  41239, 152670,  28792,  75904,
       108863,  59268,  46028, 102390,  23951,  13107, 150655, 123666,
        36975,  26758,  84146,  76500,  33224, 127491,  85981,  44849,
        62187, 145609,  77597,  76279,  91191, 142826,  82622, 111183,
        46427, 103647,  62280,  72519,  73741,    299,  15504,  22257,
        49084,  23956,  31844, 135320, 140561,  50065,  56370,  50033,
        28830,  15974,  69327,  87373,  72563, 145031,  62354,  57666,
       100890,  81499,  40437, 112130, 123480]), array([111603, 119683,  28915,  15273,  74147, 150603,  24328, 135343,
        46004, 131097, 149907,  39359,  17241,  14293,  22127,  11673,
        42128, 151960,  12198,  64023,  60736, 100967,  62708, 100681,
       104860,  94389,  79748,  40706, 109619,  69965, 144788,   9309,
        83328, 124646, 125351, 147233, 131218,  79129, 130352,  96691,
        32973, 133312,  22057,  47664,  86535,  10871,   1915, 125355,
        23292, 138580,  89979,  86782,   9932,  51949,  10019,  84951,
        65925,  56908,  75917, 113713,  52816,  55795,  23652,  14562,
        71107, 103404,  97771,  75863, 111161,  52752, 137066, 134224,
        17379,   3113,  91578,  10698, 137901,  36919,  87189,   9225,
       117022,   6914,  39013,  97752, 147797, 101945, 149109,  48980,
        33387, 144089,  18593,  11966,  94457, 130910, 122725, 115745,
           43,   7359,  16025, 118306,  59458,  88839,  24447, 151184,
        70209,  99777, 144839,   4095,  45080, 153602,  95266, 118242,
        69889,  33998, 108535, 121264,  36522,  58848,  68456,  33115,
       143554, 113766,  43174,  72266,  50328, 141106,  58860,  28747,
       129357, 144725, 100997,  44047, 136210,  26106,  92043, 107870,
       143743,  56549, 104562,  95589,  25725,  22701, 144453, 117589,
        43574, 149519, 108531, 125515,  82679,  28012, 144487,  83744,
       124346,  28376, 131228,  10142,   6046, 148414, 110363,  93877,
       121604,  75710,  91438, 133922, 117635,   2340,  11829, 143308,
        36411,  61931,  38297, 119586, 142176,  44704, 143468,  74718,
        81858,  20863, 151118,  14739, 151147, 103173, 136481,  10277,
       117531,  11463,  80316, 118213,  98621,  27986,   7584,  92360,
        66618,   4246,  36189,  80235,  47654,  85935,  10350,  20532,
        87754, 140139,   4315,  84196,  34001, 123371,  76284,  23329,
       136889,  68102,  24644, 153156, 116342, 148469]), array([ 22582,  43479,  84106,  35622,  78358,  68451,  57300,  51423,
       141359, 136866, 137518,  32761,  60358, 145701, 145652,  25837,
        85266, 107027, 124922,  60518,  33163,   5999,  36613, 149029,
        60059, 122955,  60606,  41677,  50057, 115552, 145068,  13417,
       128868,  91627,  71125,  22078,  81920,  19259, 135318, 113973,
          335,  24087,  32112, 121568,  50213, 109149,  68120, 105896,
        71427, 150292,  18382,  22992,  78437,   7399,  31321,  23641,
       146988, 130839, 103782,  64035,  37681, 144992,  58575, 131075,
        10399,   9077,  55080,  50515,  19109,  85916,  76172,  62038,
       109334,  95915, 152636, 103333, 139602,  92571,  11063,  99120,
        15202,  99619,  23008,  95628, 127459,  87082,  20937,  81437,
        41844,   2473, 103678,  81071,  38633, 149427,  82095,  70532,
       110666,  24598, 136723,  36788, 119346,  25538,  37355,  11994,
       104000, 139632,  64196,  14588,  40848,   6833,  61410,  32681,
       127419,  93300,  87803, 113640, 146723,  13524,  41587,  51195,
       139372, 112364,  39215,   9597,  53297,  37224, 112951, 146424,
        81612,  10404,  94251, 143286,  43776,  85661, 106982,  84843,
       107150, 117000, 128430, 125755, 147622, 145807,  79828, 128536,
        46909,  50913, 115503,  41656, 130219,  51100,  54447,   6509,
        85635, 108421,  16466,  89173,  79827,  51699, 133672,  45165,
        41565, 121948, 148423,  40419,   4291, 138853, 127694,  60878,
        48568,  23915,  47576, 126979,  95477,  39953,  94868, 123814,
        10326, 115138, 123419,  26267,  87353,  82420,  15661,  72806,
        46634, 147244,  59861,  88619,   4716, 140416,  92350, 127957,
        46645,  19941,  69041,  34435,  28878,  12720,  32187,   4634,
        60783,  25105,  27905,  93371,  25712,  13718,  80287, 106576,
        53028,  77535, 116917, 119829, 124842, 147092, 126458,  87409]), array([ 25488, 109835,  21850,  27555,  43657, 148729,  33560, 136745,
           56,  77210, 125574, 131698,  47264,  34520, 128894,  22902,
       111041,  70086,  30881, 149353, 122837, 111743,  13432, 132220,
        28262,  79358,  98320, 153246,  15312, 103914,  17962,  42717,
        74137,  59495,  53303,  14475, 105479,  44566, 121677,  35592,
        88852, 132791, 150792,    952,  17999,  41390, 108909,   5647,
        95757,  93337, 130495,  78686,  22165, 146362,   2552, 119675,
        94585, 107249, 118663,  57471,  41837, 131755,  36234, 100600,
         5884, 146493,  53141,  39228, 150917,  92750, 133955, 153021,
        74882,  19169,  86040,  91464,  74235,  90721,   5564,  49500,
        59452,  67398,  80903,  41766, 105042, 139391,  48334,   8360,
        77121,  83697, 153906,  18237,  36698,  67616,  55166,  48883,
       138988,  76031, 114286,   9142,  98288, 153668, 151592, 126113,
        42826,  97064,  79192, 111202,  69774, 124857,  40115, 117988,
        77456,   1484,  85951, 150144,  19069,  96051, 147484,   8846,
        31991, 116466, 104205,  97480,  88476, 117080,  72746, 126623,
        16358, 152898, 122643,  81224, 110302,  86256,  24345, 131152,
        84754,  41916,  19208,  87470,  26778,  13017, 142640,  40203,
        58334, 132723,  49557, 136561,  66681,  62682, 104690, 113052,
        85695,  68426, 104971, 140538,   5410,  79119,  51328, 127757,
       144962,  92931, 137715, 123151, 137767, 128784,  81035,   9119,
        65557,  38636, 111650,  94016,  79742, 147868,  25019,  90897,
        38705,  26923,  23529,  48873,  94327,  75825, 120435, 150258,
        77694, 107366,  59662,  53131,  68722,  69816,  35171,  35510,
       112859,  95610,   9174, 130891,  62826,  45933, 100400,   7723,
        90116, 117842,  23170,  33764,  90407,  57206,  76963,  19722,
       100693,  17854,  25955,  66447, 152394, 124284, 139322, 152780,
       108091,  89545,  13339,  64607, 151129,  31041,  78804,  19664,
        65799,  43055, 127468,  69234,  10995, 106113,  75105, 108246,
        71373, 108592, 102839]), array([ 23302,  18294,  71791,  24094, 102127, 147726,  45217,  65953,
        43991,  94650,  27394,  66252,   7547, 115556, 113340,  68397,
        31360,  34324, 153020,  21664,  72927, 105118,  73278,  85689,
       127289, 146766,  66863,  18919,  78497,  64480, 127833,  74841,
        15205, 121761, 139469,  67260,   5385, 147076, 142327, 101560,
       120309,  31238,  72105,   6905,  69554,  88311, 141411,  58844,
        45114,  14610,  81030, 124068,  77471, 124944,  69040,  17466,
       149149,  91035, 139219, 133697, 136876, 102878,  33124, 127941,
        28947,  91446,  29291,  20226,  71428,    739, 135587, 151478,
        43377,  68795,  77371,  13440,  69558, 151970,  53965, 130246,
        45541, 144879, 103046,   9258, 110627,  35651, 120758,  13480,
       140972,  78749,  96357,  14996,  23306,  43757,  43402,  44097,
        92405,  77717,  30362,   6299, 106941,  33518, 116852,  85044,
       103801, 151914,   5271,  79221,  55471, 114691,  79915,  20320,
       150843, 120025, 142507,  56774,  27488,  58607,  82269,  99079,
         5964,  51118,  37164,  72977, 137089,   1928, 118932,  51058,
       128276,  83898,  17452, 115868, 140442,  76235, 142692, 149375,
        32848,  56197,  69370, 108278,  82432,  12806,  19884, 136102,
        42885,   8165, 125220, 125411, 132861, 132362,  73463,  47856,
       152323,  85796,  54902,  18936, 123839,  47137, 100835,  79252,
       115105,  39711,  69884, 128333,  23001,  49463,  25782,  49513,
        43846, 138185,  43037,  48197,  44858, 128952,  67139,  91866,
       152630,  88660,  28913,   5073, 149534, 140742, 105409,  29969,
        11453,  54931,  97446,  74385,  30597, 104004,  75775,  42048,
        70981, 108800,  82901,   1057, 144799,  79971,   3236,  63882,
       103060,  74889, 124402, 124001,  22218, 122085, 129468,  58744,
        45580,  17267,  61275,  41640, 118166, 101614,  53560,  79820,
        97182,  57254,  84262,  23902,  87607,  65931,  58687,  53376,
        44112,  21170,  39206,  92687,  83715,  72932,  21146,  50687,
        18681,  70620,  48468,  15952,  85408,  78526,  47841,  33977,
        88518,  20033]), array([ 16332,  66940, 107775, 150195,  90379, 129787,  26576, 106155,
       149333, 121750, 143786, 132193,  39941,  53471,  56204, 121542,
       120505,  53481,  72353,  99047,  25771,  54551, 121420,   3077,
        35861,   2481,  71445, 133038, 129470, 122892, 139492,  93700,
       150066,   8387,  75266,  45050, 147681, 123676,  79554,  56930,
       112520, 136940,   3006, 147265, 137638,  48129,  36093,  91113,
        88780,   1511,  34207, 120755,  93571,  34130, 115174, 120282,
        67706, 149649,   3117, 151176, 130449,   9387, 132433, 142681,
       125907,  13778,  81422,  74789,  62646, 146324,  68803, 124425,
       130426,  34404,  71510,  57727,  74908,  69643, 112938,  87473,
         9425,  70415,  87404,  95581,  62266,  88127, 138009, 121765,
         7529, 131648,   9640, 110517,  90427,  69135, 141115,  21186,
         2961, 137025, 151740,  36993,  58210,  40257,  60123,  63128,
       130081, 139673,   2629,  82906,  51493, 129837,  91190, 118298,
       137822,  56072, 106429,  53995,  78551,  93960, 146031,  93531,
       129282,  64563,  48104,   3699, 113756,  58495,  49705,  23781,
       105333,  98616,  57714, 105033,  51193, 141816,  26610,  37765,
        13567,  61641,  40098,  48638,  21628,  85715,   3061, 153745,
       150275,  16587,  56500,  28574,  58592, 129316,  40152, 120541,
       150202,  94677, 122256, 105468,  53245, 104030, 145692,   7027,
        46255, 113717,  33052,  80212, 132761,   4774, 110916, 104637,
       117032, 137353, 122311,  98768,   5783,   4059, 110862,  40592,
        89864, 144779, 105653, 108766,  84644,  57264, 145809, 107696,
       136875,  34820,   9638,   1155, 136514, 130827, 128945, 133685,
        94161,  19145, 145642,  70110,  70143,  32140, 114028,  83739,
       130296,  76371, 108689, 108932, 145040, 133505, 153126, 111059,
        96558,  16143,  24140,  94809, 136709,  52311,  62627, 144391,
       118455, 140973, 114177, 140668,  14188,  27527, 133008,  43006,
        36961,  48200, 118984,  51392,   8637,  19460,  66442,  28770,
        94512,  39904,  88855, 149818,  94988, 112049, 110372,  48015,
       119743,  11600,  30772,  10793,  18030]), array([ 51320,  40480,  56693,  80542, 138736, 103219,  94764, 130887,
       126133,  56609,  53359,  48090,  90651,  42560, 117759, 132279,
        21674, 144869, 132874,  21046, 116586, 145578, 153037, 148934,
       122934,  40521,  96094,  43744,  83083, 123904,  70078,  63773,
       135153, 103762,  40502,  87174, 122761, 110594,  16027, 131015,
       109738,  21707,   4217,  96635,    148,   3322, 149661, 121793,
         4451, 121494,  97436,  83984,  81957,  93460,  57084, 147489,
        49106,  15103,  87191, 133801,  89887,  14265,  87707, 101016,
       107526,  50573,  53637,  16489,  90840,  21727, 126385,  34481,
       123139,  29994, 151641, 152429,  35399, 106664,  39350, 101880,
        68629, 112063, 145687,  44622,  61995,  49597,  82072, 106771,
       118018,  82246,  45992,  53632,  42556,  82751,  55890, 101751,
       126258,  27967, 121162,  97610,  53187,  47343, 116768,  70656,
        26796,  29000,  99717,  53877, 122888,   9501,   3141,  88590,
        37826,  15357, 127158, 107937, 131855,  76154,  58437, 137639,
        23981,  98890,  53146,  11604,  70179, 122545,  46323,  46957,
         8959,  30100, 107144,  85483, 134235, 144812, 146909,  80153,
        67965,  72965,   9072, 105284, 143931,  96943,  77425,  61421,
        20455, 140488, 147111,  55736,  63200, 127170,   6963, 117341,
       100120,  53969,  79486, 141473,  91841, 108386, 112603,  13374,
        56050,  41576,  44735,  27015, 113693, 147277, 125370,  97811,
        48231,  71488, 127125, 110750, 128248,  40814, 136647, 131062,
         6765, 120643,   6996, 141655,  35650, 103056,  74391,    364,
       100938, 113671,   7901,  30933,  45693, 132834, 116497,  36070,
        52633, 144868, 135121, 131507,  54816,  56327,  36421,  97911,
         5285,  89877,  83878,  91454, 129820, 134824, 103077,   9199,
          293,  85394,  82763, 104537, 151619, 112719, 139634,  90143,
        73490, 150744,  27595,  32100,  62034, 148835, 151771,  28268,
       111478,  42969,  98907,  67296,  13835,  78998,   3706,  39082,
       119655, 109769,  47309, 109401,  74425,  37222,  71522, 148831,
       120040,  29514,  78298, 139495,  77555,  65873,  79571,  86101,
        80886,  70284]), array([ 87136,  65232,  31293, 144019,  70929, 147628,  19202,  25581,
       102360,  55106,  94576,  98674,  64678,  91052, 106996,  10185,
       121384,  44583,  66202,   5561, 141730,  51816,   8480,   1723,
       101253,  64235, 127271,   1389,  44714,  65807, 135631,  91536,
        32091, 123974,  61989, 130975,  35333, 105514,  44838, 134117,
        49570,  80487, 132602,  20019, 115645, 124711,  59561,  19696,
        45121,   4601,  55292, 123999, 124620, 121949,  95497, 137504,
        55327,  59507,  36081,  14907,  58310, 131588,  68155, 118026,
       100428, 131110,  85590,   8891,  79917,  63081,  49792,  43936,
         5018, 149671, 111225, 150437,  98682,  51689, 117658,  18323,
       130477, 102458,  66326,  54751,  88690, 107629,  71668, 109639,
        66707,  87428, 137254, 111299,  67513,   6961, 131544,   6331,
        51405,  68588,  85337, 107309,  10342,  89700,  54866, 105730,
         8845, 117482, 101961,  41443,  78758,  48229,  71463, 114365,
        75155,  45915,  21840, 149111,  91278,  12745, 103139,  18977,
        64566,  16398,  42065, 137367, 140700,   1797,  66408,  78477,
       142248, 126797,  24145,  37159,  12347, 127333,  48176, 114447,
       106277,   5388, 150528, 136984,  16720,  71544,  65821,  66297,
         8636,  35951,  44785,  10513,  76464,  87139,   4670,  98909,
       143037,   6717,  65102, 152087, 139149,  14082, 136653,  28108,
        95465,  49713,  80167,  90769,  45895,   2318,  38670, 131672,
        17849,  50187, 119347,  86851,  26626,  14999,  79387, 150116,
        90781, 120009,  98693,  57056, 111063, 127351,  14492, 125400,
        23081,  26133, 108838,  82932,  89630,   6520,   6138,  22255,
       147240,  19948, 140982, 134359,  37424, 118002,  64937, 100658,
       109049,  64726,  31644,  85937,  24199, 120226,  56807,  77132,
        17065,  70871, 145649,    727,   8508, 117913,  47142,  14069,
       123198, 129766,  99131,  87035,  80429,  80195, 107794, 135876,
       147610, 124428,  46099, 130189,  60047,  17334,  70864,  92461,
        82902,  61672, 142120,  43909,  76804,  78294, 152417,  48464,
       140946, 138145,  16350,  99067, 117783, 120276,  71381,  22563,
       110201,  73387,  70626,  32604,  90640]), array([133044,   9330,  97589,  55346,  26684,  21269, 108328,   6298,
        37547,  36882,  37181, 100926,   1407,  72581, 136511,  78952,
       145537,  20282,  64746,  36709,  77119,  47219,  65957,   5840,
       144495,  19702,  42049,  83590,   4814,  67907,   5136,  39119,
        61030,  94748, 145633, 102679,   3051, 105089,  92706, 150276,
       104811,   3830,  63414,  28168, 144426, 106313,  82830,  85690,
        11807, 117779,  87274,  24279,  53183, 125687,  62868,  92039,
        85508,  85493,  11170, 102564,  96822,  41763, 100350,  29764,
        16381, 132298,  38997, 147910,  13611,  62399,  75467, 108662,
        18811,  29018, 147869,   8506,  14582,  21913,  16600,  69140,
       132235,  57939,   9721,  91762, 148990, 104473, 102814,  83010,
        20347, 110465, 127111,   4047, 100696, 122156,  16117,  54797,
        69657, 140803,  56400, 133470, 151402,   1960,    510, 121725,
       139676,  59811,  19256,  30990,  94584,  67721,  47745,  45261,
        60046, 148510,  58527,  65256,  37809, 136379,  80140,   3720,
        50396, 130811,  35663,  83208, 143418,  82690,  25919,  85181,
        25223,  60821,  84620,   4964,   4879,  64582,  79557, 106078,
       128988,   6714,  87952,  46197, 116074, 116775, 104844, 126361,
       143789,  89477,  84729, 137276,  86082, 120813,  46272,  33940,
        14931,  45298,  98819,  76409,   3422,  64482, 109608,  55122,
        53696,  82265, 135266, 131954,  23832,  23704,  19399, 121714,
        57195,  64953,  55481,  37606, 108129, 104087,  83379, 118035,
       114677,  40435, 106597, 109550,  98178, 129940,  37268,  89302,
       139385,  79021,  79334,  38903,  88166, 131693,   6872, 103863,
       116323, 109257,  35783,  12938,  85088, 120297,  11016, 100104,
        96132,  14627,  30214,  97453, 110178,  15460,   5856,  91231,
        24902,  43222, 148956, 100935,  92396, 147048,  21234,  88164,
       129429, 110299,  55679, 128676, 125713, 136603, 111593,  39657,
        27759, 130852,  94197, 108135,  68335,  40410,  99099, 133706,
        50856,  31595,  33507,  40912,  79589, 102326,   4158, 110879,
       138370,  86652,  37704,  26732,  44686,   7717, 120993, 149583,
       111896,   7281,  78859,  60089, 104634]), array([100706,  11351,  85775,  63269,   7958,  53132,  85705,  17263,
       122598,  72890,  50294, 127273,  24641,  83829,  39358,  59833,
        48682,  13178,  19295, 100354,  79077, 148000,  53225,  36285,
       138259,  14269, 115697,  69280,  77039,  42765,  41058, 118992,
       110472, 114501, 109874, 133849,  80437, 100358,  22188,  98408,
        94556,  69522,  76399,  83647, 111424, 148257,  26255,  75558,
       110684,  12945, 116660,   7305, 141846,  99611,  99111,  66978,
        20298,  84318,    713, 120444, 145144,   2639,  98924,  97455,
        42004, 131480,   5098,  59412, 101528,  21531,  42223, 125425,
        80538, 136112,  38852,  20183, 109301,  20744, 114155,  72592,
        72862,   5512, 127197,  56261,  39307,   6061, 109710,  88312,
        65904, 142737,  85808, 125242, 109880,  72785,  45228,  94860,
        69231,  82289, 119811,   3306,  70310,  65264, 104741,  59430,
        31156,  82710,  92644,  79262, 109836,  59673,  45071, 129976,
        30707,  32750,  14198, 149309,  81766,  28557,  48730, 116934,
       149996,  33528,  32747,  45950, 105879,  26162,  25267,  81537,
       142438,  31880, 123712,  17852,  49251, 144814,  24678, 124290,
        23812,  75453,  69690, 128594,  55489,  99617, 135040,  26950,
       127538, 124595, 128520,  17591,  18362,  99337, 144949,  63390,
       134426, 124459,  32142, 148872, 104331,  40676, 131007,  40812,
         5541, 146103,  63356, 152389,  98335,  94422,  22048,  65408,
        85132, 137989, 152296,   4350, 122994, 148400, 148555, 127406,
       106172, 104120,  65022,  73609, 107423,  55845, 125213,  93954,
         3682, 100578,  40289,  74720, 102610,  52402,  61144,  63591,
       120782, 127770,  58323,  84251, 135695,  44031,  86123,  24316,
       119068, 126342,  40147,  84589, 106335, 104171,  57353,  10983,
        39807,  23748, 128258,  92589,  32105,  88761,  12408,  51600,
       100678,  64751,  86586,  74875,   9485, 129253,  54952,    815,
        56122,  47982,  29706,  53286,  36754,  85118,  94488,  27933,
        33822,  13736, 142469,  20115,  96032,  61567,  31485,  82852,
        88777,   5337, 113421, 132886,  27195,  31362, 130013,  73080,
        97648,  19416, 133677,  18845,  40614,   3127, 119642,  56841,
        26991, 118108,  23547,  84722, 130175,  72167,  98378,  90671,
        57227, 147414,  82649,  14890, 131429, 133597, 119257,  26314,
        45721, 135233,  61948,  11650,   8021,  41711, 107585, 143223,
       150752, 127207,  40326, 100006, 151211, 138946,  46900, 148017,
       133630]), array([ 81850,  67728, 106314,  62015,  45848, 150481,  43886, 141562,
        63463,   9538, 145112, 101072,  31098,  78253,  22535,  13308,
       101832,   5696, 102284,   3240,  69199,  36762,  97622,  98670,
        71590, 101099, 128501,  47167,   2408,   7199,    210,  38119,
       124273, 119454,  25860, 150742, 122221, 141406,  15941, 131736,
        16996,  40489,  15194,  12382,  54616,  30800, 148608, 150945,
        29318, 102174, 116759,  94296,  79275,  60832,    427,  46546,
        87390,  54326,  18787,  92793,  47260, 146102,  50570, 121596,
       106116,  70755,  88894,  82202,  44923,  49437,  54487,  36021,
        97344,  41050, 109793,  16806, 130691, 119878,  31845,  37702,
        99192,  20968, 147741, 104449,  51758,  10879, 109480,  40697,
        75287, 116960,  97461,  99896,  65133, 111871,  35765, 122291,
        26605,  90122,  32118, 112206,  83311,  84231,  16261,   7045,
       143487, 133684,  61742,  66665,   2287,  55726, 152362, 107217,
        72117,  37110,  54699,  54479, 103520, 153050,   5439,  81442,
        37075,  43587,  23698,  61999,  43722,  28710, 138920,  42538,
       127575, 133281, 109453,  57288,   4916,  65815, 109626,   6698,
        65006,  99559,  69934,  24197,  49824, 152252,  55774,  41416,
        68701, 133173,  93970,  88751,  32056,  31285,  10182,  61510,
        44587,  76542,  98258,  65119, 131738,  80683,  88562,  67542,
       150204, 104600, 148789,  53231, 139315, 139942,  55536,  98343,
        83329,  36392,  72509, 150472, 100775, 128589,  70359,  35283,
        92986,  93698,  57394,  20929, 146976,    291, 106073, 105352,
        24784,  37216,  32915,  74967, 135142, 103064, 151425,  77270,
        13560, 125978,  33563,  71297,   6388, 101594, 145425,  70509,
       135302,  57033,  39738, 113245,  55144,  66471,  15632, 139354,
       113324,  48164,  65558,  80846,  24103, 121357, 134496, 102101,
       149845, 110273,  46385,  37071, 135636,  61474,  37250, 116176,
       140003,  85979, 141507,  73943, 134338, 130879,  18688, 149868,
        61019, 101635,  44141,  27720,  85327,  63016,  12882, 124800,
         6049, 103742, 135351,  42281, 108360, 119919,  63475,  34495,
       100779,  19886, 101773,  44485,  43885,  12632, 124823,  40925,
        89516,  57137,  81657,  32421, 126159,  31957,  86134,  20378,
        23589, 145678, 134780,  32263,  18161,  97210,  52805, 113907,
        18378,  82355, 112061,  99098,   3604,  56320,  12485,  39820,
        94824,  58826,  93508,  31934, 118038, 113423, 116722, 111632,
       123533, 105534,   8938,  65339, 133767,  93301,   3107,  43490,
       109517,  54740, 105615, 144652,  43743, 135650,  98443,  49552,
        47211, 102067]), array([126062,  78116, 106816,  17779,  27279,  88465,  23735,  13810,
       122116,  41941,  96548,   2920, 149722, 148543,  52009, 149970,
        97394,  24985, 112280,     48,  53745,  13230, 127762,  71975,
        85949, 119288,   1375,  24540,  57361, 143663, 127242, 149031,
        57805, 145219,  40822,  45343, 126732,  86479,  29829,   6006,
        14006, 139262, 103151, 132588,  87593, 107406,  97133,  99926,
        93452,  52545, 116802,   5394,  42356,  82314,  74372,  88429,
        32145,  43341,  35637,  47298,  47946,  63827,   1038,  86861,
       115414,  82732, 133524,  45554,  22525,  55874, 108387,  54756,
        77644,  29886, 129098,  93639, 110628,  10329,  62658,  54054,
       126419, 107733, 133633,  87161,  25140,  17089,  94131,  20445,
        62142,  25745,  69415, 150708, 133179,  94898, 111777,  78451,
        32342, 121743,  31339, 109266,  31742, 133394,  92766,  30063,
        22331,  19232,  11636,  24680,  87402,  27746, 152360,  63896,
        68041, 140056,  52584,  67530, 128268, 118820, 124517,  56055,
        88138, 137243,  22708, 151043, 105127, 145526,  74557,  27503,
        29964, 127747,  91097,  55465,  13931, 106156,  89743,  88753,
        23896,  82228, 103779,  90099,  58095, 128170, 150411,  93357,
       141402, 127835,  19461, 134948, 138553,  37660,  89404, 126491,
        43300, 127264, 144975,   5428, 123172, 122175, 119960, 144907,
        76827,  38991, 111867, 121943,  99022,  32438,  18286,  11108,
        62858,  78383, 112291, 141058, 101421,  62689, 118753,  38751,
       148050, 107370, 122856,  85850,  92124, 130957, 122832, 108958,
       140409,  70233,  41685,  51748,  22821,  25613,  76267,   5832,
       135475,  31170,  20443,  24623,  48566, 148923,  62988,  74866,
       120852,  84064,  42018, 136216, 127977,  73753,  44896, 136327,
        42733,  15311,  92511,  36878, 142290, 131646,  77871,   3179,
        14833,  10860,  67675,  65117, 125033,   8182,  11452,  68328,
        66639,  89449,  15449,  66890,  43468, 153134,  92252,  59900,
         1853, 109347,  82184,  34190,  46235,  37284,  62425,  58177,
       126877, 117575, 102332,  22768, 141745, 120136, 125010,  99434,
          742, 110466,  63579,  65619,  94406,  41792,  37808,  47729,
        65122, 144939,  86397,  71850,  91282,  68271,  63811, 145179,
        59751, 124040,  37315, 106362,  71670, 106567, 133477,  26803,
        71890, 136563,   1194,  51451,  93099,  51649, 110091,  17650,
        56561,  35889,  84127,  47486,  51421, 113449,  19625,  55468,
       133254,  85760,  87807, 101255,  68435, 106547, 150485, 106466,
        70621, 142193,  60107,   1808,  25357,  24579,  74503, 130111,
        82255,  76519, 146808,  81281,  21455,  53462,  10810,   2276,
        33751, 153425,  93242,  62510,  42189,  60227, 117953, 151610,
       133297, 142776,  30949,  58547, 117797, 108799, 136783,   5543,
       128447,  20132, 138586,  94816, 116751,  31399,   4399,  77459,
        12084, 105683, 140181,  78144, 137826, 127761, 112819, 120756,
       112317,   7766,  51004,  81051,  79746, 142239,  89168,  45528,
        14918, 124952, 101199,  48848,  34893,  28744, 130847, 118290,
        52166,   6690, 102891,   1718,  47548,   1811,  31171,   8125,
       127801, 132251,  35092, 121101,  99504, 137573,  96342, 134777,
        28359,  41710,  71437,   6913,  94688,  15787,  30282, 139747,
        81239, 103584, 111431, 102456,   5016,  25289,  68244,  59172,
        63258, 113987, 144012,  31002,   9819, 105550, 127319, 136158,
       146958,  82764, 137764,   5988,  14673, 151098]), array([103459,  14944,  78105,  39297,  52732,  47144,  92796,   5075,
        27869,  78923, 112149, 108450, 151559,  93377,  47933,   2798,
        97503,  48575,  58321,  17256,  29809, 138363,  85930, 144858,
       149318, 113969, 133332,  50922, 136415, 134097, 110314,  72913,
        78716, 119246, 151667,  62267, 124080,  96271,  50153,  39996,
        99005,   1076, 129795, 142161, 124485, 150844, 125990, 119700,
       128112, 100378, 127318, 113813,   2085,  71265,  35869,  82982,
       144736,  50929, 139667, 148061,  60654, 128122, 103883,   5808,
        50844, 142549,  17051, 134481, 103226,  13520,  89519, 150948,
        70524, 133667,  69491, 102157, 135363,  53548,  38323, 114617,
         6203,  33307,  68164,  31185,  51296,  12050,   1940, 105071,
        73562,  98051,  51592,  77761, 127953,  53796,  18513, 146707,
        60797,  21996,  96700,  17658,  54991,  46813,  68553,  37058,
        39949, 116395,  21437, 148133,  60155,  94722, 141365,  20324,
         3456,   9338,  15945,  34259, 142372,  20558,  35416,  62559,
        76995,  57041,  97996, 137411, 102128,  29752, 136361,  37405,
        55576,  68652, 114664, 113220,  90572,   8528,  55539,  20696,
       125379, 110574,  40883,  92083,  33191,  95661, 110495, 100610,
        82889, 152840,  16299, 126012,   3919,  63120,   5358, 142331,
        26253, 148809, 132458,   9183, 102907, 103374,    329,  38239,
        35608, 113473, 117405, 110327,  88085,  43418, 147190,  44290,
        61433,  21681, 144303,  81582,  80604, 141901, 119666,  87848,
       144680, 124217,  41552, 129706,  48092,  19215,  22547,  45208,
        21891,  90160,   1486,  37035,  64631,  63307, 146680,  50289,
       104330, 153781,  62784,  11698,  89211, 100472,  77159, 126111,
         3512,  13630,  95280,  78133,  29390,  81211,  32927,   7059,
       143629, 117800,  43485, 102654,  52211,  82807, 153810, 109972,
        45496,  68721, 119473, 127352,  29176, 143998, 117746, 106548,
        53230, 146337,  80839,  88910,  40762, 125290,  48033,   2857,
        56477, 145136,  30977, 136712, 138844,  60731, 143176,  51983,
        74108, 151767,  70019,   6100, 140685,   9322,  80866, 138713,
        71521,  59319,  27005, 138263,  66904, 108841, 149296,   3957,
        32390,  13519,  22387,  63191,  69376, 116030,  76436,  70730,
        77222,  85026, 116153, 108668,  19510,  32029,  34972,  34170,
        73427,  35382,  62273,   6841,  83597,  86912,  97062,  85608,
        67714,  56442,  45046,  32659, 128120,  77306, 151636,  82725,
       124203,  76660,  29656, 141274,  15577,  59482,  30382, 128047,
       150215, 127194, 153364, 128750,  96190, 103098,  76309, 104903,
        86874, 110353,  95221,  95118, 151936, 125706, 144649, 100231,
        40252,  55531,  81084,  24908,  23028,  27631,  21391,  24014,
         8057, 101106,  36817,  40780,  95797, 127566,  65567,   2367,
       107872,  21124,  52368, 110281,  33629,  25021,  15168,  84846,
        67872, 129010, 134882,  55682,  20256,  35180,  71124,  17045,
        41600, 122619, 104138,  98663, 121098,  23374,  72030,   1229,
        52483,  72054,  49109, 130358,   8364,  22124,    939, 102952,
        17691,  11158,  56091,  20051,  49848,   8369,  10994,    470,
        71466,  41363,  47495,  45785,  36572, 142466,  44594, 135991,
        69964,  42080,  43237,   9412, 105334,  13273,  82539,  67033,
         2019,   1181,   8573, 114558,  14836, 110128, 137550,  12872,
        70589,  14697,  49850,  86565,  19311, 140504,  91228,  68571,
        90313,  81989,  96615,   6026,  74134,  44946, 147806, 120738,
       100465,  94121, 129848,  53772, 129361,  55950,  98133, 120664,
        79672,  97541,  77282,  82493, 137060, 121332,  93404,   8972,
        81982, 112542, 130977,  14647,  19591, 153223,  65474,  77837,
        22828,  68170,  68503,  39575,  31123, 126237, 146269,   2555,
        33146,  95681,  24513, 134709,  85350, 116941,   3744,  65072,
       111864,  62145,  67590,  87510, 110569, 106460,  98973,  42012,
        38615,  88021,  79903,  76088, 124412, 149711,  88273,  88954,
       113236, 120655, 120965,    812,  56834,  86310, 104994, 122260,
       107434, 153653,  48569,  99238, 113160,  75139,  36407, 123159,
        40641, 151693,  29400,  92837, 106580,  69823,  68937,  31289,
        46578,  13379, 101175,  60909,  28849, 133491,    386,  47221,
       132711,  37126, 153319,  83515,  86442,  70154, 138316, 147526,
        24490,  76387,  96699, 141980,  35484, 117634,  56076, 113233,
       113724,  58867,  18993,  36664, 126939,  95365,  88769, 100875,
       118578,  38957, 123950, 136778,  47863,   4955,  50112,  40882,
        87248,  66870, 135359]), array([ 93373,  82945,  98372,  28816,  98762, 107914, 114327,  76283,
         8382, 144681,  27490,  91160,  14116,  82603,  80120,  29206,
        37675, 133613,  89149,  80907,  15030,  83356,  66819, 153232,
        49152, 114595,  91518,  51654, 143046, 143297,  10445,  63226,
         6588,  18113,  52995,  76134,  87085,  29906,  77858, 109747,
        37479,  34575, 124441, 103952, 118291,  32890,  85226,  48491,
        62547, 151291, 103841, 115811,  10738,  22827,   6261, 131122,
       152863,  12454,  91377, 111056,  58476,   7670, 138364, 132814,
        54635,  52342, 111289,   6428,  25728, 112848, 127116, 108902,
       144826, 121769, 135064,    467,  36628, 107158,  25770,  39364,
        42753, 119258, 115593, 146451,  12565, 113376,  74474, 153615,
       152456, 127615,  51434,  75918,  83776, 102906, 121074,  80083,
        21760, 153918, 132719, 135525,  45542,  67425,  51022,  80355,
        37228,  51582,  17120,  42259, 117507,  50694, 100690, 125927,
        35323, 138584, 145250, 132937, 126002, 152591, 129704,  21801,
        22578, 112762,  46659, 138343,    655, 146762,  57341,  63429,
         4145, 111201,  77997,  91584, 136277,  13907, 123681,  12397,
       136805, 143036,   3394, 101706,  39409,  16271,  47780, 125694,
        37733,  77339,  97270,  49718,  62953, 113228,  92624,    528,
        80463,  33594, 119651,  11634,  85867, 127338,  60335,  56454,
        16010, 148464,  81695, 141597, 108280,  62526,  89143,  55269,
        64498, 129961,   5597, 137678, 134288,  13935,   6226,  39015,
        66812,  17993, 150321,  34739,  40756,  69088,  29898,  61887,
        95302,  77887, 134202, 113708,  95199, 111493,  20489,  42891,
        74290,  92570,  23983,  45458,  65283,  77727,  66009, 121193,
        94804, 142070,  93258,  46883, 120632,  95445,  85159,  21729,
        11440,  24272, 148917, 134803,  11578, 112797, 144530, 119153,
        25925, 133932,  12605,  13001, 142958,  91943,  42773, 101316,
        90261,  82143,  40892,  18778,  51980,  58526,  27300, 142277,
       142118, 142746,  36305, 116272,  73327, 136741,  84560,  95345,
          967,  96487,   4125, 143965, 127920,   8539,  68433, 144968,
        86270,  51047,  22756,  55272,  90064,  85585, 128059, 108362,
       149809,  97330,  44401, 105348, 141245, 131952, 153824, 128362,
        51880, 142897,  86450,  83035,  63223,  73757, 124042,  64092,
        22793,  82592,  89159,  14051, 110154, 119125,  12548,  80055,
       132309,  10882, 124976,   6169,  48621,  91060,  97278,  58083,
       149799,  85134,  36675,  56880,  83176,  82450, 103203,  30003,
       102421,  82996,  29923,   8975,  78029,  79000,  58033,  62348,
       104684, 115550,  74562,  29663, 137990,  38289, 145722, 151480,
        21571, 100417, 116622, 136750, 141107,  53765,  24986,  65634,
         6754, 104848, 143704,  99802,  84389,  56014,  36110,   1674,
       118322,  37878,  69670,  77537, 137792,  94441,  27842,  90830,
        44422,  34826, 112545,  69696,  72219,   4832, 102970, 142195,
       108340, 152184, 108792,  49763,  68599,  82800,  34132,  33831,
         5809,  55411, 108702, 152287, 124046, 127033,  62596,   9339,
         9837, 146259,   3070, 113453,  84866, 140143, 137512,  49139,
       153185,  95563,  64253,  36995, 148881,  81658,  82415, 115319,
        92017, 133673,  59239,  53685,  64904,  70512, 104526, 110107,
        82499,  32237,  24725,  19671,  93968,  45571, 125876,  88758,
       111066, 123202, 141633, 120326,  52076,  45956,  37362,  11836,
       106820, 135115, 110359,  82778, 137105, 137936, 114374,  35053,
        78280,  75455,  44001,  23382, 107467,  33982, 127601,  95414,
        83093, 106960, 103441, 105619,  95940,  92410, 115309,  35088,
        56752,  61512,   3119, 111320,  89668,  52134, 148351,  38757,
        10106,  24854,  83068, 105377,  95029,  60148, 105058,    678,
       138948,  23664, 145740, 117520, 142104,  48856, 150450,  95053,
        11796,  12384, 111918,  44041,  37210,  63487,  89372,  66334,
        79228, 103269,  47823,  10713, 110415,  81367,  54715,  11269,
        33026, 104566,  21468,  87407,  86386, 150782, 117790, 126341,
        92275,    573,   6759,  45906,  82204, 115558,  36169,   5888,
        81243,  32854, 125004,  38254,  66048, 108804, 136883, 131605,
        56695,  87723,  42944,  16454,  40148, 148830,  93952, 126584,
       100125,  31546,   4065,  62373, 101704,  98174, 131295,  77173,
       111836,  36262, 139285,  51787,  99203,  27511,  51601, 134358,
       123841, 153701, 109496,  20337,  46285,  33718,  32444,  13891,
       126856,   5329, 127911,  13063, 134742, 147478, 145863, 137784,
       135596, 130016,  72883,  48532, 109940, 101335,  78249,  38769,
        25502,  41175,  73191,  72772,  91610, 135622,  70348,  72383,
       141546,  29559, 151229]), array([ 85414, 144899,  84659,  73530,  28289,  25435,  50494,  16799,
       145192,  32749,  83958,  99197,  67537,  37371,  44129,  34354,
        59677, 121791, 134294,    471,  67207,  17154,  37149, 135651,
       143914, 148772, 126615,  69419,  43660,  61085,  51574, 147727,
        31788, 149236,  32768,   1846,  41602, 114937,  47437,  99341,
       129915, 146231,  10450,  76852,   4316, 109587,  91589,  81793,
       122686,  86917,  38261,   4149, 120267,   5786,  57662,  25855,
       101404,  16883,  73146,  81204,  80588, 138045,  27660, 134382,
       153491,   4198, 107141, 112880,  45867, 113034,  85562,  26746,
        15644,  44861,  60326,  58682,  26042, 140542, 141062,  82107,
       106054,  33039,  12831, 135208,  38973, 140047, 149028, 134355,
       135138,  53648,  90825,  63064,  57918, 126468,  51099,  20665,
       132399,  53053,  25891,  45643,  81771,  65809,  61703,  37881,
        74553,  23533, 151217, 111379,  66525,  32004,  35601,  29166,
        72801, 149395, 139989,  54452,  17208,  76894,  67660, 104864,
        10026,  57958,  61171, 106206,  48286,  99380, 137272,   6002,
       101915,  15623,  48948,  36279, 117610, 146849,  57182,  50424,
        66236, 103657, 145653,  18062,  65665,  94026,  89334,  83626,
       129805,  31354,  18998,  31147, 115776,  30594,  37842,  80623,
        81129,  61478, 105932,  93765,  94709,  71882,  90862,  37061,
        44628,  53226,  22181, 147822,  90699,  32680,  68035,  86806,
        17964, 118717,   1224, 148387,  19755,  77599,  66316,  29286,
       129570,  67615, 125307, 134807,  21238, 133455, 152469,  67517,
       135230,  52270,  18067,  49179,  22278,  21775,   7037,   9924,
       127988, 102313,  72945, 128509, 149209,  66743,   7111,  48683,
         1297, 126936,  49764,  61359, 139360, 144154, 145181,  53523,
        24000, 147563, 143451,  76171,  99255, 101268,  48701, 104064,
        81631,  16329, 126106,   8613, 150703,  80739, 151794,  38908,
       147183,  75161,  30622, 123860,  41664,  43833,   9483,  72344,
        82085,  75697,  60378, 118723,   4339,  86402,  28707, 137762,
       126164, 117587, 102333,  90494,  80495, 153003,  31183,  85443,
        28775,  14817, 147932,  24111,  16501, 103754,  73931, 109458,
       141638,  27557, 105777,  48085,  92202,  76561,  54590, 127539,
       103363,  81820, 129091,  67211,  13667, 125531,  18941,  65678,
        56556, 108308, 150904, 151004, 132134, 113457,   5563,    760,
       127003, 127533,  55089,   3910, 116359,  47239,  86264,  71260,
       153844, 118728,  82399, 119146,  99503,  87742,  75239, 114988,
       113328,   2484,  43483,   9365, 137652, 142868,   4969,  83270,
        91100, 139487,  83931, 103701,  12741, 126952,  67639,    165,
        85710,  53124,  29310,  93581, 146058,  52231,  29065,  44062,
       119120,  55851,  87677, 106715, 146053,   4276,  97176,  69128,
        45779, 134946,  47115,  32590,  89838, 126507,  35548,  59803,
        64546,   7883,  20926,  85824,  69448,  48920, 136015,  90270,
         6152,  44564, 119307,  86897, 111105, 108910,  58671, 112103,
        11652, 115656,  91472,  42312, 149486,  85919,  64556,  70599,
        64125,  24032, 112490, 107602, 126829,  94287, 150299,  28597,
         3883, 124774,  19037,   9057, 126949, 114535,  66608, 132695,
         1150, 129950,  38032, 146964, 114754,  26499, 124151, 127633,
        59126, 139745,  45901,  79840,  29856,  56426, 141119,  74823,
         3492, 133073, 114768,   8552, 129125,  90582, 151051, 123060,
       144255, 128378,   6052, 153634, 100153,  93855,  73048, 141376,
       125111,  48917,  56181,  37088,  27140,  91864,  35222,  14373,
        15141,  29859,  89144, 104043,  95937,  93344,  75551, 126292,
        91637,  65521,  94289, 134597, 103548,  36611, 113806,  79673,
        32911,  39189, 130145,  79841,  84051,  62108, 132804,  54384,
         5587,  78036,  18126,  17973,  85583, 146945,  46996, 102680,
        16689, 112960, 124960,  94407, 114168, 103072,   9194,  57707,
        31846,  22067,  44455,   4206,  97978,  91912,  48863,  45659,
        48360,  53340, 132411,  20510,  16852,  55082,  67086,  75769,
        40831,  83971,  49559,  55270, 136716, 109776,  15421,  29717,
        82375, 125976,  78003,  73062, 103920, 106230, 132462, 111512,
       153367,  37160,  20259,  25402,  28122, 141337,  16349,  37352,
        55084,  67919,  75300,  65866,  66782,  75742,  59431, 138710,
        69549,  80972, 131028, 138745,  27234, 130973,  35156,   5446,
        17767, 112653,  32357, 107110,  19546, 108113, 109014, 132736,
        62898,  28207, 118358,  11862, 153150,  77699,   8711, 105102,
         4347,  29996, 122072,   8423, 148249,  21617,  72805, 140165,
        72738,   8460, 105446,  54591, 132649,  36303,  24317,  42923,
        79720,  94982,  16521,  37192,  68535, 144146,  38290,  94156,
        66054,  58890,  50950, 142599, 101088, 121293,  83140,  46282,
        32599,  45252, 140246,  54928,  57499,  82494,  29302, 150155,
       105112,  49259,  62934,  61052, 117389, 110843, 111709,  86547]), array([ 29367,  10916,  71782,  34873,  85456,  37982,  62675, 122486,
        36129, 122343,  77801,  62167,  59030,  86902, 123173, 148788,
        34276,  71855, 152006, 122339, 125691,  12166, 101239,   6857,
        42588, 149896,  33388, 100903,  54151, 106533,  71682,  59077,
        43143,  16397, 144543, 138462,   4580, 119979,  44093, 127639,
        42999, 138601,  22622,  37127,  86549,  94545, 139278,  80365,
        58581,  30349, 100486,  26358,  19431,  40069,  16934, 101326,
        88262,  55488,  74852, 111453, 112968,  51667,   9240,  29703,
        20082,  91898,  95161,  47261,  10579,  49974, 142697,  33004,
        77914,  32770,  58960,  40316,  99299,  25571,  91449,  96382,
        12574,  87392, 106398, 126057,  60462,  46211,  67452, 113668,
        97929, 134617,  90410,  17462, 149492,   2361,  28611,  97603,
        61572,  87185, 137308,  94979,  90247,  81227,  25250, 120140,
        41579,  56961,  89945, 144188,  96894, 142173,   7631,  42922,
        72354,  73689,  54196,  25477,  96243,  48422,  45186,  70786,
       116170,   6204,  47800,  65230,  77167,  94346,  27019, 133621,
        83724,  26269,  19093, 146264,    692, 138849,  11441,  59223,
       126484,   5418, 105679,  97928,  27332,  20233, 120275,  47561,
       135430, 121860, 134606,   5232,  45995, 110732,  87513, 137285,
        94752, 105216,  93265,  37764, 125041,  26801,  62211,  91633,
        40205, 147026,  98902,  66482,  85781, 126247,  68321, 141392,
        17970,  88561,   7397,  36945,  10891, 117296,  35920,  62222,
        72611,  72967, 107861, 141249,  17105,  19589,  43981,  60308,
       140858, 135480,  51488,  76344,  46449,  64797, 109155,  82802,
       134893, 114281,  33446, 111551,  72454, 113580,  29147,  27728,
        76448, 119965, 138046, 105870,  30848,  53707,  21741,  18631,
       133026, 151283, 148234,  19670,  15603,  53799,    251, 126795,
       132693,  65974, 129779, 107729, 101301, 139647,  41637,   2576,
        53914, 146977,  83388, 108647, 110093, 127247, 151197, 102936,
       103844,  18479,  63321,   4521,  83353, 119684, 107100, 111316,
       150627,  38731,  96124,   5261, 123361, 101741,  75034,  61223,
        27324, 125560,  48184,  22051, 141170,   5993,  74267,  76581,
       122093, 124258,  94606,  75165, 120750,  83085, 122266,  48833,
       137379, 131371,  76488,  51528,  26214, 101867,   9101, 146645,
        29017,  23139,  60908,  44083,  16592, 150963,  77305,  32085,
       123183, 146880,  72147,  85245,   4216, 104725,  80652,  64950,
       137027,  46597,  58915, 126854, 117390, 128051,  84143, 146540,
        75652,  98483,  98790, 148512,  57204,  36776, 149441,  60006,
        63242, 142977,  33081, 140941,  44911, 138903,  64956,  44431,
        44919,  84038,  51257, 120874, 124525, 104996, 128843, 114742,
       131810,  85521, 135240,  24783,  64142,  71680,  59959,  79405,
        52163,   7731,  28433, 120587, 123569,  60772,  77976,  38336,
       128029,  56725, 149157,   1774,  29234, 106657, 149159,  68237,
        62991, 112870, 108826, 103652,  38042, 120222,    264, 100157,
        84610,  46472, 140147, 118602, 138840,  18649,  91628, 113424,
        55299,  86613, 120137, 134069,  24895, 112783,  38184, 118708,
         8668,  97457,  83722,  83943,  77287,  97898,  28171, 111382,
       110896,  38707,  27872,  38560, 133081,   5961,  59451,   4228,
       129342,  89434, 118706, 118551,  26064,  57491, 116330, 125460,
        52333, 113221,  21091,  25946,  95179,  69651,  20218, 141854,
       140667,  34651, 143164,  39732,  41151,   7480, 124538,  19825,
       144574, 149964,  47930, 148132,  90041, 101513, 149827,  98175,
        42875,  37792,  63620,   6976,  17122,   2113,  19930,  75313,
        29021,  53585,  64087,  17897,  51844,  49613, 141243,  16270,
        20162,  33826,  14364, 102182,  46378, 113575, 135222,  36127,
        60067, 153751,    791,  75360,  62059,  61952,   5254,  90698,
       126784, 118732,  81892,  70281, 150872,  50723,  74545,  72122,
       147436,  51249, 132934,  75507,  20343,  93419,  79783,  62294,
       125641, 117978, 128293,  62636,  52527,  12860, 142633,   8513,
        21080,  11454,  77488, 153647, 152731,  19422, 114097,  13847,
        92573, 128637,  73571, 122540, 107035, 122454, 137195,  61159,
         9589,  79385,  49834,  39969, 122498,  34180,  24453, 114702,
       134218, 152764,   8798,  87433,  54864, 100449, 152049,  82637,
          895, 131694,  33205,  74559,  72899,  52567, 131621,  45093,
        70801, 130218, 115808,  71918,  25834,  67367, 132109,  44978,
        51516,  48582,  80548,  86518,   7725,  96257,  61148,  33084,
       150501,  97954,  69494, 127632, 112588,  45382,  12046,  60478,
        36551, 113226, 153621, 120816, 135744, 153454, 102449, 111973,
        47301,  67905,   8003,  11176, 134999,  11137,  42115, 137672,
       100869,  29082,  44085,  37265,  18561, 133318, 153519, 131534,
       134671, 120741,  28669,  23716,  16051,  14138, 144513,  73438,
        73452, 144767,  93720,  31152,  25220, 101496,  47082, 117149,
        39058,  84978, 107641,  64126, 151105,  91118,  72535,  96118,
        82171,  61540, 152332,  70048,  90847, 112014, 107888, 100865,
        57978, 105141,  28764,  59031,  93867,  86035,  66802,  68210,
       138178,  46504, 104121,  18136,  31412,  41147,  49195,  21061,
       132444, 150780, 121112]), array([127501,  95529, 117306, 138611,  41855, 104322, 117248, 106839,
        53700,  12217, 123526, 111566, 140814,  88818,  41813,  58770,
        80735,  82938,  40383,  19062,   9325,  78078, 102949, 149050,
       111671,   4112,  82259, 112758, 115515,  67448,  14966,   2127,
        97513,   3310, 109637, 129668, 146315, 119579,  85994,  75244,
       133002, 124100,  58473,  89658,  36891,  62536,   8549, 128285,
        27961,   6302,  35720,  80485,  83702,  65330,  40906,  90645,
        28938, 141865, 128508,  27261, 153214,  44993,  89931,  20241,
        26516, 145912,  97910,  26511,  54826,  61099,  70388, 109396,
       117774,  41150,  16800,  66841, 136646, 122663, 116276, 138519,
        83599,  78768,  53978, 120957,  48075,  28275, 116727, 148484,
       142660,  29355, 150621,  68074, 119099, 124141,  76725,  77120,
         2895,  39899,  74213,  87089, 145620, 120882,  87885,   8327,
       103062,  88862,  65225, 107868,  18082,  18556, 101921,    501,
       109789,  44675, 100461,  18403,  20206, 127330,  82799,  76640,
        95370, 123104,  72969,   1067,  72078, 103902,  71227,  25454,
       132975,  67686,   2197,  33952, 138315, 149859,  73724,  15780,
        10605,  30555, 150967,  44520,  35774, 148821,  29386, 139718,
        37918, 125827, 106605, 125484, 133854,  27414,  11116,  23222,
        78513,  94787, 116419,   6981, 130240, 111874,   6222,  58518,
        51065,   4773,   3576,  92116, 130734,  46963, 152325,  43480,
       118060,  68816, 135629,  34269,  92873,  49940,  93675,  83845,
         6867,  56154, 131491,  46742, 108163,  27406,  70193, 133168,
       119017,  78869,   5653,  71035, 115878, 139918,  34697,  20706,
       152046, 127973, 143390,  14830, 115218,  87532, 126241,  88303,
         4772,  34455, 153093,  23452, 116105,  45027,  44852,  37515,
        34205, 128328,  90010, 151260, 138020,  69105, 145242, 138540,
       132456, 138622,  43220, 133515,  34202,   1765,  90347, 139260,
        96012, 111193, 105111,   2925, 110213, 124608,   7419,  84207,
         1939,  48945,  58401,  13332,  46684,  87194, 147291,  61325,
       100776, 145438, 114534,  78574, 148291,  54261,  37946,  58969,
        23249,  38154, 122512, 135962,  28018,  25205,  11814,  59394,
        37367,  97479, 119932,  13213, 113375,   4830,   6721,  86099,
        46035,  30044, 125456,  58710,   6216,  89451,  53235, 133435,
        73603,  46325,  77525, 139957, 103039,  99749,  25313,  73641,
        61665,  29504,  89312, 126104, 123511,   6290,   3788,  88701,
         8741,  39994,  34297,  99816,  48884, 153840,  13118,  41099,
        15472,  87358,  58611,  22573, 117398,  66463, 144343,  39683,
         1234,  77993,  76934,  39175,  66953,  83987,  50428, 117130,
       123360, 134556, 134222, 130340,  37886,  76985,  40982,  93802,
       106011,   1178, 134958,  95669, 114183,  59838, 134151,  96488,
       110906, 133147,  61741, 134077, 141489, 116659, 145213,  94413,
        89541,  52092,  33213,  27597, 102094, 113874,  69303, 110208,
          281, 115470,  64600,  95055,  28909,  80529,  87176,   3002,
        41057,  52789,  71894, 118999,  53095,   9982,  27008,  35202,
        20636,  61566,  92169,  52941,  92423,  36250, 110434,   3471,
       126569,   6689,  93830, 119395,  46779, 135668,  82470, 110944,
        44250, 145671,  12031,  30671,  83797,  13448, 132449, 146173,
        12594,  16351,  58428,  70848,  37646,  73616,  55770,  61156,
       104373, 115567, 116315, 112578, 127587,  85060,  69099,  11340,
       133356,  54993,  41213,  14848,  91590, 100451, 122006, 114331,
        40487,   7979,  58533,  43471,  82419, 143260,  20459,  23614,
        90225,  17134, 127405,  15939, 137270, 124604,  62661, 142286,
        61874, 121567,  14675, 142966,  17373,  47208,  98069,  71036,
        31470,  34624,   1615, 149545, 142944, 122746, 101127,  15929,
       104128,  85281,  28902,  88136,  72259, 114926,   6017, 136190,
         1049,  44694, 150567,  63362,  88328,  53393,  63259, 147279,
        18588,  50741, 118731, 128088,  53246,   7076,  88036,  50513,
        61831,  13531,   5046,  96493, 118747,  50375, 126792, 133263,
        73221,  11450,  85601,  38738,  84519,  55017, 113570,  30183,
        36916, 137342,  93997,  85619, 128211,  30745,  49281,  53175,
        44136,  25662,  11163, 131510,  42420, 147034, 100644,  97627,
        29617,  78752, 150783, 141209,  65722,  10562,  95920,  50402,
       135112, 134860,  20052, 136874,  45059,  86634,   6370,  25485,
       136974, 108049,  84984,  65605,  46066, 124817,   6797,   8297,
        87878,  47236,  28522,  42500, 126239, 145984, 127409, 106185,
       122812,  98581, 134407,  82361,  94358,  58638,   1767,  51616,
         7386,   5762, 119990,  42134,  89633,   8987, 137827,  36408,
        60926,  52509,  56547, 106747, 140604, 128426, 126587,  55073,
        73320, 147852, 113096,  78318,  92951,  15771,  11629, 140571,
       128352,   6673, 108145, 141829, 136807,  45879,  15797,  69457,
        98011,  78233, 130782, 147302, 140146,  69200,  52280,  12837,
        13184,  67155,  65017,  64398,  11307,  12665, 130117,  33616,
        38142,  15786,  68062,  40540,  16947,  53133, 136082,  13805,
        73015,  32417, 145704, 135806,  48817,  21072, 124209,  75063,
        75631,  42693, 122774,  65921,  41585, 128310,  15707,  49346,
        71947,  95140,  27155,    981,  40840,  73842, 115103, 114550,
        23007, 105593, 116254,  68810, 140872,  92064,   8210,  60387,
       137036, 152836, 149289, 110088,   8367,  27514, 152762, 111644,
        99844,  17073,  42984]), array([146569,  19090,  14523,  28016, 119828, 123982,  88762,  16776,
        40862,  25926,  97850, 131088, 148898,  42316, 150561, 151942,
       124294, 139771, 120552, 113396,  20161,  13500,  72141,  59651,
        94850, 117965,  61149, 138804,  38120,  85754, 115732,  78829,
        42747,  72291,  60506,  68352,  11570,  10039,  42117, 151138,
        37721,   4046,  38766, 101012, 109728,  71742, 120823,  68953,
       148928, 111829, 100920,  48861,  99683,  31389,  18283,  98918,
       148328,  53923,  64885, 141728,  83990,  82614, 102709,  74832,
       111766,  41326,  52299,  37378, 110148,  51576,  90827,  90430,
        29614, 143774, 138114, 124858, 120190, 120011,  86393,  12052,
       140070,  68185,  13473,  17932,  94291,  37637,  26863, 125139,
       146606,  30558,  60578,  95519, 141717,  18950,   3283, 132821,
        39759,  90517,  85752, 132229, 119773,  73887, 109000,  25482,
        81362,  85190,  48278, 153116,  70046,  43052,  10349,  25115,
        52574,  29159,  54499,  80937,  88639, 129095,  89201,  69316,
        16507,  82299,  51619,  17402, 124745,  26012,  41601,  51092,
       115159,  99041, 114850,  64941,  87843,  29092,  32670, 148570,
        71406,  19984,  42599,  72602,  44765,  76350,  57528,   5624,
       148255,  54280,  39808,  59862, 107009,  73499, 123570, 128132,
        94509,  64868,  62457, 117194, 114357,  15269,  97265,  59493,
        22041, 117415, 105715,    894, 110976, 115690,  34715, 125278,
        72264,  96305,  72307,  60959, 145888,   9738,  53412, 112101,
        89175, 120535, 101955,  18851,  42781, 148754,  13282,  44651,
        17952, 124095, 153233, 124415,  94596,  40453, 121830, 136691,
       127874,  93647,  34512,  50129,  35420, 151562,  92602,  69641,
       147976,  99338,  81573, 100516, 121140, 104700,  72075,  80638,
        32494,  63530,   6463,  89233,  73543,  34474,  66907,   9100,
        16460, 134548,  16221,  64459,  97019, 115420, 143916,  82853,
        65049,  79389,  91827, 111701,   3149, 117691,  55855,  47085,
        31642,  95211,  14921,  54492, 125708,  43044,  57080, 134418,
       121704, 116044,  39296,  29331,  90324,  27936,  16384,   6068,
       105416,  34376,  34228,  49626, 149605,  85505, 142092,  29909,
        24494, 118600, 129956, 151697,  63986,  33047, 102583,  50580,
        51465, 138648,  80098,  49976, 105802,  94947, 153628,  84966,
         2510,  69476,   2797,  95930,  97573, 115251,  54168,  88288,
        68906,  59823, 127467,  18370,  44932, 122779, 113545,  96064,
       116635,  36492,  22541,  39203, 125752,  60974,  15978, 152702,
        53408,  94916, 151536, 122684,  24827, 130850, 105565, 139898,
       148564,  44471,  37157,  23543,  19459,  37874,  61077, 116070,
         5909, 145555,  13351, 103936, 116486,  75874, 138456,  97820,
        78239,  75185,  25851,   7892,  23858,   4286,  36546,  83134,
        68209,  92340,  82977, 153224,  40534,  36933, 140430,  67240,
        73983, 128124,  61180, 117391, 149422,  82243, 138157,  29357,
        92349,  34498,  67753,   6115, 135819, 112889,   1335,  57207,
        41166,  83445, 116592,  71368, 112170,  46642,  68354, 111388,
        68296,  38984,  70315,  76616,  59009,   3591,  72379, 104746,
        16531, 108693, 118414,  22254,   1223, 137723,  97714, 104525,
        96771, 134642,  57562,  90169,  83731, 107194,  91409,  26326,
       125244,   7573, 103482,  16099,  81334, 118232,  96570,  91437,
       124341,  51475,  24066,  60406, 134908,  94283, 147509, 140346,
        39537, 103479, 147582, 144088,  54164,  76209,  37708, 130618,
        95714, 100150,  86994,  54336,  27745, 118653,   6413,   4267,
       129440,  98031,  45060,   1147,  28533,  83534,  62656, 100344,
        98296, 103005,  35917, 128516,  76322,  58809,   3303,  18817,
        80697,  43285,  69548, 149654,  79676, 142065,  90684,  80159,
        37597,  51088, 100506,  99125,  89418, 152799,  99857,  23534,
        60186,  77075, 138005, 150303, 137894, 117565, 103644,  83863,
        42734,  32721,   1787, 127624, 129452,  33786, 143322,  12446,
       130233,  71474,   1436,  29316, 110799,  77322, 115326,  34987,
         4607,  10223,  40926, 117590, 124933,  28408, 120557, 132079,
        85486,  69632,  44209,  37759,  37500, 110709,  42569,  95826,
        24416,  19309,  59716, 140878, 131033,  65186, 126205,  54074,
        77945,  77239,  78916,  99023,  86964, 138321, 115585,   8477,
       150873,   5437, 111979,  65714,  77861,  45193, 138336,  39101,
        44952,  88057,  38285, 124749,  18239,  65007, 151842, 137527,
       140132,  59596,   7069,  32200,  49727, 147435,  52964,  51364,
        11055,  28791,  54888,  78409,  23640,  35319,  10008, 119428,
       109877,  62122,   7313,  17118,  29978,  27391,  73258,  43132,
        65134,  83201,  97085,  35445, 149382,   9714,  10936,  71277,
          982,  34073,  45079,  51314, 139173,  25741,  20461, 142504,
        88918,  75615,  55573,  24888, 115288,  52276,  54338,  56342,
        69015,  75414,  88365, 149320,   8660,  27315,  82926,  39515,
        12671, 109222,  65272,  60504,   5745,  98739,  70947, 133431,
       127904, 101104, 138033,  62073, 137417,  35166, 152027,  14323,
       129247,  44696, 144944,  35623,  92806,   9022, 109213, 126081,
       145178,  60899,  41301, 115634,  84116,  92335,  65205,  66515,
        78754,  55141,   9836, 148339,  13989,  47900, 109664, 112673,
       127985, 137474,  14762,  85870,  48548,  95978, 124026,  78700,
       136683,  46292, 124035,  34772, 139893,  94930,  52521,   3475,
         2627,  17635, 137199,  58116,  40624, 111107,  48012,  22558,
        40563, 102215,  63474, 108483, 138638,  75106,  28892,  39051,
       150440, 101546,  77706,  99382, 111144,  21311,   1314,  21607,
        26688,  84212, 135609,  37421, 132507,  97066, 132067, 151954,
       109262, 150307,  82451,  12044, 106629,  80252,  45041,  96903,
        47939, 107344,  72762,  19993,   6078,  40725,  42152,  84720,
        94068,  33125,  17027]), array([108787, 141618, 117444,   5115, 138329, 129151,  47641, 111531,
        96472,  79785, 142808, 126541, 148782, 127707,  55314,  40927,
        84784, 126822, 152768,  58026, 122405, 117322,    138,  54916,
        15481,  63005, 143805,  31652,  75797, 143376, 148216, 149557,
        74658,  39198, 116257,  79081,  70399,  23052,  24693,  49912,
         3515, 136367, 144208,  96660, 113332, 109142,  61187,  72918,
        86663,  28337,  89687,  47680,  26007,  54112,  26524, 137743,
        26776,  17910, 128342,  94447,  79579, 114653, 109064,  37723,
        42874,  71354,  24027,  22501,  76244,  98998, 115724,  64285,
        92891, 144596, 107131,  87921, 121221,  43273, 147680,  21161,
       104136, 130556, 104632,  80484, 127387,  61536,  18965,  80311,
        50331,  58814,  96967,  84596,  12891,  29422, 144070,  51378,
        88207,  78939, 119714,  61196, 100263, 117832, 115860,  11789,
       122664, 115144,  57659, 140734,  23034,  15310, 127499,  26798,
        54603, 110717,   4560, 123827,  77732, 144260, 113195,  73816,
        36583,  10064,  25151,  51749, 134519, 124767, 142651,  35157,
       107261,  26940,  65787,  25752,  29165,  15213,   2228, 128247,
        50825,  20160, 102817,  87896,  85720,   3249,  69925,  91731,
       112873, 148698,  53785,  39176, 114450,  81861,  74312, 120775,
       127395, 111823, 114726,  16042,  95784,  77822,  44559, 128169,
       141852, 117594, 112752, 120332,  94873,  11031,  65222, 105702,
        86923, 129729,  50480, 144729, 135297,  81354,  25456,  27750,
        54567, 133062,  76683,  35555, 143940,  49445,  89382, 132401,
        44151,  92680,  18819,  64653, 137280, 123039, 107978, 127062,
        83502, 131369, 123602,   3987, 141173, 124949,  31728,  68565,
        37101,  18171,  30902,  85770, 135081, 134372,  85748, 141564,
       107032,  30276,  91751,  18314,  51082, 126695,  83782, 137448,
         2946, 134107, 134354, 129068,  20290,  41399,  94208,  90335,
       100697, 150976,  34991,  97008,  43958,  61040,  39417, 112365,
       110552, 129064, 118052,  83223,  83094,  77365, 121717, 152228,
        66616,  44732,  49733,  39174,   5459, 150856, 104990, 134458,
        29197,   3603,  84535,  91766, 120387, 147455,  95515, 127662,
        78235,  94354, 110636, 104579,  73380, 148888,  38888,  91285,
       129427,  19441,  32233,  74276, 121888,  61281,  36621, 117639,
        67019,  95568,  25268,  10208,  48632, 120709,  69317,  29511,
        46489, 123741, 111883,   6151, 145610, 111178,  11676,  10807,
       122064, 130834, 148625, 119905,  43262,  23633,  32241, 115354,
        98034,  91425,  62416,  69287, 121659,  55964,  55472,  96154,
         8601,  33850,  90277, 138237,  39035, 148628,  11925,  12255,
        20892,  53136, 144109,  21372, 101076, 140084,  10066,  73210,
        56577,  34909,  71585,  48975,  27710, 115107,  37412, 107767,
       142330,  37380,  98797, 137452,  71344,   1078,  72295, 128474,
        13888, 107097,  94740,  35090,  60258,  31015, 105630,   2808,
        47388,  84047,  99624,  57118,  96361, 129400,  37162,  96008,
       117366, 144335,  44723,  39903, 138863, 146325, 106578,  67388,
        73905, 122928, 112054, 121066,  25653, 101269,  75277, 122061,
         9007,  59109,  81591, 145354,  64387,  84279, 149094, 152706,
        98442, 148031, 141131,  15283,  50871,  88604,  54849,  73282,
       122265, 150119, 123452,  44336,  82457,  15059,  64715,  93843,
       112446, 143621, 153274,  19652,  89572,  78112, 152699,  73261,
       134419, 114053,  85468,  16627, 129709,  46606,  28226,  35396,
       151272, 106651,  24428,  55307,   8357,   1627, 141734,  46952,
        94314, 117438, 143521, 115651, 129170, 103503, 115025,  32268,
       140937,  91467,  77100,  58117, 152936,  63750,  63230,  96281,
       140945,  26809,  65368, 149642,  48751, 122757,  75496,  87644,
       142669,  18644,  21986,  15189, 143063, 111604, 136122, 105589,
        49450,   7708, 105119, 146797, 141382,  65111,  68489,  94260,
        49372, 108499,  13153,  29763,  37987, 144497,   6625, 143921,
        15654, 117152,  90941,  88194, 121424, 151680,  57842, 134305,
         9114, 144612, 130023,  70636, 147654,  38487,  11005,  98158,
        93406, 120990,  19165, 139082, 128136,   7494,  60018, 136010,
       134086,  24267, 120442,  51738,  18508, 108134, 150649,  28179,
        64661,  14026, 100767,  59020, 153236, 152164, 104727,  34865,
        21734,   4731,  29344,  14003,  53500, 125952,  12697, 130875,
       151708, 147405,  75629,  49121,   8032,  45872,  27085, 136392,
        94608,  95874,   2893, 145099, 128876,  30295,  15679, 105154,
       151552, 110252,  98857,  57142, 127417, 113593,  36102, 139367,
        58724,  83366, 136380, 152416,  51691,  84003, 110921, 148409,
        54552, 107886,  27366, 151220,  92684,  14214,  30614, 134770,
       105752,  31277,  94668, 114493,   2766, 152828, 123823,  26175,
       147122,  52098,  11472,  47839, 115846,  38436, 111936, 139401,
        92567, 141434,  79306, 135245, 127507, 148544,  29604, 115921,
        68496, 127334,  69364,  99502, 127743,  15058, 103541,  53776,
       121016,  17127,  71044,   7902, 147776,  80081, 140186, 133377,
       113348,  66432,  60729,  97359,  31959, 139636,  44104, 153915,
        35264,    425,  15403,   2875,  79667,  89335, 130115,  43980,
        40863,  18997, 139348,  76033,   1736, 136220,  62744,  14988,
       137647,  62227,  60562, 105903, 131001, 107391,  60614, 131821,
        79562, 105299,  95550,   2642, 134113,  26434,  18805,   1912,
       130276,  12746,  88656,  62604,  63468,  27441,  81712,  10849,
       153277,  65285,   6802,  33153, 113675, 143221,  20783,  48265,
        65935,  53956, 117848,  39492, 150855,   1405, 113186,  13674,
       106494, 150434,  98900,  43717,  71875, 149164, 146082,   8359,
         2472,  85813,  64254, 142708,  58057, 130454, 130829,  18093,
        38792, 122310, 141884, 107349,  28576,  24402,  50976,  97447,
        11825,  14314,  41205,  34209,  64573, 124483,  49175, 137426,
         7215,  17896,  83902,   7058,  76254,  31494,  83116,  90892,
        71595, 138132, 136347, 107104,  54545,  62118,  58629, 106904,
       110870,  57291, 129209,  35358, 104421, 108791, 152478, 104997,
        25216,  33922,  31774,  88772,  18299,  58993, 147823,  43641,
       137030,  27727, 106082, 129338,  33390, 125050,  81795,  33407,
        34052,  42177,   7576,  19899,  15124,  29280,   8186,   2863,
        16367,  67379, 133148,  81707,  16953,  12586,  82077,  61041,
        75482, 141128,  56989,  89204,  33845, 132167,  31674, 118225,
       144660, 144459, 152511,  66422,  69990,   9551,  63641,  59875,
        92196,  68317,  91063,  15381,   7791,  57106,  73161, 116409,
        51675, 116271, 153321, 107387, 140775, 120717, 140441,  37797,
       131833, 111294, 148816, 143549,  33906,  16566, 143698,  55061,
       149669, 114947,  57275,  68820, 150124, 148444,   4817, 117777,
        77328,  41258]), array([ 91836,  66301,   8291, ..., 107258,  43710,  17380])]
shape of feat_train: (11544, 602)
Mean accuracy: [0.9257960747460874, 0.0009038565446298737]
