Namespace(dataset='reddit', dropout=0, epochs=400, gpu_id=0, hidden=256, inductive=1, keep_ratio=1.0, lr=0.01, method='random', mlp=0, nlayers=2, normalize_features=True, reduction_rate=0.005, save=True, seed=15, weight_decay=0.0)
size of adj_train: (153932, 153932)
#edges in adj_train: 10753238.0
Test set results: loss= 0.4646 accuracy= 0.9393
idx_selected :  [array([115254]), array([ 84305,  38785, 112865]), array([24559, 83401, 55284, 43315, 32250]), array([ 39795,  40006,  73283, 117096,  70644]), array([124118, 129395, 148108,  81323, 121373]), array([ 54203,  54232,  52724, 126380,  49977]), array([ 69389,  36936,  91013, 113787, 136740, 132356,  48902]), array([129451, 110087, 115039,  71689, 125086,  59967, 141955]), array([ 62528,  31131,  60943, 109998,  62288,  77634, 126103]), array([ 69207, 102380, 119150,   1022,  82285,  29072,  88504, 101779]), array([ 25049,  55282, 127808, 113275, 143482,  55484,  66722, 112267,
       131493]), array([ 91561,  79176,  47240,  90697,  36095, 129234,  67169,  36016,
        22298]), array([ 68221,  30129, 113731,  85986, 102909,  29027, 150764, 128919,
        86276,  64794]), array([142053,  55098,  69535, 107910, 108400, 120359,  94949, 126871,
         8476,  98841]), array([153076,  57741,  23117,  89823,  34678,  90998,  89296,  81099,
        90588,  72978,  74117]), array([  4147, 129557,  11444, 105812, 107571,  59136, 118914, 137091,
        67606, 142947,  61503]), array([  6054, 105783,  49304,  86868,  22862, 137400,  15215,  57574,
        32626,  88018,  10295]), array([  3628,  12259,  46797,  10298,  73348, 143089,  50562,  76182,
        24292,  38351, 117829]), array([ 73192,  33653,  81896, 107450, 118588,  45174,  42409, 134929,
        96879, 138055,  61911,  74869,  78084,  68757]), array([146064, 137479, 143889,  95202,  27754,  26157,  53088,  46875,
        68700,  37427, 116649,  61299,  32281,  96356]), array([ 20440,  58893,  69204,  29891, 147535, 106957,  37453, 124729,
        90566, 131523,  37399,   4463, 118154,  31657]), array([ 59728,  98040, 130138,  16506, 139311,  84023,  62959,  52433,
        73854,  95502,  45735,  38934,  68376, 134959]), array([ 73313,   2144,  99945,  83814, 151215, 121453,  28721,  98373,
        84476,  97286,   2859,  10858,  71920,  38929]), array([122815, 148967, 128536, 109346,   9520, 119686,  11581, 147775,
        63807, 102501, 132105,  31441,  37805, 115293]), array([105129,  41153,  46052,  85951,  30153, 101448,   1369, 139317,
       117588,  10020, 130409,  85237,  10424, 145535, 102660]), array([ 35507,  19697, 141737, 112766,  16901, 128276, 129059, 151894,
          930,  17149,  98318,  70183,  58051,  89604,  77235,  41048]), array([101399, 148302, 119475,  50372, 104949,  86292,  67466, 128945,
       135350,  58275, 117397,  46370,  76383,  30170, 140818, 135779]), array([117471,  84270, 116683,   4452, 130045,  64881, 129001,  28203,
       131593,  82941, 137912, 134730,  98168,  53789,  55896, 108565]), array([ 68917,  87673, 148401, 115455,   3509, 143517, 142113,  49504,
        51554,  87136,  53036,  34072,  65713, 148609,  29645,  68122]), array([118582,  75368,  43765,  30794,  50216,  43536,    492,  50482,
       125836,   3720, 150695,  45683,   1843, 125455,  25810,  33077]), array([ 94534, 128567, 149681,  45427, 127922, 101418,  63590, 137917,
       127538,  93567, 152158,  71172,  50074, 121283, 132435, 102425,
        90039,  68410,  28900]), array([ 68484,  42181,  40483,   8024, 148983,   2671,  42537,  22103,
       106595,  65412, 104471,  16072,  48622,  32654,  29364,  29250,
        83610,  60793, 150472,  69232]), array([121943, 100785,  40743,  84324,  31929,  93501,  57370,  94729,
         2998,  65343,  62176,  60242,  54031, 106449, 101819, 153847,
        34539, 101409,   3936,  56047,  57238,  24539,  71030, 148923,
        20750,  24540,  92996]), array([ 81678, 151636,   7107,  23668, 104024, 103130,  19010,  61382,
        81002, 115730,  39245,  81103,  16234,  81416,  88528,  69118,
        57290, 140112,  31467, 105447,  25817,  12144, 145575,  69491,
       129730,  58537,  12674, 128112, 126712,  58398, 152305, 149705,
       109782,  84162,  55859]), array([ 41768,  96915,  72911,  23932,  31524, 101851, 131482,  51880,
        50694,  24449,  75015,  24947, 142243,  62348,  81765,  71854,
        49904, 110430, 119443,  16119, 138271,  19283, 136621,  32237,
       100097, 135226,  96505, 130016,  81955,  45806,  29710, 130244,
        91936,  55537,  27662,  71268]), array([ 87743,   2836,  29986,  34233,  95045,  83040, 125905, 150524,
         8146,  31873,  80115,  83024, 150703,  49413,  74575, 122569,
        47140,   9486, 108642,  82494,  41297,  79870, 101357,  50426,
        80773, 108887, 144664, 122821,  76592, 107263,  30634, 124303,
        18463,  78284,  87438,  66553,  44995, 141700]), array([ 39045, 145215, 120445,  95522,  55942,  28182,  11874,  32744,
        51756, 151473, 151980, 106602,  14235, 129416, 146075, 122427,
       115280,  75034,  74066, 141535, 139435, 106081,  10338,  64775,
        17061, 152499,  74247,  75837,  49843,  66766, 132776,  41512,
       145399,  66430, 107607, 142667,  84287, 144966,  11334,  31872]), array([ 93984,  67942,  64379,  91076, 151832,  81741,  66406,  30478,
       118313,   4804, 104165,   7282,  36751, 139184,  20124,  73008,
        92651,  98450, 140550,  65973,  44150,  69849,  62699,  42057,
        55362,  60131,  81813,  72064, 145026,  92692,  59867, 115222,
       104321,  37194,  95065,  20763,   8683,   7702, 151614,  78261,
        10566,  96195]), array([ 55434, 120011,  12547, 123778, 153627, 151165,  66667,  30205,
       139101,  83929,  21189,  67240,  43172, 131488, 101598,  94352,
       108261, 129831,  75610,  47872, 117395,  75758,  52408, 118013,
         9522,   4469,  50561,  45060,  47473,  29008,  98608,  21632,
        56697,  44175,  16133,  82527, 102583,  54164, 112515, 144600,
        93454,  76222,  48059,  52286,  36809]), array([ 30651,  36297,  88817,  30726,  92513,  42377, 147075, 153518,
        86811, 143254, 100096,  22487, 119494, 151819, 116569,  53368,
        18155, 129595,  39962,  18449, 148444,  23240, 111604,   2037,
       116848,  14943,  58742,   5629,  25534,  53631,  84893, 104475,
        69477,  67818,  35398, 106665, 115562,  69882, 145021,   1377,
        88530,  59701,  25186,  12120, 110965,  91625, 122664,  76577,
        68734,  85770,  91489, 141239]), array([ 34333,  87972,  98145,  53894,  33867, 113237, 138527,  13248,
         3241, 105761,  71409,  32950,  53535,   2217,  88875,  27724,
       108466,  54250,   1062, 153098, 116873,  83611, 137602,  68969,
        35523,  57735,  19321,  23994, 146901,  23901,  54782, 135608,
        38188,   4287, 119315,  60060,  35327,  31851,  18111, 129567,
        68871, 130654,  99183,  24325,  88279, 114757,  18920,   3592,
       137187,   7661,    141,    497, 127998,  69396,  35073, 126993,
        34150, 106701,  37745, 149349,  46910,  40185, 120458,  55583,
       128001, 129558, 109090, 153183,  79379,  92645,  12049,  52908,
         4825,   5603,  98854,  82874, 117900,  59581,  53559,  92326,
        24495,  73109,  34320,  26422, 127664,  45607,  46332,  49702,
        90343, 142693,   1138,  68984,  99643,  40658, 152700,  52091,
        74949,  65805, 124740, 153099,  22816])]
shape of feat_train: (769, 602)
Mean accuracy: [0.7574728015325116, 0.01629529127491849]
