Namespace(dataset='reddit', dropout=0, epochs=400, gpu_id=0, hidden=256, inductive=1, keep_ratio=1.0, lr=0.01, method='random', mlp=0, nlayers=2, normalize_features=True, reduction_rate=0.002, save=True, seed=120, weight_decay=0.0)
size of adj_train: (153932, 153932)
#edges in adj_train: 10753238.0
Test set results: loss= 0.4640 accuracy= 0.9409
idx_selected :  [array([135190]), array([33926]), array([ 60912, 122848]), array([77155, 75891]), array([28927, 87827]), array([ 17879, 120334]), array([22157, 36178]), array([136081, 115175]), array([107528, 111638, 123621]), array([ 97306,  86420, 148931]), array([145464,  40087, 133713]), array([119483,  75658, 125743]), array([ 48121, 144943, 135813, 125485]), array([ 86404,  83002,  18573, 128860]), array([ 20417, 109564,  53003,  30222]), array([116576, 109040,  37591,  93834]), array([ 13025,  42591,  73118, 125729]), array([44537, 68204, 45759, 85240]), array([ 73014, 149575,  86034, 110277,  35578]), array([ 67783,  61120,  70564,    402, 136628]), array([102241,   2907,  62813, 119338,  98061]), array([146481,  63800, 108115,  83041, 100456]), array([111603, 119683,  28915,  15273,  74147]), array([22582, 43479, 84106, 35622, 78358]), array([ 25488, 109835,  21850,  27555,  43657, 148729]), array([ 23302,  18294,  71791,  24094, 102127, 147726]), array([ 16332,  66940, 107775, 150195,  90379, 129787]), array([ 51320,  40480,  56693,  80542, 138736, 103219]), array([ 87136,  65232,  31293, 144019,  70929, 147628]), array([133044,   9330,  97589,  55346,  26684,  21269]), array([100706,  11351,  85775,  63269,   7958,  53132,  85705]), array([ 81850,  67728, 106314,  62015,  45848, 150481,  43886, 141562]), array([126062,  78116, 106816,  17779,  27279,  88465,  23735,  13810,
       122116,  41941]), array([103459,  14944,  78105,  39297,  52732,  47144,  92796,   5075,
        27869,  78923, 112149, 108450, 151559,  93377]), array([ 93373,  82945,  98372,  28816,  98762, 107914, 114327,  76283,
         8382, 144681,  27490,  91160,  14116,  82603]), array([ 85414, 144899,  84659,  73530,  28289,  25435,  50494,  16799,
       145192,  32749,  83958,  99197,  67537,  37371,  44129]), array([ 29367,  10916,  71782,  34873,  85456,  37982,  62675, 122486,
        36129, 122343,  77801,  62167,  59030,  86902, 123173, 148788]), array([127501,  95529, 117306, 138611,  41855, 104322, 117248, 106839,
        53700,  12217, 123526, 111566, 140814,  88818,  41813,  58770]), array([146569,  19090,  14523,  28016, 119828, 123982,  88762,  16776,
        40862,  25926,  97850, 131088, 148898,  42316, 150561, 151942,
       124294, 139771]), array([108787, 141618, 117444,   5115, 138329, 129151,  47641, 111531,
        96472,  79785, 142808, 126541, 148782, 127707,  55314,  40927,
        84784, 126822, 152768,  58026, 122405]), array([ 91836,  66301,   8291,  65121,  91221, 127581,  18903, 120367,
        32036, 106462,  81665,  36510,  39055,  55999,  83704,  71050,
       146876, 115677,  22727,  97825,  59215, 142767,  79064, 120193,
       106712,  57625,  56514,  28635, 131253, 134321,  21115,  27179,
        27906,  29236, 102993,  85228,  49266, 113824,  99871,  87458,
        21885,   7079,  53614,  29319,  31300,  24236,  77089, 113705,
       137044,  25314, 107438,  39365])]
shape of feat_train: (307, 602)
Mean accuracy: [0.6778219539523621, 0.01661531386144613]
