Namespace(dataset='reddit', dropout=0, epochs=400, gpu_id=0, hidden=256, inductive=1, keep_ratio=1.0, lr=0.01, method='random', mlp=0, nlayers=2, normalize_features=True, reduction_rate=0.02, save=True, seed=120, weight_decay=0.0)
size of adj_train: (153932, 153932)
#edges in adj_train: 10753238.0
Test set results: loss= 0.4640 accuracy= 0.9409
idx_selected :  [array([135190,  76367,   4638,  27132]), array([ 33926, 141720,  74673,  69489,  12304, 102418,  16915,  88011,
        85249, 121144,  14106,  66472, 140192, 114896]), array([ 60912, 122848,  91386, 143061, 111394, 146218, 153240,  12527,
        10850,  31107,  90669, 107680,  87699,  31146,  48687, 142903,
        64822, 153415, 116071, 102590, 149120]), array([ 77155,  75891, 142074, 101497, 113964, 109161,  49871,  75949,
        25503, 153248, 119112, 125799,  63589, 105088,  22058,  54555,
       128723, 110282, 121458,  87397,  90958,  44497]), array([ 28927,  87827, 150896, 150508, 129044, 112755,  98453, 119299,
       123541,  26834,   4275, 110436,  72997,   6064,  77625,  85998,
        27542, 124132,  91296, 120144,  46888,  75702]), array([ 17879, 120334, 144745,  72820,  81979,  58947,  49452,  25324,
        76524, 101927,  75678,  13704, 108641,  61760,  86435,  85546,
       149142,  71430,  92312,  10469, 110392, 137873, 144370]), array([ 22157,  36178,   7007,  48692,   4120,  77831, 114806,   3064,
       120995,    399,  88843, 108609, 143713, 112511,  36793,  34141,
        89044, 150128, 133600,  68890,  15629,  12699, 134897, 103950,
       140759, 114152,  47984,  60697,  68473]), array([136081, 115175,  76357,  67667, 113879,  36269,  80607, 113526,
        29292, 132739, 118326, 146563,  38395,  65035, 127181, 114174,
       100821,  36730,  29071, 133138, 124393,  68677,  39313,  39376,
       152020,  99105,  14930,  58074, 138944]), array([107528, 111638, 123621, 100850,    336, 134565, 101677, 114899,
        32537,  70026,  27409,  61095,   9282,  64186,  65332, 113086,
        14411,   9279,  66281,  72975, 136307,   8192, 111787,  61413,
        31350,  46225, 147782,  66899, 132965, 131822,   9537]), array([ 97306,  86420, 148931,   4363,  94140,  15991, 103460, 105711,
        62928,  70329,  48171, 123111,  41742,  73523,  63032, 111133,
         7899,  38755, 133078, 128910,  69633, 129857,  34184,  69301,
       133145,  99728,  93397,  10092, 137508, 115155,  35760,  55681,
       128032]), array([145464,  40087, 133713, 120707, 137556, 134456,  90536, 111629,
        62100, 136863,  13335,  77922,  22000,  72172, 116636,  77943,
       107581,  96424, 132581, 112530,  43246, 136152,  45425, 143910,
        48976, 149931,  61063, 148434,  15350,  82468,  80659, 141596,
       109523, 152339,  51470,  73679,   4547]), array([119483,  75658, 125743,  67190, 151880, 137615, 150370,  14440,
       121600, 131113, 138667,  42993,  62361,  30696, 117710,  97915,
       138126, 152868,  56468,  60134,  47779, 134966,  76659, 134020,
        51764, 152464, 137930,  11564,  43593,   3027,  57166, 101889,
        11142, 109702,  98746,  33864, 106625]), array([ 48121, 144943, 135813, 125485,  90075,  60520,  37208,  31113,
        62755,  30528, 129537,  41322,  31072, 122044,   5804,  86991,
        42814, 138127, 108599,  52175, 145823,  23628,  47108,  76331,
        30256, 127523, 112414,  14568,   4211, 138000, 141476, 131468,
        50628,  14518,  35410,  53855, 141214, 147971,  44546, 125880]), array([ 86404,  83002,  18573, 128860, 125375,  65711,  43002, 113339,
        22452,  37849, 137412,  77318,  52866,  69323,  54598,  86778,
        44974, 106988,  50705,  10267,  88909, 135099,  78287, 147438,
        81590, 113735,  98550, 119874, 139521,  49035,  52296, 106611,
       146890,  68059,  56720,  93753,  37895, 134558,  66082,  30014,
       119933, 146121]), array([ 20417, 109564,  53003,  30222, 148165,  55117, 142773,  69224,
         9647, 100466,  44077, 142127,  31596, 106238,  58244, 130657,
        25719, 121640,  14330,  63601,  77697,  54110,  45603,  50311,
         2269, 136865,  44626,  83650,  14301,  79573, 149552,  53296,
        47436,  75227, 140078, 118461, 101081,   6621,  65062, 145243,
       109851, 117308,  47300,  76147]), array([116576, 109040,  37591,  93834,  65223, 113664, 137682,  84267,
        72453,  42796,  79446,   2824,  68859,  66586,  25173, 134340,
        76128, 109597,  55831,  93325, 125562,    287,  71288,  32707,
       126266, 132811,  47463,  45873,  48605,  31214,  63619, 112731,
       120778,  47611, 105812,  10799,  72695,  56184, 119973,  82120,
        65493,  99158, 123584,  79145, 115057]), array([ 13025,  42591,  73118, 125729,  38192,  66090, 100410,  28829,
       129217,  36332,  87436,  59305, 147442, 122106,  40156, 143782,
        16088, 128061,  15215, 111048,  72606,  98879, 129458,   8267,
        36479, 124778,   1802,   7056,  88332,  92149,   6544,  13326,
        32710, 138298,  88778,  11751,  69896, 134741, 103428,  22398,
        96078,  31224,  49847, 118759,  87118,  42777,  30638]), array([ 44537,  68204,  45759,  85240, 130445,  76830,  92649,  92594,
        35840,  93977,  89140,  40192,  52279,  30901, 130059,  52100,
       130329, 147923,  95426,  76947,  57347,  45818,  14206,  21578,
       120450,  27583, 121245,  95191,  34092,  83639, 128682, 147685,
        82783,  28003, 127215,  59961,  64982,  91917,   3784,  67576,
        22385, 127635, 118791, 115974,   6065,  88436,  24292]), array([ 73014, 149575,  86034, 110277,  35578, 135134, 114879,  18290,
       123132,  36745, 138862, 108323,  96974,  70269,  61155,  51264,
       101879,  85647,  34448, 102348,   4998,  84961,  37979, 151968,
        64066,  95892, 114063, 135785,  36418, 128954,   4874,  81174,
        19581,  63535,  32297,  83362,  49003,  11329,   3016,  65898,
        91626, 118152,  71871,  42174,  50174,  24652,  12796,  78776,
         2558,  37368, 138899,   4694, 102143,  83135, 115310,  82248]), array([ 67783,  61120,  70564,    402, 136628, 127595,  28777,  13328,
        52596,  67075, 140745,  52493, 139433, 124167,  17188,   8435,
        14826, 150349, 106464,  47021,  76310,   5706, 119974,  98697,
          204,  36304, 151803,  38856, 144374,  26565,   2795,  63299,
        42422, 149374,  81256,  56309, 119840,   5121,  12870,  82903,
        45805,  12863, 102519,  28450,  61508, 124702,  40034,  65170,
       129919, 141205,  35839,  96978,  41392, 144626, 123967,  61440]), array([102241,   2907,  62813, 119338,  98061,  28959,  26470,  19590,
       115725,  14256, 116413,  11121,  31544, 106573,  92181, 113548,
        61642, 120930,   2343,  66626,  37504,  42199, 142865, 135692,
        56158, 107325,  47600,  36144,  55976,  62305,  92160,  84009,
        82430,  21033,  75215, 147428,  13953, 141786,  83701,  10642,
       104748,  14964,  60238,  86930,  95020, 130707,  92344, 116029,
        81776,  55233,  22191, 153706, 119692,  73365,   9471,  31691]), array([146481,  63800, 108115,  83041, 100456,  57875,  39319, 133085,
       112945,  93407,  33069,  11149,  37337,  68154, 117572,  50516,
       143555,   2935,  51659, 122738,  42313,  95342,  42951,  73829,
        26993,  35638,  84368,  15993, 101661,  27147,  55498,  71379,
         4728,  13971, 151802,  59989,  76019,  12816,  95216, 120302,
       150514, 101679,  24017,  87318,  54435,  41334, 106797,  43242,
         7549, 152945, 112047,  89238,  77316, 153074, 116812,  61770]), array([111603, 119683,  28915,  15273,  74147, 150603,  24328, 135343,
        46004, 131097, 149907,  39359,  17241,  14293,  22127,  11673,
        42128, 151960,  12198,  64023,  60736, 100967,  62708, 100681,
       104860,  94389,  79748,  40706, 109619,  69965, 144788,   9309,
        83328, 124646, 125351, 147233, 131218,  79129, 130352,  96691,
        32973, 133312,  22057,  47664,  86535,  10871,   1915, 125355,
        23292, 138580,  89979,  86782,   9932,  51949,  10019,  84951,
        65925]), array([ 22582,  43479,  84106,  35622,  78358,  68451,  57300,  51423,
       141359, 136866, 137518,  32761,  60358, 145701, 145652,  25837,
        85266, 107027, 124922,  60518,  33163,   5999,  36613, 149029,
        60059, 122955,  60606,  41677,  50057, 115552, 145068,  13417,
       128868,  91627,  71125,  22078,  81920,  19259, 135318, 113973,
          335,  24087,  32112, 121568,  50213, 109149,  68120, 105896,
        71427, 150292,  18382,  22992,  78437,   7399,  31321,  23641,
       146988]), array([ 25488, 109835,  21850,  27555,  43657, 148729,  33560, 136745,
           56,  77210, 125574, 131698,  47264,  34520, 128894,  22902,
       111041,  70086,  30881, 149353, 122837, 111743,  13432, 132220,
        28262,  79358,  98320, 153246,  15312, 103914,  17962,  42717,
        74137,  59495,  53303,  14475, 105479,  44566, 121677,  35592,
        88852, 132791, 150792,    952,  17999,  41390, 108909,   5647,
        95757,  93337, 130495,  78686,  22165, 146362,   2552, 119675,
        94585, 107249, 118663,  57471,  41837, 131755]), array([ 23302,  18294,  71791,  24094, 102127, 147726,  45217,  65953,
        43991,  94650,  27394,  66252,   7547, 115556, 113340,  68397,
        31360,  34324, 153020,  21664,  72927, 105118,  73278,  85689,
       127289, 146766,  66863,  18919,  78497,  64480, 127833,  74841,
        15205, 121761, 139469,  67260,   5385, 147076, 142327, 101560,
       120309,  31238,  72105,   6905,  69554,  88311, 141411,  58844,
        45114,  14610,  81030, 124068,  77471, 124944,  69040,  17466,
       149149,  91035, 139219, 133697, 136876, 102878,  33124, 127941]), array([ 16332,  66940, 107775, 150195,  90379, 129787,  26576, 106155,
       149333, 121750, 143786, 132193,  39941,  53471,  56204, 121542,
       120505,  53481,  72353,  99047,  25771,  54551, 121420,   3077,
        35861,   2481,  71445, 133038, 129470, 122892, 139492,  93700,
       150066,   8387,  75266,  45050, 147681, 123676,  79554,  56930,
       112520, 136940,   3006, 147265, 137638,  48129,  36093,  91113,
        88780,   1511,  34207, 120755,  93571,  34130, 115174, 120282,
        67706, 149649,   3117, 151176, 130449,   9387, 132433, 142681,
       125907]), array([ 51320,  40480,  56693,  80542, 138736, 103219,  94764, 130887,
       126133,  56609,  53359,  48090,  90651,  42560, 117759, 132279,
        21674, 144869, 132874,  21046, 116586, 145578, 153037, 148934,
       122934,  40521,  96094,  43744,  83083, 123904,  70078,  63773,
       135153, 103762,  40502,  87174, 122761, 110594,  16027, 131015,
       109738,  21707,   4217,  96635,    148,   3322, 149661, 121793,
         4451, 121494,  97436,  83984,  81957,  93460,  57084, 147489,
        49106,  15103,  87191, 133801,  89887,  14265,  87707, 101016,
       107526,  50573]), array([ 87136,  65232,  31293, 144019,  70929, 147628,  19202,  25581,
       102360,  55106,  94576,  98674,  64678,  91052, 106996,  10185,
       121384,  44583,  66202,   5561, 141730,  51816,   8480,   1723,
       101253,  64235, 127271,   1389,  44714,  65807, 135631,  91536,
        32091, 123974,  61989, 130975,  35333, 105514,  44838, 134117,
        49570,  80487, 132602,  20019, 115645, 124711,  59561,  19696,
        45121,   4601,  55292, 123999, 124620, 121949,  95497, 137504,
        55327,  59507,  36081,  14907,  58310, 131588,  68155, 118026,
       100428, 131110,  85590]), array([133044,   9330,  97589,  55346,  26684,  21269, 108328,   6298,
        37547,  36882,  37181, 100926,   1407,  72581, 136511,  78952,
       145537,  20282,  64746,  36709,  77119,  47219,  65957,   5840,
       144495,  19702,  42049,  83590,   4814,  67907,   5136,  39119,
        61030,  94748, 145633, 102679,   3051, 105089,  92706, 150276,
       104811,   3830,  63414,  28168, 144426, 106313,  82830,  85690,
        11807, 117779,  87274,  24279,  53183, 125687,  62868,  92039,
        85508,  85493,  11170, 102564,  96822,  41763, 100350,  29764,
        16381, 132298,  38997]), array([100706,  11351,  85775,  63269,   7958,  53132,  85705,  17263,
       122598,  72890,  50294, 127273,  24641,  83829,  39358,  59833,
        48682,  13178,  19295, 100354,  79077, 148000,  53225,  36285,
       138259,  14269, 115697,  69280,  77039,  42765,  41058, 118992,
       110472, 114501, 109874, 133849,  80437, 100358,  22188,  98408,
        94556,  69522,  76399,  83647, 111424, 148257,  26255,  75558,
       110684,  12945, 116660,   7305, 141846,  99611,  99111,  66978,
        20298,  84318,    713, 120444, 145144,   2639,  98924,  97455,
        42004, 131480,   5098,  59412, 101528,  21531,  42223, 125425,
        80538, 136112,  38852,  20183, 109301]), array([ 81850,  67728, 106314,  62015,  45848, 150481,  43886, 141562,
        63463,   9538, 145112, 101072,  31098,  78253,  22535,  13308,
       101832,   5696, 102284,   3240,  69199,  36762,  97622,  98670,
        71590, 101099, 128501,  47167,   2408,   7199,    210,  38119,
       124273, 119454,  25860, 150742, 122221, 141406,  15941, 131736,
        16996,  40489,  15194,  12382,  54616,  30800, 148608, 150945,
        29318, 102174, 116759,  94296,  79275,  60832,    427,  46546,
        87390,  54326,  18787,  92793,  47260, 146102,  50570, 121596,
       106116,  70755,  88894,  82202,  44923,  49437,  54487,  36021,
        97344,  41050, 109793,  16806, 130691, 119878,  31845,  37702,
        99192]), array([126062,  78116, 106816,  17779,  27279,  88465,  23735,  13810,
       122116,  41941,  96548,   2920, 149722, 148543,  52009, 149970,
        97394,  24985, 112280,     48,  53745,  13230, 127762,  71975,
        85949, 119288,   1375,  24540,  57361, 143663, 127242, 149031,
        57805, 145219,  40822,  45343, 126732,  86479,  29829,   6006,
        14006, 139262, 103151, 132588,  87593, 107406,  97133,  99926,
        93452,  52545, 116802,   5394,  42356,  82314,  74372,  88429,
        32145,  43341,  35637,  47298,  47946,  63827,   1038,  86861,
       115414,  82732, 133524,  45554,  22525,  55874, 108387,  54756,
        77644,  29886, 129098,  93639, 110628,  10329,  62658,  54054,
       126419, 107733, 133633,  87161,  25140,  17089,  94131,  20445,
        62142,  25745,  69415, 150708, 133179,  94898, 111777,  78451,
        32342, 121743,  31339, 109266,  31742, 133394,  92766,  30063,
        22331,  19232,  11636,  24680]), array([103459,  14944,  78105,  39297,  52732,  47144,  92796,   5075,
        27869,  78923, 112149, 108450, 151559,  93377,  47933,   2798,
        97503,  48575,  58321,  17256,  29809, 138363,  85930, 144858,
       149318, 113969, 133332,  50922, 136415, 134097, 110314,  72913,
        78716, 119246, 151667,  62267, 124080,  96271,  50153,  39996,
        99005,   1076, 129795, 142161, 124485, 150844, 125990, 119700,
       128112, 100378, 127318, 113813,   2085,  71265,  35869,  82982,
       144736,  50929, 139667, 148061,  60654, 128122, 103883,   5808,
        50844, 142549,  17051, 134481, 103226,  13520,  89519, 150948,
        70524, 133667,  69491, 102157, 135363,  53548,  38323, 114617,
         6203,  33307,  68164,  31185,  51296,  12050,   1940, 105071,
        73562,  98051,  51592,  77761, 127953,  53796,  18513, 146707,
        60797,  21996,  96700,  17658,  54991,  46813,  68553,  37058,
        39949, 116395,  21437, 148133,  60155,  94722, 141365,  20324,
         3456,   9338,  15945,  34259, 142372,  20558,  35416,  62559,
        76995,  57041,  97996, 137411, 102128,  29752, 136361,  37405,
        55576,  68652, 114664, 113220,  90572,   8528,  55539,  20696,
       125379, 110574,  40883,  92083,  33191]), array([ 93373,  82945,  98372,  28816,  98762, 107914, 114327,  76283,
         8382, 144681,  27490,  91160,  14116,  82603,  80120,  29206,
        37675, 133613,  89149,  80907,  15030,  83356,  66819, 153232,
        49152, 114595,  91518,  51654, 143046, 143297,  10445,  63226,
         6588,  18113,  52995,  76134,  87085,  29906,  77858, 109747,
        37479,  34575, 124441, 103952, 118291,  32890,  85226,  48491,
        62547, 151291, 103841, 115811,  10738,  22827,   6261, 131122,
       152863,  12454,  91377, 111056,  58476,   7670, 138364, 132814,
        54635,  52342, 111289,   6428,  25728, 112848, 127116, 108902,
       144826, 121769, 135064,    467,  36628, 107158,  25770,  39364,
        42753, 119258, 115593, 146451,  12565, 113376,  74474, 153615,
       152456, 127615,  51434,  75918,  83776, 102906, 121074,  80083,
        21760, 153918, 132719, 135525,  45542,  67425,  51022,  80355,
        37228,  51582,  17120,  42259, 117507,  50694, 100690, 125927,
        35323, 138584, 145250, 132937, 126002, 152591, 129704,  21801,
        22578, 112762,  46659, 138343,    655, 146762,  57341,  63429,
         4145, 111201,  77997,  91584, 136277,  13907, 123681,  12397,
       136805, 143036,   3394, 101706,  39409,  16271,  47780, 125694,
        37733]), array([ 85414, 144899,  84659,  73530,  28289,  25435,  50494,  16799,
       145192,  32749,  83958,  99197,  67537,  37371,  44129,  34354,
        59677, 121791, 134294,    471,  67207,  17154,  37149, 135651,
       143914, 148772, 126615,  69419,  43660,  61085,  51574, 147727,
        31788, 149236,  32768,   1846,  41602, 114937,  47437,  99341,
       129915, 146231,  10450,  76852,   4316, 109587,  91589,  81793,
       122686,  86917,  38261,   4149, 120267,   5786,  57662,  25855,
       101404,  16883,  73146,  81204,  80588, 138045,  27660, 134382,
       153491,   4198, 107141, 112880,  45867, 113034,  85562,  26746,
        15644,  44861,  60326,  58682,  26042, 140542, 141062,  82107,
       106054,  33039,  12831, 135208,  38973, 140047, 149028, 134355,
       135138,  53648,  90825,  63064,  57918, 126468,  51099,  20665,
       132399,  53053,  25891,  45643,  81771,  65809,  61703,  37881,
        74553,  23533, 151217, 111379,  66525,  32004,  35601,  29166,
        72801, 149395, 139989,  54452,  17208,  76894,  67660, 104864,
        10026,  57958,  61171, 106206,  48286,  99380, 137272,   6002,
       101915,  15623,  48948,  36279, 117610, 146849,  57182,  50424,
        66236, 103657, 145653,  18062,  65665,  94026,  89334,  83626,
       129805,  31354,  18998,  31147, 115776,  30594,  37842,  80623,
        81129]), array([ 29367,  10916,  71782,  34873,  85456,  37982,  62675, 122486,
        36129, 122343,  77801,  62167,  59030,  86902, 123173, 148788,
        34276,  71855, 152006, 122339, 125691,  12166, 101239,   6857,
        42588, 149896,  33388, 100903,  54151, 106533,  71682,  59077,
        43143,  16397, 144543, 138462,   4580, 119979,  44093, 127639,
        42999, 138601,  22622,  37127,  86549,  94545, 139278,  80365,
        58581,  30349, 100486,  26358,  19431,  40069,  16934, 101326,
        88262,  55488,  74852, 111453, 112968,  51667,   9240,  29703,
        20082,  91898,  95161,  47261,  10579,  49974, 142697,  33004,
        77914,  32770,  58960,  40316,  99299,  25571,  91449,  96382,
        12574,  87392, 106398, 126057,  60462,  46211,  67452, 113668,
        97929, 134617,  90410,  17462, 149492,   2361,  28611,  97603,
        61572,  87185, 137308,  94979,  90247,  81227,  25250, 120140,
        41579,  56961,  89945, 144188,  96894, 142173,   7631,  42922,
        72354,  73689,  54196,  25477,  96243,  48422,  45186,  70786,
       116170,   6204,  47800,  65230,  77167,  94346,  27019, 133621,
        83724,  26269,  19093, 146264,    692, 138849,  11441,  59223,
       126484,   5418, 105679,  97928,  27332,  20233, 120275,  47561,
       135430, 121860, 134606,   5232,  45995, 110732,  87513, 137285,
        94752, 105216,  93265,  37764, 125041,  26801,  62211,  91633,
        40205, 147026,  98902]), array([127501,  95529, 117306, 138611,  41855, 104322, 117248, 106839,
        53700,  12217, 123526, 111566, 140814,  88818,  41813,  58770,
        80735,  82938,  40383,  19062,   9325,  78078, 102949, 149050,
       111671,   4112,  82259, 112758, 115515,  67448,  14966,   2127,
        97513,   3310, 109637, 129668, 146315, 119579,  85994,  75244,
       133002, 124100,  58473,  89658,  36891,  62536,   8549, 128285,
        27961,   6302,  35720,  80485,  83702,  65330,  40906,  90645,
        28938, 141865, 128508,  27261, 153214,  44993,  89931,  20241,
        26516, 145912,  97910,  26511,  54826,  61099,  70388, 109396,
       117774,  41150,  16800,  66841, 136646, 122663, 116276, 138519,
        83599,  78768,  53978, 120957,  48075,  28275, 116727, 148484,
       142660,  29355, 150621,  68074, 119099, 124141,  76725,  77120,
         2895,  39899,  74213,  87089, 145620, 120882,  87885,   8327,
       103062,  88862,  65225, 107868,  18082,  18556, 101921,    501,
       109789,  44675, 100461,  18403,  20206, 127330,  82799,  76640,
        95370, 123104,  72969,   1067,  72078, 103902,  71227,  25454,
       132975,  67686,   2197,  33952, 138315, 149859,  73724,  15780,
        10605,  30555, 150967,  44520,  35774, 148821,  29386, 139718,
        37918, 125827, 106605, 125484, 133854,  27414,  11116,  23222,
        78513,  94787, 116419,   6981, 130240, 111874,   6222,  58518,
        51065,   4773,   3576,  92116, 130734,  46963, 152325,  43480,
       118060]), array([146569,  19090,  14523,  28016, 119828, 123982,  88762,  16776,
        40862,  25926,  97850, 131088, 148898,  42316, 150561, 151942,
       124294, 139771, 120552, 113396,  20161,  13500,  72141,  59651,
        94850, 117965,  61149, 138804,  38120,  85754, 115732,  78829,
        42747,  72291,  60506,  68352,  11570,  10039,  42117, 151138,
        37721,   4046,  38766, 101012, 109728,  71742, 120823,  68953,
       148928, 111829, 100920,  48861,  99683,  31389,  18283,  98918,
       148328,  53923,  64885, 141728,  83990,  82614, 102709,  74832,
       111766,  41326,  52299,  37378, 110148,  51576,  90827,  90430,
        29614, 143774, 138114, 124858, 120190, 120011,  86393,  12052,
       140070,  68185,  13473,  17932,  94291,  37637,  26863, 125139,
       146606,  30558,  60578,  95519, 141717,  18950,   3283, 132821,
        39759,  90517,  85752, 132229, 119773,  73887, 109000,  25482,
        81362,  85190,  48278, 153116,  70046,  43052,  10349,  25115,
        52574,  29159,  54499,  80937,  88639, 129095,  89201,  69316,
        16507,  82299,  51619,  17402, 124745,  26012,  41601,  51092,
       115159,  99041, 114850,  64941,  87843,  29092,  32670, 148570,
        71406,  19984,  42599,  72602,  44765,  76350,  57528,   5624,
       148255,  54280,  39808,  59862, 107009,  73499, 123570, 128132,
        94509,  64868,  62457, 117194, 114357,  15269,  97265,  59493,
        22041, 117415, 105715,    894, 110976, 115690,  34715, 125278,
        72264,  96305,  72307,  60959, 145888,   9738,  53412, 112101,
        89175, 120535, 101955,  18851,  42781, 148754]), array([108787, 141618, 117444,   5115, 138329, 129151,  47641, 111531,
        96472,  79785, 142808, 126541, 148782, 127707,  55314,  40927,
        84784, 126822, 152768,  58026, 122405, 117322,    138,  54916,
        15481,  63005, 143805,  31652,  75797, 143376, 148216, 149557,
        74658,  39198, 116257,  79081,  70399,  23052,  24693,  49912,
         3515, 136367, 144208,  96660, 113332, 109142,  61187,  72918,
        86663,  28337,  89687,  47680,  26007,  54112,  26524, 137743,
        26776,  17910, 128342,  94447,  79579, 114653, 109064,  37723,
        42874,  71354,  24027,  22501,  76244,  98998, 115724,  64285,
        92891, 144596, 107131,  87921, 121221,  43273, 147680,  21161,
       104136, 130556, 104632,  80484, 127387,  61536,  18965,  80311,
        50331,  58814,  96967,  84596,  12891,  29422, 144070,  51378,
        88207,  78939, 119714,  61196, 100263, 117832, 115860,  11789,
       122664, 115144,  57659, 140734,  23034,  15310, 127499,  26798,
        54603, 110717,   4560, 123827,  77732, 144260, 113195,  73816,
        36583,  10064,  25151,  51749, 134519, 124767, 142651,  35157,
       107261,  26940,  65787,  25752,  29165,  15213,   2228, 128247,
        50825,  20160, 102817,  87896,  85720,   3249,  69925,  91731,
       112873, 148698,  53785,  39176, 114450,  81861,  74312, 120775,
       127395, 111823, 114726,  16042,  95784,  77822,  44559, 128169,
       141852, 117594, 112752, 120332,  94873,  11031,  65222, 105702,
        86923, 129729,  50480, 144729, 135297,  81354,  25456,  27750,
        54567, 133062,  76683,  35555, 143940,  49445,  89382, 132401,
        44151,  92680,  18819,  64653, 137280, 123039, 107978, 127062,
        83502, 131369, 123602,   3987, 141173, 124949,  31728,  68565,
        37101,  18171,  30902,  85770, 135081, 134372,  85748, 141564,
       107032,  30276,  91751]), array([ 91836,  66301,   8291,  65121,  91221, 127581,  18903, 120367,
        32036, 106462,  81665,  36510,  39055,  55999,  83704,  71050,
       146876, 115677,  22727,  97825,  59215, 142767,  79064, 120193,
       106712,  57625,  56514,  28635, 131253, 134321,  21115,  27179,
        27906,  29236, 102993,  85228,  49266, 113824,  99871,  87458,
        21885,   7079,  53614,  29319,  31300,  24236,  77089, 113705,
       137044,  25314, 107438,  39365,  69460, 111032, 117701,  34160,
        56252,  42513, 109854,  10017,  93799,  37718,  58865,  53085,
        26011, 142360, 150594, 130652,  83648,  72096,  33840,  32705,
       122796,  48911, 100620, 133043,   7671,  69306, 126238,  37738,
       105473, 134769, 150309, 106175,  90431,  71552, 139183,   3715,
        33094,  95545,  83915, 124535,  12128,   9564,  50081,  57497,
       134693, 119264,  96254, 151510,  96284, 128678,  28013,  45861,
       101668,  31073,  52005,  26598,  82370, 106635,  73445, 137951,
        75252,  30633, 111070,  32724,  72435, 147016,   1523,  18711,
        33197,  36274,  99449,  15738,   6239,  20599,  35838, 123863,
        85659, 108209,  79356,  85361,  91640, 105188, 109472, 126925,
        26309,  90643, 117600, 135717,  13103,  25598,  78094,  60063,
        92809, 130753,  39842, 129320,  93838,  53794,  68490, 128629,
       139767,  65196, 141421,  51279,  99722, 144197, 130848, 121266,
        55131, 118705, 138296,  59147,  94765,   8731,  28270,  23745,
       105750,  23154, 109467,  51413, 120933,  47807,   5930,  66132,
        41770, 110562,  69017, 110399, 140786,    253, 101361, 148376,
        79597,  48328, 139024,  49887,   1495, 141357,  13846,  96641,
        87859,  75764,  85342,  51898, 107830,  96360,  33613, 130548,
       120978,  47294,   4864, 131336, 135066,  59917,  95842,  93190,
       130534,  87277, 122825,   6697,  40751,  92363,  14038, 120803,
        36741, 127165,  24923,  31773,  20205, 131805,  44511,  88281,
       146810, 109559, 128119, 113904, 113908,  75736,  24612,  55102,
       120010, 144940, 125209,  43060,  88333,  52883,  26612,  90602,
       148088,  21183, 107955,  80728,  95070, 104928, 101883,  86842,
        99894,  95690, 103817,  82196, 123596,  82266,  85725,  98596,
         6928, 121444,  12316,  91908,  19203, 137064,  77987, 143158,
       129556,  89793,  76131, 113389,  28318, 115578, 152601,  37599,
        13845,  99122,  33884,   3068,  69669,  15746,  96218,  96021,
       123380,  28148, 112472,  58654,  14927,   6111,  38007, 122914,
       114107,  83318, 102802,  49034,  71301,  27719, 147821,  52033,
        28113,  23953,  80656,   7859, 153413,  11498,  56127,  22031,
       125445, 133218,  17443,  89697, 119971, 132982,   5962, 149275,
        29258,  55391,   7855,  51361, 145765, 108913,  24779,  62500,
        61145,  27974,  90673,  58044,  74571,  23510, 120419,   2820,
        57588,  76071,  36429,  17313,  67992,  77567,  91178,  86381,
        65148,  76607,  79380, 119858, 100871, 146705,  29352,  19316,
        16319,  56847,  44278,  33741,  82758, 113156,   9751,   3387])]
shape of feat_train: (3078, 602)
Mean accuracy: [0.8992283225503307, 0.0013575830988759687]
