Namespace(dataset='reddit', dropout=0, epochs=400, gpu_id=0, hidden=256, inductive=1, keep_ratio=1.0, lr=0.01, method='random', mlp=0, nlayers=2, normalize_features=True, reduction_rate=0.02, save=True, seed=1, weight_decay=0.0)
size of adj_train: (153932, 153932)
#edges in adj_train: 10753238.0
Test set results: loss= 0.4898 accuracy= 0.9398
idx_selected :  [array([130131,  88293,  58568,  66823]), array([ 78096, 127517, 120522,  79277,  53476,  72850,  58554,  85301,
        70395,  11206, 118374,  34389,  79466,  74864]), array([ 89177,   3146,  54014, 139821,  94479,  84884,  56598,  36591,
        13666,  19128, 144103, 110063, 116185,  80569,  28828,  74395,
        98659,  63689,  46092,  36323, 118159]), array([   987,  73550,  64414,  86360, 109230,  44578,  99137,  14714,
       102701,  42971,    186, 112801,  16746,  48928, 136163, 121406,
        79715, 109620, 116769,  50393,   4592,  56688]), array([ 42456,  27495,  76689,  92620,  72876, 151811, 118321,  81908,
         1591, 126767,  33419, 150896,  46011,   4275,  79362,  87827,
        75931, 110607, 131327, 121771,  34147, 128713]), array([ 84593,  58259, 141317,  16904,    421,  58665,  54203, 119531,
        48461,  83670, 141776, 138939,  66839, 102341,  32463, 135432,
        45804,  81979, 120334,  91639, 100427,   3048,  22654]), array([ 32617,  82373, 123944, 126903,   2135,  29765, 112728,  39278,
         5818, 106395,  19844,  76098, 114152, 138675,   4724,  16791,
        76931,  75796,    133,  89040,  56682, 137915, 105320, 121316,
         1625,  56486,  90750, 115813,  81709]), array([138206,  21974,  26819,  99066, 151387, 134633,  23213,  11426,
       143044,  34663,   1612,  24219,  24966,  39893, 118651, 110189,
       131835,   5670, 110044,  62561, 125390, 123023, 117073,  67098,
         7238, 123652, 146944,  70971,  92713]), array([ 48462,  76835,   5503, 127561, 113151,  59785,  27240,  60465,
       108634,  86477,  57489,  60712,  44688,  62823,  53613,  55904,
        52851,  96778,  61026,  84810,  88414,  49662,  10594,  42783,
       124730, 124985,   5420,  18922, 124709,  96251, 127867]), array([ 65496,  81294,  47191,  42711, 125009, 130318,  20535, 124992,
         9356,   3817,  93835,    140,  28934,   9262, 119239,  98784,
        54599,   2286,  32383,  97965,  95662, 118715,  66145,   9170,
       138762,  43848,  70319,  47373, 135660,  57063, 114132,  29106,
       119150]), array([ 32002,  70250,   8225, 141031, 142918,  51470, 116115,   5489,
        99706,  68853,   2737,  69164, 141116,  62268, 114443,  55611,
       140841, 100963,  89831,  94169,  75555,  40702,  53204, 129669,
        25490, 148127, 141739, 105569,  89008,  26139, 134875,  49182,
        77922,   1084, 109433,    118,  24159]), array([ 58237, 103242,  75658, 146328, 148025, 141310, 119052,  11142,
        95245, 119409, 150409, 123395,  40407,  74768,  89915,  55909,
         4081, 114408,  72012, 112619,  60786,  34483,  15261,   7659,
       130140, 108069,   3934,   7134, 101889,  68687, 111421,    817,
       118986, 127732,  72251,   9642,  67169]), array([148252,  23272,  80122, 149189,  74713, 133675, 145038,  87625,
        62755, 103995, 100199,  90682,  93376, 146824,  98311,  85306,
       141068,   5210,  11708, 135367,  71144,  72412,  34385, 114038,
        64364,  62972,  99570, 112111, 142386, 119803,  65322,  54588,
        55478,   5553,  50367,  52676,  65098,  64302, 114510, 137490]), array([153544, 108400, 111434,  82013,  20279,  29728, 116516,  87713,
        33289, 100014,  74183,  36654,  34993, 131362,  39396, 116262,
       122420, 122225, 148014,  67238, 120731, 124819, 145895,  98570,
        95975,  98934,  64062,   1651,  76645,   1873, 142793,  55752,
        21966,  10144, 148868,  62602,   8476, 107973,  41635,  43636,
        51900,  11060]), array([ 40016, 125268,  38963,  13265,  80612, 124737,  57440,  30356,
       125666,  83474,  97555,  12040, 153370, 130696, 124585, 142031,
        56064,  12968,  41306, 149228,  11957, 143421, 144352,  21011,
        64303,  63831,  67563,   4609,  51685, 146557, 152026,  43110,
        39178,   3926,  92521,  68179,  78181,  12226,  61484,   7316,
       144016,  52806,  22013,  91679]), array([  7448,  98074, 140963, 134976, 106825,  68075, 134384,  57535,
       149419, 150245,  34476,  10253,  86091, 104252,  66157,  73814,
       124811,  89461,  26008,  51411,  40136,  27371,  79145,   8701,
        89715,  49866,  60490,  48008, 134631,  61458,  65493,  87862,
       103112,  24671, 125722,  47859,  84105,  29121,  37277,  32906,
        12366, 121805, 142108,  68326,  82193]), array([ 55243, 126470,  95513,  94784, 147082, 135643, 151730,  16509,
       123170,  72084, 108948,   8796,   3145,  36606,  12127,  45564,
        13669, 137109,   4167,  61225, 143196,  43209,  22957, 127343,
       140890, 133204,  17221,  12313,  34400,  24313, 137729,  75532,
       119964,  67763, 141762,  62683,  45246,  32415,  64524,  94076,
        17431,  45056, 131945,  21224,  38398,  37736, 141240]), array([127168,  53664,  85180,  28336,  22408,  54013, 110029,  29351,
        43105,  48831,  43024, 107010, 124571,  61838,   1035, 101937,
        89298, 112321,  98070,   2470,  89914, 115683,  89844,  59294,
       150536, 105849,  88359,   6107,  94800, 108886,   7443, 101973,
        19155, 143316, 113836, 152959,  90443,  92018, 106875,  98439,
        33344,  36744, 130149,  24639,  44531,  41076,  30462]), array([118111, 128209, 110180, 113276,  27144,  44499,  52055, 102338,
       111436,  21848, 112718,  21893,  56504,  68031,  99234, 136485,
        34478,   9115,  76452, 146430,  86762,  63322,  32580,  40637,
        70832,  92717, 108836,  27026, 137779,  99529,  14797, 111019,
       139533,  98154,  50437,  23359,  87594,  74335,  64965, 117560,
        27265, 100599,  80824, 114429, 145188,  61451, 145541,  72641,
        61261,   9108,   1830, 116847,  41445, 131006,    112,   6018]), array([113588,    243,  29619,  40689,  10252,  27754,  27337,  50115,
        28888,  37384,  68174, 121656,  24713, 119658,  64388,  24952,
        44061,  43444,  77705, 152428,  30595,  34673,  12965, 142003,
        16630, 137461, 113147, 126457,  78093,   6465,  40272,  34741,
        71954,  71752, 149619,  19705,  12795,  89154,  56065, 145933,
       136184, 122018,  68268,   1510,  46118,  45685, 125474, 114730,
       123063,  61623,  16641,  71055,  38164, 144999,  78706,  64421]), array([106693,  50834,  10378,  13532,  75894,  79487, 107612, 139795,
        37853, 112476,  87817,  68431,  62096, 115487,   4003,  31730,
        86236,  25094, 143823, 137218, 107693,  63380,  59746,  40539,
       120422,  10156,  74588,  12826,  87837,  34246,  68333,  35082,
       112562,  96070, 122036,  36514,  36329,  21176,  91768,  31425,
        91575,  77183, 124638,  39382, 107789,  56584, 101575,  27241,
        90021,  42257,  94865,  69488,  29708, 132902,   9392, 121876]), array([ 59311, 128576,  61362,  58840,  12104,  53905,  20719,  55155,
        92221,  77080, 126709,  50670,  71827,  24256,  24723,  31760,
        22591,  10824, 127996, 123866,  15794, 114934,  72519,   2999,
        50722, 138872, 103774,  29585,  64779,  37287,   9001,  72626,
       139816, 145449,  43429,  31658, 101443, 116234,  55712, 129722,
       133878,  26283, 147185,  88734,   5679,  50105,  88374,  77107,
       100507,  36391, 106353,   5771, 109909,   2207, 145632,  16935]), array([ 16644,  56978, 118973, 138814,  83315,  71675, 127096, 137066,
        77154,  26219, 110363,  26016,  23356,  22127,  32501, 138084,
       102793, 144989,  33302, 114448,  19817, 133934,  11475,  54036,
        85780, 123371, 143743,  31914, 147039,  91010, 137125,  33634,
       139044,  42785, 147233,  37375,  68090,   4218,  31500,  74767,
        64877,  58379, 136210, 121412, 143392,  53490,  37629,  10118,
        22803,  79583, 144611, 103626,  26509, 131487,  88661,  41954,
       125541]), array([112551, 128654,  74928, 131729,   7719, 146521,  63684, 101025,
        86519,  44348,  10297,   7186, 146572, 144710,  32079, 102211,
        18475,  94978,  25113,  65441,   7399,  38479,  96717, 108643,
        43282,  61511,  43076, 115170, 111608,  56570, 143644, 144589,
       136726, 137331, 110288, 107499,  89784,  74427,   4195, 116690,
        11304, 106860, 147001,  93371,  44844, 106945,  47476,  48232,
       130664, 128430,  91320,  41844, 125604, 134560,  31738, 112536,
       140173]), array([132323, 113986,  62829, 146309,  48234, 137547,  98218,  48610,
       103903,  64161,  85951,  41743,  90116,   3963, 153816,   9797,
        78281,    464,  57713, 122469,  69926,  66304,  39195,  54292,
        18506,  36880, 118663,  25507, 125382,  65694,  24726, 108205,
       137498,  96787,  83412,  63148,  58396, 131042, 124810,  62374,
        69816, 151818,  65661,  86040,  94919, 133974, 101204, 148536,
        10914,   5692,  15233, 153496, 108630, 141420,  29573,  98309,
         2164,  90093,  59408, 127321,  16127, 130316]), array([131959,  12252,  78749,  72110,  60439,  11633,  31449, 144457,
        98672,  42121, 113745,  82670,  26488,  11724,  98194, 140809,
         5578,  93259, 113026,   4340,  86828,   6779, 131405,  18759,
        24683,  60309, 129749,  91834,  23520,  36184,  58214,  17341,
        55569, 128955, 145475,  77321,  90749,  34217,   8840,  69958,
         5008,   4053, 146115, 118253,  74403, 100368,  22566,  71620,
         2692,  38349, 109233, 114691,  97550,  24857, 152323,  10992,
        65948,  74426, 115183,  56810,  39206,  30051,  75016,  31097]), array([122258,  76141,  14815,  89023,  35501,  46144,  22770,  38339,
        94809,  15396,  34565,  67532,  66930,  27824, 145400, 139111,
       130266, 133625, 136236,  52817,  40257,  28997, 152338,  89488,
       124242, 131457, 142906, 102998,  62066, 141889, 113657, 103121,
       127535, 105543, 143079,  13614,  32971,  89218,  13554,  10591,
       131484,  33279,  27168, 153728,  48104,  46619, 145839, 151919,
       127243,  90650,  14202, 132224,  49657,  48815,  67984, 138719,
        45775, 107696, 136940,  22268, 121648,   3006,  76327,  44734,
       132193]), array([152211, 132773, 118616, 136390,  42680, 129185, 102948,  16125,
       118342,  48060, 105256,  53498,  87322,  60234,  96043, 118994,
         1963,  62679,  17016,  95912,  73537,  34707,   9199,  70806,
       115524, 121549, 147140,  84399,  32593, 127291,  66384,  32259,
        18582, 126624, 121577,  68491,     34, 133504,  13868,  47550,
        55081,  92201,  52259,  57813, 136589,  61042,  51731,  65914,
        36816, 133952,  72337,  94493,  20349, 104801,  62217,  79535,
        78394, 116066,  27935,  33873,  81757,  76487, 141146, 106615,
       140039, 119988]), array([ 10881, 120910, 143517,  51755, 139562,  22480,  69143,   9595,
       126475, 111620,  85385,  38106,  94743,  13770, 152899, 104302,
        46100,  28040,  20594, 125046, 144057,  90675,  60047,  77803,
        30192,  62381, 141730,  20634,  61300,  87035,  96583, 135727,
       118387, 125227, 107044,  44714,  31012,  92057,  74580,  54347,
        98394,  49442,  60543,  60947, 148439,  77531,  43177,  31971,
        75061,  78838,  32665, 144534, 126619, 123493, 110201, 150235,
       106996,    647, 144761,  16374, 108297, 131544,  69867,  64830,
       147653,  24026, 128161]), array([ 42227, 135852, 136829,  64010, 130347,  19555, 119188,  59997,
       149583, 123266,  11684,  67960, 103850, 130223, 113073,  56976,
        39528,  45430, 128541,  56936,  77029, 150695,  27399, 153622,
        64773,  26070, 126053,  53649, 141141,  32683, 128729, 110315,
        23281,  55981,  98403,  88387,  97050, 128478,  37704, 141480,
        81034,  94127,  10370, 147632,  54601, 148739,  15815,   5042,
        73894, 139441,  15073, 109775,  87264,  50890,  15704,  66478,
        55122,  83888, 102001,  34005, 103753, 126526, 107397,  97162,
       104513,  73958,  37788]), array([148417,   7852,  34566, 112672,  66978,  83394,  31475, 109035,
        19295,  21018,  46989,  98301,   5123, 113800,  84018,  59673,
       106267,  36151,  43062,  42561, 124753,   3467,  90621,  16036,
        44897,   5400, 128520,  66069,  19237,  29890, 122276,  63072,
        44963,  27766, 125818,   3550, 106704,  95672,   2639, 151720,
        68703, 120761,  82379,   3266,  15241,  36588, 146739, 128392,
        30403,   8455,  73772,    514,  43674, 118085,  66592, 149125,
        57966, 141372,  15459, 142572,  96054,  91414, 141669, 148513,
        35813,  72549,  25533,   6276,  23420, 120106,  65794,  74295,
        51650,  74169,  30274, 104101,  74720]), array([ 61510,  65648, 139942, 104170,  21855,  22040, 125256,  14480,
        73622,   2425,   2321, 109133, 123372,  37258, 117101, 119919,
       127078,  29342,  13867,   7204,  96718, 137940, 101366,   6895,
        23737,  26491, 119197,   4447,  99518,    291,  30455,  47396,
        26163,  75307,  60784, 105194, 143646, 107979,  68620, 135719,
        17305,    206,  99680,  56278,  50463,  97414,  61191, 152648,
        98948,  53549,  95793,  37863,  17645,  57391,  65339, 138318,
        66747,  64859,  93299,  83473,  48521,  40925,  49598, 136439,
       100416,  71733, 105325,  16072, 137370, 132935, 118489, 111101,
         4643,  20353,  76765, 135863, 134567,   5652,  11000,   7344,
        22036]), array([ 82478,  81944,  28271, 111068,  77368,     14,  69492, 126894,
       148279, 112403,  33651,  86377,  99350,  65209, 103375,  48300,
        17315,  10854, 102935,  69415, 135475,  62425,  81303,  61492,
        95739, 106485,  49503, 107324,  28472, 105725, 142900, 133381,
        12364,  92839, 102950, 123861,  62472, 126436, 130052,  63363,
         9528, 137590,  74214,  38927,  68045,  60265,  43341,   7974,
       153715,   1512,   2265, 151610,  46056,   5084,  41045,  57370,
         7409,  43419,  57502,  69495, 140216, 136563,   5724,  76853,
        44693,  55504, 108128,  58218,  69859,  44658,   8617,  64211,
        17818,  39639, 133964,   9437, 136516, 151288,  46143,   6756,
         7265,  41035,  29218,  91127, 133559,  90295, 118463, 110628,
        89965, 149001,  94032,  95816,  46853,  25380,  83286, 128996,
       115372,  21359,   4019,  92511,  64632,    476,  59172,  18119,
        83263, 101198,  11108,  92559]), array([ 23128,  26112,  90229,  80271, 153078,  32989, 111906,   9671,
        60431,  33476, 115471,  99689, 141744,  68000, 125212, 100070,
       115756,  53582, 137603,  18984,  65861, 123434, 130779, 143162,
       148742, 126606,   9567, 151873,  43467, 146751,  89588,  34342,
        45616,  64645,  67340,  85651,  47692,  81996,  18005,  45021,
       117755, 152569,  34369,  95040,   9534, 142255, 101139,  90661,
       106922,  78486, 137818,  16038, 134072, 138550, 148807,  45448,
       140565,  70039,  75536,  95837,  83877,  56132, 136061, 107723,
        94184,  63341, 101432,  68985,  26907,  96723, 153105,  40146,
       132290,  75746,  15052, 136272, 144768,  43749, 130322,  52483,
       120975, 135589, 114977,  10934,  94020,  20846,  94527, 116869,
        46062,  98316, 130472,  83367,  40183,  17231,  49186,  29074,
       126675,  85927,  89799, 115895,  18809, 146570, 104993,  16310,
       109740, 138881, 112120,  51603, 139261,  70730,  41232,  99267,
       110506,  99508, 137136,  97195, 132217, 109618,  48968,  96821,
        40641, 137192,  87782,  69979,  25493, 147270,  79199,  53972,
         9004,  15551, 135143,  80251,  77306,  46832, 150797,  47863,
        96710,  69964, 122517,  87248,  36893]), array([ 19741, 122287, 111480,  43525,  22287, 133258,   4229,   1065,
       143852,  33000,  55973,  65823,  93183,  48542, 152209, 105760,
        64517, 152256,  21981, 126688, 110787,  18214,  28922,  16010,
       143111,  39746,  58585, 125741, 151291, 150450,  66964,  34567,
        22692,  37073,  13553,  31733, 126772,  45806,  80978,  26140,
        79154,  31931,  45542,  33982,   3385,  32018,  14670, 123806,
        98332, 130250, 100846,  80285, 117696,  33440, 110710,  65169,
        18990,  99936,  66123, 150811,   4113,  28941, 140987,  90776,
        95572,  38540,  21644, 136032,   2173, 147333,  81775,  79050,
        71771,  20257,  35537,  20174,  35727, 146653,  54395, 115336,
       151669,  19593, 137238, 138187, 137074, 124694,  59108,  31331,
        92666, 111710,  49676,  26483,  18037,  86257,  48249,  11269,
       145306,  34890, 136968,   3911,  34999, 140676,  10033,  75466,
       137447, 110872, 140388,  15650,  54568,  67097, 123067,  92536,
       153775,  85136, 147155, 145239, 117146, 106472, 150442,   3596,
       139563,  80104, 139007, 116482, 148065, 118383, 145191,  45118,
        50113,  49816,  86888, 119897,  69609,  47256, 140226,  36176,
       152999, 145284,  86702,  87554,  74506,  66180, 119651, 125529,
        76643]), array([ 65846,  27948, 110930,  35324,  27957,  63970, 127736, 128154,
       102192,  47028, 149886,  48116, 133658, 122407, 120951,  17973,
       135909,  57742, 149551,  24347,  98014,  32004,  36166, 109663,
        61837,  53035,  23960,  84940,  62666,  80389, 151817,  69313,
       153012,  15644,  90435,  95045,  39601,  50575, 134248,  13642,
       134840,  10745,   8463,  53762,  63233,  68899, 115469, 148360,
        47747, 131232, 118757, 130647,  45899,  17355, 121099, 106612,
        99812,  10496,  86728, 124970, 116846, 102798,  82627,  42162,
        50494, 106029,   9484, 141235,  99840, 140305,  52382,  13485,
        20893,  60864,  30533,  79243,   6510, 109415, 134376,  71963,
        68316, 108756, 101991, 120421, 115268,  42702, 146126,  18158,
        40786,  69346,  34631,  20571, 125570,   1431, 108309,  86213,
         1383,  60548,  77353,  14894,  47280, 111799,  96454,  98881,
        66183, 113822,  26125,  75462,  58663,  81826, 122942,  17538,
       113906,  16938, 132271,  17638, 146058,  95399,  46996,  48683,
       115594,  38347,  52156,  38513, 117613,  81771,  43738,  50239,
        38701, 130419,  20232,  23675,  64448, 149741,  11243,  46222,
         4784, 151004,  73771, 137020, 125973,   4909,  44861,  96385,
        77550, 119333, 140387,   6008,  99189,  42805,  81735, 145684,
         5039]), array([ 49066,  80007,  68865,  70891,  66717,  79786, 152671,  56864,
       126828,  30037,  89871, 123326, 139643, 102315, 105116, 117135,
        70130,  20186,  22614,  85435,  14412,   3489, 144192,  86127,
        73767, 106468, 133598,  71719,   2697,  54102, 143151, 104002,
        97706,  71653,  36839,  87392, 127323,  38336,  85195, 111016,
        96118,  71219,   1079, 129560,  56133,  67186, 102578, 115049,
        55638,  19381, 126698,  77813,  79327,  90174,  16270,  51019,
       117573, 112127, 121895,  73411, 124066, 111014,  84034,   3128,
       116750, 117493,  11603,  10641, 129040, 116495,  23201,  17746,
       110253, 153207,  88087,  97247, 136393,  99637, 105014,  72415,
        60138, 142525,  66673, 123425,   4232,  78401,   7725,  60867,
        25304, 110732,  56343, 136447, 135459,  70470,  32372, 130778,
         1291,  80298,  14364,  54998,    685, 115164, 132938,  27356,
        77432,  13930, 104073, 125644,  97668, 113673,  43031, 149720,
        36888,  95936, 106072,  55433,  74631, 133093,   3833, 148485,
        80213,  24368,  93548, 102771,  10814,  15603,  77906, 140931,
          545,  84665,  26702,  84327,  69120, 150534,  80160,  32807,
        34649,  73738,  36039,   9134,  41579, 148271, 152573, 153835,
        97010, 122426,  52120, 119968,  20162, 108511, 145623, 111282,
        99425,  27780, 131478,  39644, 144072,  50724,  95800,  82041,
        27753,  60467,  16402]), array([ 42766,  24617,  50618,   3471, 142187,  91459, 147371,  17470,
        69707, 131197,  77290,  79991,   7076,  90488, 131702,   1885,
        13680,  46190,  82662,  80724,  15225, 125991,  88944,  75803,
       106590, 146487, 101251,   3347,  37785,  79437,  33236,  58770,
       116315,  82938,  81625,   5878, 106371,  57603,  90195, 131510,
        41013,  73124,  26387,  54955,  52406,  88818, 125920,  89430,
        40400, 122060, 100293,  26639, 125709, 112083, 114577, 146422,
        49430,  14572,  74179, 117770, 127618,  62150,  69037, 103629,
        70413, 113967, 140772,  40187, 104539, 122379,  41910, 125616,
        52104,  56553,  33929,  73403, 105243,  98246,  89101,  90363,
       148941,  34535, 128233,  20050, 142102,  14260,  59838, 102094,
       144505, 111254,  22900, 134561, 139653,  16900,  42892,  66689,
        57234,  72330,  82814, 130734,  10195, 101197, 141756,  53781,
       141083, 127949, 115893,  29355,  57851,  22496, 149070,  24228,
       144416,  78669, 143390, 130758,  78893, 119533,  25382, 101901,
         6829, 131500,  32137, 133414, 101726,  17023,  12833,  12764,
        24886,  84385,  97513, 150396,  51366, 115341,  10561, 104289,
        47565,  24273, 145026, 101784, 132782,  98440,  96649,  21318,
       138272,   7787, 107921, 101969,  80456, 109404,  73735,  20615,
       145969,  58969,  53039,  86764, 126904,  96148,  85743, 131343,
       136046, 128310,  85352,  75090,   7457,  65279,  44694,  85171,
       150934]), array([100141,  84643,  83323, 153386,  26327, 104068,  84947, 146736,
       130960,  68233,  75776, 133077,  21024, 151835,  14516,  62794,
        59691,   1508,  11995,  11193, 133132,  14133,  57404,  18950,
       115264,  78409,  52262, 149244, 114525, 127903, 151902, 102139,
        47553,  10223,   6327,  30546,  99857, 114557, 132295,  86963,
       112181,  47824, 144847,  28666, 111369,  61130,  34223, 122701,
        21270,  11300,   9394,  74193,  17972,  97662, 111805, 121130,
        36546,  38143, 148339, 128902,  19304, 103642,  18018, 107031,
        52699,  92716,  58854,  63370, 134915, 135724, 142092,  23674,
        99642,  97396,  40465,  20211,  56777, 120674, 136780, 111470,
        41457,  22832, 148410,  13924,  68462, 115420, 119229,   8262,
       133244, 114325,  92928,  40622,  72389,  19121,  36636, 110127,
        82280,   2018,  54727, 109664, 129264,  45255, 134021, 106730,
        45006,  56988,  25334,  11145,  77499,  24066,  97726,   1667,
       133871,   7856,   8368,  59721,  12105, 100246,  73891,  42333,
       122178, 146485, 142086,  34636,  39926, 124035, 107055,  60641,
        33417,   7774,  37794, 130000,   1387,   7693,  40905,  39108,
       129832,  52540,  41326, 153752,  48861,  27855,  13534,  69433,
       123405,  35445, 113481,  45447, 130463,  10656,  54378,  21660,
       132956,  95906,  57708,  60154,  27731,  97526, 101038,  22477,
        15378, 111162, 133911,   8986,  11785, 121929, 140266, 138122,
        77454, 129579,   5255,  83986, 152702,  47977,  70381,  41467,
        71671,  17737,  47731, 113396,  77056,  98362]), array([ 96855,  53158,  80488, 134826, 142369,   3025,  84323,  66091,
        36760, 113482, 104475,  10082, 126691, 137879,  65787,  34948,
       128708,  22877,   8710,  65450,  32714, 101171,    390, 153376,
        40720, 103481,  66026, 117889,  58387,  71298, 153644,   3888,
        71578, 139035, 130875,  58264,  84744,  89164,  32876, 111713,
       122548, 148544,  30175,  47459, 148665,  46448,  10143,  64576,
       108230,  56217,  94447, 138116, 118391, 119969, 148735, 144660,
        38847,  56996, 149108, 126197,  14489,  45708,  80800,  60741,
       111895,  96154, 137961,  82602,  42071, 105756, 107756, 148383,
       113303,  37938,  57095,  91955,  26533,  31203,  41904,  33023,
        53222, 118267,  30774,  23218,  34438,  48139, 146380, 151003,
       130550,  58701,  11875,  72197,  37360, 150974,  50364,   5823,
        21236, 125673, 146573, 144098, 134602,  19915,  21260, 139636,
        97241, 153007,  27085,  53456,  32133,  28787,  73380, 100330,
        66888, 150052,  49062,  85251, 128079,  16369, 133042,  64513,
       116111,  34865,  84845,  32856,  27818, 111804,   4462,  51778,
        17875,  85655,  47006,  91788,  23070, 150795, 108904,  66192,
       120698, 135442, 124144, 137166,  59925, 138054,  31051, 133528,
        43626,  84271, 121313,  80555,  11313, 112184,  11045, 141069,
       101536, 153019, 102626,   8041, 116358,  74603, 124451,  89031,
        55003,  96472,  50978,  63901,  31015,  79266,  56792, 152956,
       129554, 112131,  32997,  13153, 133954, 109475,   4558, 105299,
       106552,   8633,  84626,  39636, 105210, 137093,  32093,  19060,
       108452,  51082,  89917,  18656, 143466,  84279,  87046, 126401,
        18155, 140938,  68399, 150902,  87523,  65344,  81585,  66359,
        48885,  27359, 143214,  39483,   6745,  71313,  78303, 141968,
        58742, 101382,  63599]), array([ 89331,  92356,  81023, 144438,  31987,  90940,  38212,  49056,
        11566,  47496,  34314,   2487,   1326, 108151,  77394, 112613,
       116873,   7440,  50961,  52796,  11412,  92261,  18672,  63878,
       128552,  66679,  39484, 151350, 111364,  36604,  12435,  47364,
       137201,  15537,  86800, 109774, 143874,  67727, 118809, 150107,
        18745,   9224, 114531,  34732,  83144,  11788,    554,   6027,
       140686,  89766,  57879,  41553,  62127, 135821,   4030,  59553,
        31958,  24068,  17782,  32867, 117728,  91803, 146631,  39801,
        33782,  23780,  67093,  68161,  66178,  68783, 100977,  73487,
        65142,  25149,  25655,  69176,  42838,  54064,  79201,   6738,
       152091,  23583,  35612,  11221,  75179,  65884, 103761, 140065,
        95960,  92051,  69807,  88863, 109278, 148353, 121560,  62414,
       143454,  19786, 111897,   4358,  89789, 148110,  69087,  87293,
        50229, 133765,  41385,  70567,  52797, 127784, 141326, 109264,
        86018,  58749,  72223,   6725,  58477,  31294, 148863, 138163,
       118381,  78759,   8511,  64173, 100778,  97377,   8978, 134687,
        36956, 152145,  58316,  71820,  10163,  45518,  24631,  42382,
       119526,   3880, 123564, 126448, 113690,  78996,  23110,  16482,
        58489,  22575, 142145, 112230,  98476, 105757,   9054,  37439,
          584,  63273,  17816, 117559,   8094,  53620,  28387,   4444,
        41502, 148374,  14644,  62075,  54250, 107256, 145430,  82256,
        22778,  97653,  17721,  59949, 126357,   5425, 121536,  34918,
       120850,  84982,  86199,  49578, 100423, 140721,  31886, 134231,
        52721,  94201, 142270,  60212,  58597,  81431,  31024,   8756,
       131929,  83721,  23746,   7242,  68968, 113183,  25139,  19065,
        96021, 122280,  89879, 147950,  32993, 143178,  59358, 147522,
        49407,   4534,   4470, 112408,  70258, 137449, 100240, 131253,
       111189,  76917,  72964, 122025, 143878,  18025,  21376, 103518,
       138454,  27258,  41198, 107195,  77370,  13251, 145500,  57680,
       148139, 140392,  45377,  58689,  38519, 101351, 125929,  55833,
        96818, 131816,  66137, 136522,  10567, 117092,  85946,   4847,
        45546, 129398, 147394,  51028,  93755,   6881,  26840, 148748,
       104368,  85498, 134325, 125299,  35153, 153464,  70137,  36688,
       128482,  60430,  51256, 140895,  29620,  91022, 127484,  70816,
        73716,  79251, 144653,   3426,  31235,  98606,   2794, 100650,
        51810,  92391,  85041, 134009,   4423,  35417,  23184,  86054,
        42351,  30098,  80006, 123619, 135884,  19514,  97228,  85603,
       120395,   9948,  86842,  67350,  43796,  29519,   2815, 102088,
         6335,  75420, 131202, 139462,  63402,  16288,  11154,  50865,
       124340,  22709,  81598,  79374, 121240,  54277, 111334,  13055,
        78732, 151016,  21662, 117116, 137279,   5186,  99177,  18870,
        18782,  12197,  38717,  88060,  64210,  63003,  59971,    316,
        95590,  15768,  53779,  51348,  29885, 121625,  73239, 115367,
        31206,   5665, 128824,  46151,  48068, 114578, 128050, 137134])]
shape of feat_train: (3078, 602)
Mean accuracy: [0.8885242346477753, 0.0020348895621477917]
