Namespace(dataset='reddit', dropout=0, epochs=400, gpu_id=0, hidden=256, inductive=1, keep_ratio=1.0, lr=0.01, method='random', mlp=0, nlayers=2, normalize_features=True, reduction_rate=0.01, save=True, seed=15, weight_decay=0.0)
size of adj_train: (153932, 153932)
#edges in adj_train: 10753238.0
Test set results: loss= 0.4646 accuracy= 0.9393
idx_selected :  [array([115254,  59367]), array([ 84305,  38785, 112865, 136234,  95267,  39505,  98870]), array([ 24559,  83401,  55284,  43315,  32250, 146218,  22251,  98303,
        16624,  64580]), array([ 39795,  40006,  73283, 117096,  70644, 103189, 140929, 132704,
        59134, 136565, 120729]), array([124118, 129395, 148108,  81323, 121373, 109053, 139015,  87750,
       131622, 106577,  82528]), array([ 54203,  54232,  52724, 126380,  49977,  99687,  78506,  41735,
        62036, 129319, 148235]), array([ 69389,  36936,  91013, 113787, 136740, 132356,  48902, 131082,
        57690, 112192,   9612, 137021, 100571,  39661]), array([129451, 110087, 115039,  71689, 125086,  59967, 141955,  79933,
        49631,   6732,  52472,  24976,  18276,  98098]), array([ 62528,  31131,  60943, 109998,  62288,  77634, 126103, 126663,
        49329, 131849,  10577, 124941,  27419,  58113,  70764]), array([ 69207, 102380, 119150,   1022,  82285,  29072,  88504, 101779,
        65983,  93422, 113165, 114624,  12534, 137424,  69633,  32212]), array([ 25049,  55282, 127808, 113275, 143482,  55484,  66722, 112267,
       131493,  30703,  12981,  40838, 149276,   1069,  77411,  21688,
         3118,  17923]), array([ 91561,  79176,  47240,  90697,  36095, 129234,  67169,  36016,
        22298,  21603,  39784,  82515, 106874,  54995, 143518,  19189,
       146951,  58134]), array([ 68221,  30129, 113731,  85986, 102909,  29027, 150764, 128919,
        86276,  64794,  17312, 134129,  65146,  91785,  45457, 136007,
        47690,  59288, 101912,  70708]), array([142053,  55098,  69535, 107910, 108400, 120359,  94949, 126871,
         8476,  98841, 104295,  90985,  86778,  85895,  35540,  76952,
       152737,  83238,   9860,   5921, 143074]), array([153076,  57741,  23117,  89823,  34678,  90998,  89296,  81099,
        90588,  72978,  74117,   4326, 150628,  12226, 133612,  66259,
        89699,  76969, 145922,  43013,  58976,   6621]), array([  4147, 129557,  11444, 105812, 107571,  59136, 118914, 137091,
        67606, 142947,  61503, 126140,  88202,  17036,  45524,  91499,
       126713,  47622, 153001, 115191,  82867, 141891]), array([  6054, 105783,  49304,  86868,  22862, 137400,  15215,  57574,
        32626,  88018,  10295, 129995, 126386, 144389,  85143, 145122,
        48989,   6747,  22224,  73151,  39669,  59414, 131807]), array([  3628,  12259,  46797,  10298,  73348, 143089,  50562,  76182,
        24292,  38351, 117829,  22272,  18765, 115411,  56264,  90766,
         3978,  72400,  42577,  68204,  19655, 121056,  67668]), array([ 73192,  33653,  81896, 107450, 118588,  45174,  42409, 134929,
        96879, 138055,  61911,  74869,  78084,  68757,  40701, 112097,
        75940,   2932, 103677,  82832, 122376,  38687, 125974, 135808,
        18290, 143815,  38483, 104657]), array([146064, 137479, 143889,  95202,  27754,  26157,  53088,  46875,
        68700,  37427, 116649,  61299,  32281,  96356,  12936, 100339,
       146954,   1814,  86611,    204, 130681,   9337,  79512,  11398,
        98539,  89937,  67838,  29465]), array([ 20440,  58893,  69204,  29891, 147535, 106957,  37453, 124729,
        90566, 131523,  37399,   4463, 118154,  31657,  94904, 120745,
       106292,   9276,  70942,  68184,  85335, 129387,  76320,   3973,
         6099,  52413,  95120, 151843]), array([ 59728,  98040, 130138,  16506, 139311,  84023,  62959,  52433,
        73854,  95502,  45735,  38934,  68376, 134959,  49217,  62471,
        67222,   1826,  36818,  47914, 100456,  85620, 151206, 148638,
        16967,  55830,  33807,   6468]), array([ 73313,   2144,  99945,  83814, 151215, 121453,  28721,  98373,
        84476,  97286,   2859,  10858,  71920,  38929,  89768, 135169,
       114448,   4594,  90823, 143257,  85707,  55249, 108275,  31367,
        92280,  15852,  83663,  40875]), array([122815, 148967, 128536, 109346,   9520, 119686,  11581, 147775,
        63807, 102501, 132105,  31441,  37805, 115293,   9940,  28675,
        93111,  19960,  50531,  41171,   9532,  85048, 136394,   9045,
       128911, 119360,  39476,  83026]), array([105129,  41153,  46052,  85951,  30153, 101448,   1369, 139317,
       117588,  10020, 130409,  85237,  10424, 145535, 102660,  86823,
        15020,  81049, 143315,   5673,  76176,    556,  19674, 141275,
        76180, 137425,  74900,  85566,  46530,  70867,  88250]), array([ 35507,  19697, 141737, 112766,  16901, 128276, 129059, 151894,
          930,  17149,  98318,  70183,  58051,  89604,  77235,  41048,
        38635,  89493,   6692, 109418,   4188,  53371,  87199,  68843,
       113120, 147382, 116520, 130570, 102093, 101504, 132660,  89196]), array([101399, 148302, 119475,  50372, 104949,  86292,  67466, 128945,
       135350,  58275, 117397,  46370,  76383,  30170, 140818, 135779,
       106822, 102722,  27981, 117192,  22767,  90427, 114466,  99661,
        32971,  45751, 119108,  35220, 141740,   8709, 125059,  49039]), array([117471,  84270, 116683,   4452, 130045,  64881, 129001,  28203,
       131593,  82941, 137912, 134730,  98168,  53789,  55896, 108565,
        56291,  93618,  21092,  38922, 119262,  80934,  82640,  79919,
       153467, 140534,  98619, 152639, 129203, 143219,  10790,  61429,
        24105]), array([ 68917,  87673, 148401, 115455,   3509, 143517, 142113,  49504,
        51554,  87136,  53036,  34072,  65713, 148609,  29645,  68122,
       152037,  25803,  31121, 138032,  94820, 144994, 138722, 136148,
       123026, 145645,  28002,  50928, 102774, 126211,  68860,  87035,
       141730]), array([118582,  75368,  43765,  30794,  50216,  43536,    492,  50482,
       125836,   3720, 150695,  45683,   1843, 125455,  25810,  33077,
        24295,  56399, 111301, 108328, 130623,  33507,  17152, 120554,
          414, 127832,  87239, 151623,  19878,  83605,  72798,  35376,
        67395]), array([ 94534, 128567, 149681,  45427, 127922, 101418,  63590, 137917,
       127538,  93567, 152158,  71172,  50074, 121283, 132435, 102425,
        90039,  68410,  28900,  13033,  34109,  55893,  38327,  99682,
        95726, 153479, 120051,  48804, 122269, 107459,  68272,  30251,
        45878,   2965,  94751, 136021, 113884, 105527]), array([ 68484,  42181,  40483,   8024, 148983,   2671,  42537,  22103,
       106595,  65412, 104471,  16072,  48622,  32654,  29364,  29250,
        83610,  60793, 150472,  69232, 132818, 126956,  90834,  34337,
        39173,   5460,  42916, 139206,  66022,  56653, 146504,  32711,
         1321,  44836,  82671, 109570,  59062, 150481,  71674,  65815]), array([121943, 100785,  40743,  84324,  31929,  93501,  57370,  94729,
         2998,  65343,  62176,  60242,  54031, 106449, 101819, 153847,
        34539, 101409,   3936,  56047,  57238,  24539,  71030, 148923,
        20750,  24540,  92996, 134454,  49115,  90234, 100357, 127279,
       105127,  59742,  66107, 147817, 134015,  80869,  89667,  81848,
        18426,  31136,  70621,  26158,  47094,  32851, 153132,  46697,
       152679,  62988,   2219,  48713, 112913,  66057]), array([ 81678, 151636,   7107,  23668, 104024, 103130,  19010,  61382,
        81002, 115730,  39245,  81103,  16234,  81416,  88528,  69118,
        57290, 140112,  31467, 105447,  25817,  12144, 145575,  69491,
       129730,  58537,  12674, 128112, 126712,  58398, 152305, 149705,
       109782,  84162,  55859,  30531,  97458,  40146,  12508, 112197,
        63661,  15508, 138430, 145465,  76914,  32058,  39150,  12129,
         7637,  19840, 133157, 148134,   2306, 124171,  52659,  13344,
        34286, 107367, 145771, 140405,  82462,  80149,  38115,  31124,
       107723,  74134, 142427,  48569,  59717,   1628]), array([ 41768,  96915,  72911,  23932,  31524, 101851, 131482,  51880,
        50694,  24449,  75015,  24947, 142243,  62348,  81765,  71854,
        49904, 110430, 119443,  16119, 138271,  19283, 136621,  32237,
       100097, 135226,  96505, 130016,  81955,  45806,  29710, 130244,
        91936,  55537,  27662,  71268,   2881,   7083,  54977, 135444,
       102787,  36362,  24646, 133526, 153384,  82275, 131779,  63725,
        48621, 118738, 133914,    302,  43735,  70451,  96537, 121274,
        36598,  33590, 118950,   2975,  36656,   7802,  54267,  84486,
       149774, 111120,  99929,  70809,   6901,  19776, 152395, 142104]), array([ 87743,   2836,  29986,  34233,  95045,  83040, 125905, 150524,
         8146,  31873,  80115,  83024, 150703,  49413,  74575, 122569,
        47140,   9486, 108642,  82494,  41297,  79870, 101357,  50426,
        80773, 108887, 144664, 122821,  76592, 107263,  30634, 124303,
        18463,  78284,  87438,  66553,  44995, 141700, 150946,  95852,
         4289, 100924,  85852,  92508,  42532,  16118,  29876, 117956,
         3500,  86824, 129107,   6731,  42991,   3828, 109326,  96977,
       146746, 117830,  14980,  77115, 146923, 117686,   6339,  37851,
         1238,  30836,  73600,   1731, 142294, 148738,  10159,  21458,
        38338,  57915,  64786,  66782]), array([ 39045, 145215, 120445,  95522,  55942,  28182,  11874,  32744,
        51756, 151473, 151980, 106602,  14235, 129416, 146075, 122427,
       115280,  75034,  74066, 141535, 139435, 106081,  10338,  64775,
        17061, 152499,  74247,  75837,  49843,  66766, 132776,  41512,
       145399,  66430, 107607, 142667,  84287, 144966,  11334,  31872,
       114859,  79405,  94144, 153649,   2673,  45691, 121681,  18770,
        67284,  58656,  74531,  61872,   8580, 145975,  63031, 139340,
        74929, 125769,  32283, 104595,  20889,  10239,  95354,  70210,
        61273, 133012, 109246, 128158,  16103, 133238, 117420, 153642,
       108054, 106468,   2351,  54279,  11354, 125636,  40899,  24783,
        80663]), array([ 93984,  67942,  64379,  91076, 151832,  81741,  66406,  30478,
       118313,   4804, 104165,   7282,  36751, 139184,  20124,  73008,
        92651,  98450, 140550,  65973,  44150,  69849,  62699,  42057,
        55362,  60131,  81813,  72064, 145026,  92692,  59867, 115222,
       104321,  37194,  95065,  20763,   8683,   7702, 151614,  78261,
        10566,  96195, 151266, 132138,  65215, 129078, 128339, 127470,
        12274, 132963,  64185, 116229,  11281,  21068,  99078,  34297,
        87777,  37918, 143002,  16021,  38009,  97388, 133168,   7582,
        14954, 112083,  40452, 128685,  78531, 113403,  12249,  74034,
        37394, 152696, 116161,  31759,  49087,  71565,  27868,  94344,
       137268, 144285,  64457,  71113]), array([ 55434, 120011,  12547, 123778, 153627, 151165,  66667,  30205,
       139101,  83929,  21189,  67240,  43172, 131488, 101598,  94352,
       108261, 129831,  75610,  47872, 117395,  75758,  52408, 118013,
         9522,   4469,  50561,  45060,  47473,  29008,  98608,  21632,
        56697,  44175,  16133,  82527, 102583,  54164, 112515, 144600,
        93454,  76222,  48059,  52286,  36809, 144593,  60769,  91146,
        92072,  79816,  59188,  36101,  63984,  66481,  31940, 145586,
        54334,  42093,  91503, 134527, 140070,   2743, 145309,  36360,
        87752,  51696, 153812, 133025,  85816,  89624,  92820,  92306,
        80974,  37759,  79354, 138566,  72757, 145901, 147663,  80043,
       139159, 150574,  32928,  68935,  92681,  23407,  76729,  99352,
       139112,  50461,  93837]), array([ 30651,  36297,  88817,  30726,  92513,  42377, 147075, 153518,
        86811, 143254, 100096,  22487, 119494, 151819, 116569,  53368,
        18155, 129595,  39962,  18449, 148444,  23240, 111604,   2037,
       116848,  14943,  58742,   5629,  25534,  53631,  84893, 104475,
        69477,  67818,  35398, 106665, 115562,  69882, 145021,   1377,
        88530,  59701,  25186,  12120, 110965,  91625, 122664,  76577,
        68734,  85770,  91489, 141239,  11830, 129807,  90832, 122677,
       109454,  33587, 105057,  76109,   3752,  45963,  54386,  40066,
        60625,  88238, 117374, 133152,  38113, 138054, 115694, 143993,
       122013,  83719,  33565, 132083,  99114, 114940, 138076, 107454,
       134352, 111586, 121313, 121888,   5663,  89933,  40501,  43980,
        92956,  21641, 151864,  88604,  60877,  21294, 122998,  69969,
       142760, 151943, 117799, 149669, 113092,  28224,  77026,  73816,
         7965]), array([ 34333,  87972,  98145,  53894,  33867, 113237, 138527,  13248,
         3241, 105761,  71409,  32950,  53535,   2217,  88875,  27724,
       108466,  54250,   1062, 153098, 116873,  83611, 137602,  68969,
        35523,  57735,  19321,  23994, 146901,  23901,  54782, 135608,
        38188,   4287, 119315,  60060,  35327,  31851,  18111, 129567,
        68871, 130654,  99183,  24325,  88279, 114757,  18920,   3592,
       137187,   7661,    141,    497, 127998,  69396,  35073, 126993,
        34150, 106701,  37745, 149349,  46910,  40185, 120458,  55583,
       128001, 129558, 109090, 153183,  79379,  92645,  12049,  52908,
         4825,   5603,  98854,  82874, 117900,  59581,  53559,  92326,
        24495,  73109,  34320,  26422, 127664,  45607,  46332,  49702,
        90343, 142693,   1138,  68984,  99643,  40658, 152700,  52091,
        74949,  65805, 124740, 153099,  22816,  42247,  22102,  26322,
        70790, 120810,  93488,  48027, 146220, 148299,  86933,  55429,
       104411,  49855,  11821, 104695, 135914,  77870, 140983,  11125,
       151887,  92512,  98665,  93563,  65922, 146701, 110254,  30045,
        64327,  26259, 151829, 120409,  79723,  70324,  88486, 127049,
       116369,  20386,  67748, 121576, 115833,  35270, 132927,  84789,
         1445,  53211,   5641,  24709,  18711,  71962,    449,  47968,
        32733, 117315,  88100, 152130,  33535,  24008, 151057,  20503,
        78200, 151658,  75623, 109242, 106655, 108393,  77602, 105548,
       143125,   1126, 119356,  53120, 134130,  18258,  49547,  75524,
        67497,  26713,  67438,   9804, 102046, 115198,  47248, 131361,
       143935, 150667, 113156,  28427])]
shape of feat_train: (1539, 602)
Mean accuracy: [0.8474355730653848, 0.0035756679121050914]
