Namespace(dataset='reddit', dropout=0, epochs=400, gpu_id=0, hidden=256, inductive=1, keep_ratio=1.0, lr=0.01, method='random', mlp=0, nlayers=2, normalize_features=True, reduction_rate=0.01, save=True, seed=85, weight_decay=0.0)
size of adj_train: (153932, 153932)
#edges in adj_train: 10753238.0
Test set results: loss= 0.4403 accuracy= 0.9413
idx_selected :  [array([78793, 97844]), array([ 72657,  29816,  46007, 106028,  75749, 132394, 152253]), array([117672,  39309, 131754,   9616, 103146,  46023,  40903,  84996,
        63676,  67897]), array([108774,  92379,  54016,  52464,  43178, 122978, 144141,  44346,
        31983, 142603,   2124]), array([ 15614,   9323,  99101,  37618,  43115,  68905,  15858,  89104,
        14384, 115479, 110692]), array([ 52811,  31005,  52257,  43742,  42728, 141172, 122373, 138898,
       113718,  58003, 106990]), array([136740, 131574,  95073,   7328,  42822,  21480,  84374,  19515,
       127571,  67125,   1863,  58097, 106024,  61107]), array([ 65972,  74282,  61991,  57188, 119045, 151850,  32042, 117148,
        12269,  20818,  83985,  32949,  65685, 137802]), array([144489, 114033,  72121,  49864, 121583,  31580, 138721, 149960,
        16828,  77487, 109998, 149306,  80354,  88712, 101799]), array([  2396,  31995,  69648,  91031,  52859, 123635,  44021,  58769,
       136773,  43511,  32148, 152845,  68367, 122211,  71825, 109755]), array([ 34704,  47625, 142101, 142978,  36177,  78232,  48914,  45849,
       109720, 113658,  49708,  42953,  42928, 102860, 111900, 122508,
       119664,  64329]), array([133976, 141674, 101791, 146508,  10766,  93969,  36719,  25938,
        66469,  12836,  81203, 134898,  83159,  26325, 105842, 103872,
        87612, 143102]), array([124572, 126076, 142522, 122842, 104005, 131125,  32335,  28152,
       125251,  80799,  28250,  72652,  62592, 129252,  36618,  22086,
        82088,  96630, 144503,  49108]), array([  3388, 149319, 129814, 117268,  66082,  11838,  51562, 101327,
        73782, 150045, 139242,  46494,  28295, 126798, 125232,  67224,
         5921, 124819, 153544, 113641,  65038]), array([ 51819,   2582,  70603,  88815, 136703, 142915,  14974,  15412,
        41627, 129824,  87466,  76157, 120903, 102384,  75594,  46025,
       152989,  36167,  82661,  19730,   8270,  40016]), array([ 89715,  26193,  12761,  54390,  15367,  13250,    911, 101829,
        93834,  89281,  37552, 121268,  58555,  56298, 144583, 111488,
        16224,  95777, 153299, 138408,  76886,  15254]), array([ 58743,  98615,  77177,  74302, 141939,  94155,  99307, 102324,
         2503, 138805, 139805, 102555,  55243, 148209, 110050,  36332,
        39326, 131769,  33762,  20482, 123883,  24409,  68487]), array([ 68866, 130149,  41816,  98448, 130476, 142822,  72973,  83693,
        87104,  36966,  98569, 152835,  44610, 115364,  34089, 134797,
       122398,  52713,  31961,  88967,  49475,   5965, 133324]), array([ 87295, 122487,  68483, 131262,   9049, 127185, 108982, 111508,
        34459,  61730, 116975, 143476, 110726, 125974,  29815,  85578,
        98232,  10191, 113811, 120811, 115130, 111511, 104950,  72864,
        90803, 132651,   1552, 152824]), array([101739, 111782, 133076,  25763,  43383,  81346, 127950,  41902,
        81482, 105609, 138904, 140408,   1303, 144636, 106022, 137622,
        49474,  49985,  14665,  58863,   4542,  30950,  53082,  22893,
        27056,  29985, 100229,  40595]), array([ 92630,  31481, 146177, 104495, 137841,  79150,  22647,  85503,
       118033,  65414, 136570,  14004,  40374,  57303,   3382, 140627,
        98755, 103129,  16962,   9886,  82680,  99305, 113548, 111847,
       152183, 142093,  52915,  40166]), array([107611, 101679, 124563,  47819,  50722,  22492,   3431,  45133,
       119277,  49526,  86429,   4173,  51826,  89597,  30968,  83242,
        78886, 111541, 152448,  14715,  44614, 108666, 125024,  49675,
        63575,  26818,  37779,  31844]), array([ 60228,  54160, 148494,  37273,  86394, 127706,  20532,  95358,
        87246,  86447,  90644,  18600,  39844,  53740,  28649, 130557,
       116914,  48651,  88793,  18254,  92044,  85707, 108901,  67800,
        65151,  74701, 118743,  14293]), array([ 89349, 130414, 127868,  22992, 108546, 102941, 104272,  61570,
        71555,  35985,  57162,  16670, 113556, 113831,  11493,  15417,
        82871,  46542,  17393,  47505,  67378,   9481,  25156,  84106,
       135969,  85048,  36837,  13067]), array([ 34676, 132391,    401, 135883, 118666, 139426,  91951,  78277,
         7292,  40297,  28751, 126472,  66008,  14285, 142782,  49934,
       111169,  44484, 148301, 137715,  76757,  58804,  46530,  99490,
       152493, 117743,  70867,  23909,  60393,  35041,  15349]), array([104283, 132932,  75473,  54136,  58603, 115183,  10844, 113745,
         5385,   5286,  89198,  76334, 102601,  70421, 139459,  88311,
        24624, 120792,  33347, 142446,  29568, 137673,  59891,   6521,
        86266,  43204,   8559, 152703, 140762,   4853, 104852, 100883]), array([  9346,   4945,  63340,   6177, 126058, 149635, 133385,  94512,
       121607, 143996,  23776,  41130,  79390,  24115,  57781, 115695,
       150096,  47769, 106525,  62483,  32433, 110997,  27295,  32398,
        61069,  51782, 142452,   6059, 117242,  41221,  44582, 114177]), array([ 60172, 147445,  76093, 148682,  75113, 113722, 100499,  24372,
        71420,  24554,  84298,   5565,  87707,   5702, 148096,  31514,
        49606,  24755,  17834,  47899, 127291, 137315,  88746, 114530,
          439,  65914,  31031,  11254, 130838, 148097, 119262,  30929,
       104408]), array([ 48495, 114568, 114180, 149446,  97087, 146249,  87136, 120510,
       147158,  12593,  67015, 139119, 109639,  60621,  59411,   4075,
       126131,  92419,  14728, 147773,  61791,  43263, 125347, 148405,
       105956, 143633, 121782,  25581,  72635,   8043,  61045, 149098,
       108395]), array([ 62215,  78847,   1845,  88484, 133117, 148739, 115026,  23756,
        51931,  83375, 147612,  23089,  78978, 123961,  87829,   9182,
        20815,  50194, 147196,  90242,  59860, 147464, 136510,  47383,
       103778,   9330,  41225,  94778,  96259, 106661, 142753,  96601,
        24397]), array([126986,  23959,  38775,  26991,   3084, 123220, 150845,  60886,
        83309,  51698,  87432,  22048,  41065,  54801,  86976, 138718,
       151555,  29688,  23022,  61757,  55489, 150021, 125818,  29890,
        57960, 106261, 143117, 153588,    553, 112497, 111303,  43854,
       126570, 145144,  94649, 134590,  55337,  13312]), array([ 56529,  85979,  17676,  13138,  72333, 143575, 115244, 146609,
        34779,  88203,  89837, 112393,  87390, 129437, 118879,  61137,
       140934,   3868,  22963, 129563,  76647,  33754,  94485,  93301,
       113783,  58225,  52380,  56278,  61498,   5652,  62981,  13589,
        31332, 123754, 143960,  52008, 104541,  17850,  95744, 106864]), array([117953, 150983, 147449, 112601, 104510,  45896,  20772,  55366,
         7502, 122168, 138989, 141908, 150604,  20286, 107461, 152430,
        51784, 133297,  55453,  12763,   8922,  56611, 142097,  49515,
        74557,     90, 116698,  61609,  96628, 140611,  37415, 112367,
         2750,  38722,  89450, 102911,  29590,  60487, 102874,  32594,
         1570,   2263,  20841,  31002,  78483,  47298, 134368, 136655,
         1904, 104686,  25792, 147175,  87865,  56798]), array([ 10638,  67811,   8972,  95881,   4686,  38323, 104760,  60323,
        10519, 144282,  73152, 152864,  88923,  87560,  71574,  88016,
       100381, 117515, 114617, 138678,  83953, 121407,  12514, 115754,
       103267, 136530,  90661,  10453,  19311,  16049,  28327,   2950,
        35833,  56588,  88196, 139595, 114182, 143539,  35140, 144052,
        21507, 143688,  66194,  35544,  96652,  70792, 135784, 116591,
        30215,  19039, 106548,  70166, 104138, 130784,   3135,   6186,
        26198,  75138,  81211,  27856,  58956,  89103,  65250,  18177,
        13827,  60519, 102628,  79966,  56505,  88438]), array([120341,  32151, 128539,  68583, 134618,  29169,  82894, 108156,
        96339,  35787, 118003,  18390,  77727,  47453,  97923, 124197,
        57754, 123806,  18352, 139090, 111022,  37920,  59706, 138411,
        43515, 100972,  87137,  11021,  70521, 140710, 135978, 132742,
        98332,  13001,  25471,  67042,  21720, 108173,  48647,  87866,
        98386,  22692, 121137, 128700,  21671, 140541, 131521,  33364,
        90060,  32172, 153042,  21964, 111482,  24845,  54943,  23702,
        42170,  65596,  23765,  48881,  39543,  19615, 135557, 116033,
        52167, 114892,  27094, 122459,  19988,  19905,  62668,  19179]), array([ 66868, 103470,  72085, 130314,  71512, 146923,  54028, 150830,
        91072,  13233, 116054,  83530,  18126, 137045,  47843, 150034,
        85414,  40958, 121763, 131287, 115594, 128284, 130180,   5733,
        40210,  13796,  91501,  31334,  95843, 133389, 118268,  77400,
        98708, 120292,  58767,    762,  63090,  78132,   2679, 142164,
       149199, 127797,  12960,  63008, 104494,  18632, 149417,  37582,
       111771,  20620,  67192, 113687,  63730,  31581, 105759,  48312,
        17417,  92099,  85887,  89013,   3879,  21314,  83790,  20126,
        86892, 147878, 104046,  41405,  43647, 124410,  21364, 124867,
         8453,  68082,  80280,  48472]), array([ 61726, 111468,  93752,  13385,  66637,  63747,  75852,  39058,
       127276,  83816,  75165,  79783,  28778, 151546,  55550,  78170,
       152809,  72428,   7698, 153578, 108305,  49066, 133696,  80668,
       139421,  74482, 108465,  56746, 139061, 151146,  86726,  89471,
        81421, 100044, 150207,  24895,  65901,   8632,  19641,  79552,
        52867,  35230,  84086, 116859,   2302, 113846, 113105, 131045,
        75652, 135325, 117513,  89629,  40981,  59223,   7707,  97023,
        30763,  82519, 131505, 130564,  78023,  14570,  20398, 146396,
        95111,  16247, 113643, 144586,  54310,  17586, 113637, 151365,
        19301,   9833,  17610,  17306, 132364,  88814,  19146, 100253,
        61142]), array([ 52645, 127939,  70807, 119943, 120119, 145213,  22972, 152836,
        41149, 124472,  84750,   2605, 114690,  59091,  14991,  80776,
       135435,  30406,  23249, 150225,  15786,  53651,   8945, 147740,
       127587, 138053,  57796, 122274, 136060,  47537,  21493,  37025,
        59838,  44068,  92277, 148493,  51261, 105242,  98937,  82182,
        70452, 133953,  68374,  85531,  73412,  97388,  44356,  30084,
        94450, 130201,  14103, 107924,  46293, 140580, 129813,  19798,
        89124, 142577, 128339, 136672,  97515,  11450, 120559,  75910,
        26600,  58355, 116970,  19362, 124663,  44177,  68989,  89855,
        76117, 148094,   3898,  45412, 142913, 134346, 150558,  57078,
        54476, 142319,  71010,  34665]), array([ 22667,  71112, 153173,  46104,  74656,  17211, 108117,  68935,
       108477,  64284,  58405,  70947,  91811,  83732,  78947,  60889,
       127952,  60506,  53064, 106751, 124548,  11264,  68233,  16133,
        87846, 142998,  39240,   8170,  54346,  28477,  92168, 108809,
         7836,  95906,  79707, 118610, 130463,   4550, 145560, 148069,
        41881,  90638, 140663, 100042,  27081,  89666,  27315, 125995,
       129980, 108270, 120535,  81770,  58100, 146116,   5624,  15667,
        89408,  79611,  99867,  38397, 116771, 148922, 152220, 152510,
          245,  38280, 125833,  40563, 146767,   6042,  68595,  46812,
       101591,  70569,  64768, 110776,  49103,  93535,  31092,  54690,
        92355, 103644, 149784,  71883,  44160,  29179,  73572, 131367,
        24807,  24355,  50620]), array([ 17802, 129598,  72329, 145494,  96808,   2097, 145889,  55221,
        62875,  12261,  75357,  34309, 148438, 125594, 143540,  40466,
        87525, 124236,  59052,  30701,  81677, 139099,  76204, 128947,
        40353,  70742, 134752, 145405, 138659,  27897, 142708,  88511,
        38996,   4303,  22330, 117215, 105351,  14083,  42413,  85210,
       136073,  71799,  64025, 118391,  38298, 112708, 129830, 111374,
       119051, 130085,  51448, 120547,  29207,  47475, 106641,  13618,
       121007, 145099,  92026, 137450, 137298, 110169,  30369,  78363,
       141160,  36790, 122031, 129473, 122633, 129394,  45709,   5426,
        40122, 117191, 111989, 141803,   4412, 112189, 109156,  43274,
        35937,  16408, 151613, 124379,  14100, 147504, 113002,  95168,
        46660,  36977,  31652,  63713,  53338,  45761,  85526, 133954,
        82486,  46014, 121143,  80293,  59875,  96520, 113407,  27183,
        98102]), array([121177, 116872,  64912,  40839,  25614,   8472,  25018,  41771,
       108448,  53853,  56168,  87586,  58477, 130458, 107753, 122025,
       119131,  43803,  85617,  34033,  85779, 135690,  49790,  71050,
       140184,  39519,  97475,  97793,  71988,  21596,  94489,  67103,
        10942,  84043, 120586,  96813,  49429,  12427,  39589, 103073,
        96756, 138257,  18497, 125929, 137839, 115134,  24250,  70222,
       108299,  55184,  51150, 149976,  99646,  17401, 121149,  29249,
       125980, 124551, 130194,  75354,  49551, 144227,  98702, 120342,
       139337,  22400, 103814, 123962,   2678, 112233,  27001,  77101,
       127541,   8765,  77284,  38494,  96503, 131245,  64905, 140769,
        26534,  24998, 152951, 134033,  24353, 125346,   5737, 115047,
        23693,  91968, 125436,  65363, 124878,  86800,   7604,  26014,
        80782, 146990,  29300, 127772,  36684,  17086,  71987,   8897,
       132381, 136690,  34363,  85856, 102924, 113244, 130896,   2952,
         6794,  48835,  27987,  19321, 135774,  74033, 119236,  47173,
         1479,  36037,    174, 108978,  31228,   3913,  87886,   3666,
        36060,  83144,  36632,  49514, 106378,  90439, 118919,  14328,
         1801, 138905,  13141,  93772,  89256, 145002,  66032,  25068,
        71184,  32229,  95898, 126892, 129138,  43798,  49447,  42995,
        79379,  59841,  35957, 140673,  64380,  68724,  50943,  40310,
        46387, 134968, 119222,  14752,  12669, 118705,  73874,  76102,
        22493,  55182,  63764,   9181,  34785,  89522, 109242, 116823,
        88698,  78049, 153115,  53894, 132749, 127226,  35204,  42261,
        16596, 152937,  29016,  72478])]
shape of feat_train: (1539, 602)
Mean accuracy: [0.8386164022120216, 0.005201762521202458]
