Namespace(dataset='flickr', dropout=0.0, epochs=400, gpu_id=0, hidden=256, inductive=1, keep_ratio=1.0, lr=0.01, method='random', mlp=0, nlayers=2, normalize_features=True, reduction_rate=0.01, save=True, seed=85, weight_decay=0.005)
size of adj_train: (44625, 44625)
#edges in adj_train: 218140
Test set results: loss= 1.5489 accuracy= 0.4692
idx_selected :  [array([36224,  3458, 17498, 23563,  1474,  3289, 32242, 24830, 42974,
        2852, 28517,  4561,  9158, 14962,   862,  9263, 16168]), array([34487, 18769, 16374, 27858,  2093, 21866, 16142, 25157, 22063,
        8581, 22142,  4041,  2108, 36526, 34980, 15546, 12755,  2270,
         762, 35954, 28495,  9258, 22191, 42663]), array([35138, 19982, 31970, 26365,   233, 28671, 16272, 19726, 39409,
       33124, 26757, 18363, 34283, 32696, 42703, 43446, 23183,  8451,
       30885, 21398, 39625, 44513,  9569, 27830, 34494, 26702]), array([41788,  7897,  3790,  5392, 14686, 19167, 14475, 25772,  7736,
       15849,  9490, 13167, 31892, 36400, 26039, 23499, 44515, 25533,
       35302,    30,  1456, 38584, 37690,  4021, 22379, 24438, 15158,
        4874, 23870, 41820, 43816]), array([12609, 18881, 36817, 42152, 32949, 43128, 29037, 26756, 26195,
       27542, 16843, 28406, 39790, 35256,  4460, 22486, 37527,  2958,
       18094,  6779, 21219, 29320,  9033, 21411, 15878, 11286, 27540,
       36700, 39245,  7016, 38902, 15762, 18238, 10311, 43461, 14888,
       26605,  1023,  8900, 28482,  8163, 34697, 26475]), array([17913,  4270,  3801, 16355, 29894, 18411, 38695,  1081, 10104,
       33504, 31974, 15512,  8807, 41060, 26104, 25585, 29995,  1538,
       14147,  1159,  5085, 14407, 19339, 26806, 36737, 42224, 30350,
       44383,  3725, 26907, 31576, 25387,  6577, 13933,   975, 23819,
        6214, 21503,   156, 40352, 29772,  7428,  6833, 11434, 36303,
       30799, 43251, 43648,   828, 14997, 20558, 27406, 20261, 20285,
       28585, 40477, 30771, 35608, 39227, 44377, 25277,  2855, 13444,
       19246, 15805, 17209,  4271,  2454, 40361, 25541, 36212, 36591,
       15165, 15270, 40387,   892, 18900, 13244, 33919, 30006, 36607,
        9526, 11871, 13221, 28012, 24273, 32800, 19004, 24946, 33270,
         351, 38268, 11677, 30500, 11405, 38417, 11495, 29121, 35136,
        5345, 20914, 32375, 29888, 23549, 25092, 25570, 33436, 43059,
       38131, 24245, 44101, 27005, 12106,  3793, 24615]), array([42833, 40937, 43752, 16800, 35054, 15080, 25080, 14108, 17631,
       40844, 25205, 20687, 22775, 33918,  3109, 14497, 22225, 30402,
        1788,  4570, 21636, 32853, 30655, 12406, 34314, 41594,  8944,
       33152, 42443, 35527, 29255, 30947, 18724, 34554,  6029, 19708,
        6555, 24868, 36287, 25259, 24588, 36391, 17854, 42242, 12242,
       22429, 37585, 33148, 39239, 35618, 21871, 39309,   358, 38784,
       29794, 41531,   680, 27003, 17200, 12916, 23529, 31036, 29455,
       27689, 23702, 22026,  9633, 37634, 23044, 16072,  3142, 25787,
        5684, 21064, 22997, 41854,  4626, 11050, 26437,  3509, 14579,
       44189, 26871, 25436,  8240, 21216, 31746, 25931, 40199, 14641,
       21324, 41737, 23338, 19180, 19132,   372, 24653, 17686,  3403,
       16376, 27894, 36527,  4178, 43899, 13965, 27972, 23834, 32172,
       13537, 31256, 14306, 10578, 11459,  1042,  3069, 31482, 20534,
       32979,  2734, 25457, 21604, 34865, 24960,  6586, 16508,  1635,
       28121, 12259, 22974, 24266, 26498, 10654, 28756, 12455, 34472,
       43099, 33521,  9598, 31885, 26061,  3604, 10486, 13475, 11368,
       38079, 14364, 12073, 15618, 42033,  3287, 42476, 27343, 21155,
       16873,  5948, 36545,  1104, 27503,  9555, 39402, 18439,  2461,
       23929,  7335, 16920, 32544, 20266, 28673, 16617, 24544, 18918,
       39362,  3064, 15217, 38249, 28527, 20201, 19280, 39224, 27342,
       13436, 37472, 40695, 28337, 14467, 35816, 26415, 30097,   877,
       44289])]
shape of feat_train: (446, 500)
Mean accuracy: [0.4463541433245194, 0.002822985918659621]
