Namespace(dataset='flickr', dropout=0.0, epochs=400, gpu_id=0, hidden=256, inductive=1, keep_ratio=1.0, lr=0.01, method='random', mlp=0, nlayers=2, normalize_features=True, reduction_rate=0.01, save=True, seed=120, weight_decay=0.005)
size of adj_train: (44625, 44625)
#edges in adj_train: 218140
Test set results: loss= 1.5502 accuracy= 0.4715
idx_selected :  [array([44097, 17469,  6787, 22131, 34854,  1896, 27548,  5401,  7186,
       23220, 23907, 20745, 34421,  6900,  8114,  8000, 12491]), array([43925,  6697,  5390, 24088, 19595, 40425, 30977, 24903, 40951,
        8980,  6260,  4139, 38385, 43440, 39897, 36942,  8536,   227,
        4543, 23266, 43701, 29803, 40919, 23472]), array([36208, 18167, 29346, 33299, 36790,  6178,  7645,  9631,    85,
        6385, 17590, 42166, 34248, 32561, 16756, 40744, 18693, 22025,
         433, 30871, 39377, 24476, 40543, 38917, 41084, 14075]), array([21742,  9207, 10756, 34644, 40365, 17327, 34298, 16181, 34086,
       23805, 41461, 18059, 41886, 11508, 41622, 38987, 15706,  6682,
       42615, 24968, 25879, 10178, 29823, 19953, 40839,  5113, 34654,
       25533, 44037, 35591, 12248]), array([36061, 26271,  9906,  7400, 23484, 13917, 28169, 31657, 44503,
       30653,  9887,  5588, 30855,  5299, 37565, 34496, 31727, 13522,
       36916,    29, 35980, 42163, 33516,  5525, 31155,  1703, 43052,
        3770,   112, 39153, 10967, 30377,  8326, 18402,  3040, 24633,
       14034,  5985, 39351, 28054,  1982,  8475, 43588]), array([25646, 27294, 25678, 37921,  1918, 23678,  5258, 14733, 29301,
       41142, 33182, 42604, 31660, 23252, 12932, 38008, 11150, 25412,
        8183, 24810, 18023, 16037,  4344, 30563,  4059,  8728,  3703,
       38061, 19667, 36084, 22478, 33243, 29229, 26081, 40115,  6058,
       36607, 31743, 22321,  1070, 21553,  5343, 36221, 40887,  2984,
       38883, 29694, 29775, 19854, 13836,   759, 16107, 36977,  6774,
        7901, 37053, 26102,  4126, 23533, 19969, 15384, 22445, 20840,
       37011, 36845, 38297, 12403, 26104,  4155, 43667,  2983, 28959,
       40399, 40094, 38973, 32570, 11096, 36853, 26176, 12891, 34791,
       19296, 41062, 38527, 26558, 19356, 36745, 11021,  8969, 25651,
       30720, 14677, 29149, 37393,  8583,  4211, 23855, 16711, 18215,
       29535, 34104,  9213,   362,  4429,  1199, 23069, 40062, 37683,
       14803, 31634, 26182, 21172, 28550, 34696, 11988]), array([39417, 32741, 44623, 11785, 42632, 37451, 29383,  6339, 24876,
       26447, 14579,  6865, 23020,  7278,   292,  1134,   912,  5744,
       19770, 13621, 29877, 34905, 27864, 10056,  5888, 17703, 13819,
       25538, 43506, 22899, 34239,  8385, 20197, 42437, 25174, 11765,
       22393,  2354, 37970,  1950, 40346, 35096,  6383, 25846, 11747,
        6857, 29893,  5653,    33, 35027, 37332, 20403,  5771, 26769,
       15609, 15754, 10445, 11793,  3946, 11913, 35086, 10828, 43901,
         554, 28730,  1781, 39243, 38153, 13999, 11056, 32998,  6048,
        6234, 38862, 39279, 14418, 37487,   990, 28247, 23464, 17268,
       31856, 29917,  1469, 25145, 38270, 42689, 29309, 42105, 40624,
        9496, 10810,  4001, 39439, 15982, 34741, 29801, 33978, 19651,
       26276,  3718, 16431, 39456,  1314, 17287, 11966,  9885,  2159,
       29315, 21845, 18393, 42173, 14173, 26185,  9398,  1680, 11465,
        3893, 36245, 40046, 17969,  4942, 26186, 16228, 37982, 33288,
        3482, 12627,  5301, 32453, 27689, 27984, 28332, 24103, 32588,
       41927, 38122, 43542, 35318,  3762,  2779, 40069, 36319,  7026,
       22349, 28483, 11887, 16065, 19823,  7859, 30714, 33281, 21614,
       31081, 33053,  4642,  1069, 15372,  7432, 12514, 21561, 39154,
       17535, 33184, 40208, 42787,   353,  2113, 44407, 23063, 13825,
       21907, 13658, 23814, 10076, 36324, 14274, 14918, 15906, 39473,
        4078,  8812,  8021, 32044, 36133, 22093, 34812, 35694,   580,
       44576])]
shape of feat_train: (446, 500)
Mean accuracy: [0.4529243042172725, 0.002316774838273244]
