Namespace(dataset='reddit', dropout=0, epochs=400, gpu_id=0, hidden=256, inductive=1, keep_ratio=1.0, lr=0.01, method='random', mlp=0, nlayers=2, normalize_features=True, reduction_rate=0.002, save=True, seed=1, weight_decay=0.0)
size of adj_train: (153932, 153932)
#edges in adj_train: 10753238.0
Test set results: loss= 0.4898 accuracy= 0.9398
idx_selected :  [array([130131]), array([78096]), array([89177,  3146]), array([  987, 73550]), array([42456, 27495]), array([84593, 58259]), array([32617, 82373]), array([138206,  21974]), array([48462, 76835,  5503]), array([65496, 81294, 47191]), array([32002, 70250,  8225]), array([ 58237, 103242,  75658]), array([148252,  23272,  80122, 149189]), array([153544, 108400, 111434,  82013]), array([ 40016, 125268,  38963,  13265]), array([  7448,  98074, 140963, 134976]), array([ 55243, 126470,  95513,  94784]), array([127168,  53664,  85180,  28336]), array([118111, 128209, 110180, 113276,  27144]), array([113588,    243,  29619,  40689,  10252]), array([106693,  50834,  10378,  13532,  75894]), array([ 59311, 128576,  61362,  58840,  12104]), array([ 16644,  56978, 118973, 138814,  83315]), array([112551, 128654,  74928, 131729,   7719]), array([132323, 113986,  62829, 146309,  48234, 137547]), array([131959,  12252,  78749,  72110,  60439,  11633]), array([122258,  76141,  14815,  89023,  35501,  46144]), array([152211, 132773, 118616, 136390,  42680, 129185]), array([ 10881, 120910, 143517,  51755, 139562,  22480]), array([ 42227, 135852, 136829,  64010, 130347,  19555]), array([148417,   7852,  34566, 112672,  66978,  83394,  31475]), array([ 61510,  65648, 139942, 104170,  21855,  22040, 125256,  14480]), array([ 82478,  81944,  28271, 111068,  77368,     14,  69492, 126894,
       148279, 112403]), array([ 23128,  26112,  90229,  80271, 153078,  32989, 111906,   9671,
        60431,  33476, 115471,  99689, 141744,  68000]), array([ 19741, 122287, 111480,  43525,  22287, 133258,   4229,   1065,
       143852,  33000,  55973,  65823,  93183,  48542]), array([ 65846,  27948, 110930,  35324,  27957,  63970, 127736, 128154,
       102192,  47028, 149886,  48116, 133658, 122407, 120951]), array([ 49066,  80007,  68865,  70891,  66717,  79786, 152671,  56864,
       126828,  30037,  89871, 123326, 139643, 102315, 105116, 117135]), array([ 42766,  24617,  50618,   3471, 142187,  91459, 147371,  17470,
        69707, 131197,  77290,  79991,   7076,  90488, 131702,   1885]), array([100141,  84643,  83323, 153386,  26327, 104068,  84947, 146736,
       130960,  68233,  75776, 133077,  21024, 151835,  14516,  62794,
        59691,   1508]), array([ 96855,  53158,  80488, 134826, 142369,   3025,  84323,  66091,
        36760, 113482, 104475,  10082, 126691, 137879,  65787,  34948,
       128708,  22877,   8710,  65450,  32714]), array([ 89331,  92356,  81023, 144438,  31987,  90940,  38212,  49056,
        11566,  47496,  34314,   2487,   1326, 108151,  77394, 112613,
       116873,   7440,  50961,  52796,  11412,  92261,  18672,  63878,
       128552,  66679,  39484, 151350, 111364,  36604,  12435,  47364,
       137201,  15537,  86800, 109774, 143874,  67727, 118809, 150107,
        18745,   9224, 114531,  34732,  83144,  11788,    554,   6027,
       140686,  89766,  57879,  41553])]
shape of feat_train: (307, 602)
Mean accuracy: [0.6299110854086096, 0.005848041053909793]
