Namespace(dataset='reddit', dropout=0, epochs=400, gpu_id=0, hidden=256, inductive=1, keep_ratio=1.0, lr=0.01, method='random', mlp=0, nlayers=2, normalize_features=True, reduction_rate=0.005, save=True, seed=120, weight_decay=0.0)
size of adj_train: (153932, 153932)
#edges in adj_train: 10753238.0
Test set results: loss= 0.4640 accuracy= 0.9409
idx_selected :  [array([135190]), array([ 33926, 141720,  74673]), array([ 60912, 122848,  91386, 143061, 111394]), array([ 77155,  75891, 142074, 101497, 113964]), array([ 28927,  87827, 150896, 150508, 129044]), array([ 17879, 120334, 144745,  72820,  81979]), array([ 22157,  36178,   7007,  48692,   4120,  77831, 114806]), array([136081, 115175,  76357,  67667, 113879,  36269,  80607]), array([107528, 111638, 123621, 100850,    336, 134565, 101677]), array([ 97306,  86420, 148931,   4363,  94140,  15991, 103460, 105711]), array([145464,  40087, 133713, 120707, 137556, 134456,  90536, 111629,
        62100]), array([119483,  75658, 125743,  67190, 151880, 137615, 150370,  14440,
       121600]), array([ 48121, 144943, 135813, 125485,  90075,  60520,  37208,  31113,
        62755,  30528]), array([ 86404,  83002,  18573, 128860, 125375,  65711,  43002, 113339,
        22452,  37849]), array([ 20417, 109564,  53003,  30222, 148165,  55117, 142773,  69224,
         9647, 100466,  44077]), array([116576, 109040,  37591,  93834,  65223, 113664, 137682,  84267,
        72453,  42796,  79446]), array([ 13025,  42591,  73118, 125729,  38192,  66090, 100410,  28829,
       129217,  36332,  87436]), array([ 44537,  68204,  45759,  85240, 130445,  76830,  92649,  92594,
        35840,  93977,  89140]), array([ 73014, 149575,  86034, 110277,  35578, 135134, 114879,  18290,
       123132,  36745, 138862, 108323,  96974,  70269]), array([ 67783,  61120,  70564,    402, 136628, 127595,  28777,  13328,
        52596,  67075, 140745,  52493, 139433, 124167]), array([102241,   2907,  62813, 119338,  98061,  28959,  26470,  19590,
       115725,  14256, 116413,  11121,  31544, 106573]), array([146481,  63800, 108115,  83041, 100456,  57875,  39319, 133085,
       112945,  93407,  33069,  11149,  37337,  68154]), array([111603, 119683,  28915,  15273,  74147, 150603,  24328, 135343,
        46004, 131097, 149907,  39359,  17241,  14293]), array([ 22582,  43479,  84106,  35622,  78358,  68451,  57300,  51423,
       141359, 136866, 137518,  32761,  60358, 145701]), array([ 25488, 109835,  21850,  27555,  43657, 148729,  33560, 136745,
           56,  77210, 125574, 131698,  47264,  34520, 128894]), array([ 23302,  18294,  71791,  24094, 102127, 147726,  45217,  65953,
        43991,  94650,  27394,  66252,   7547, 115556, 113340,  68397]), array([ 16332,  66940, 107775, 150195,  90379, 129787,  26576, 106155,
       149333, 121750, 143786, 132193,  39941,  53471,  56204, 121542]), array([ 51320,  40480,  56693,  80542, 138736, 103219,  94764, 130887,
       126133,  56609,  53359,  48090,  90651,  42560, 117759, 132279]), array([ 87136,  65232,  31293, 144019,  70929, 147628,  19202,  25581,
       102360,  55106,  94576,  98674,  64678,  91052, 106996,  10185]), array([133044,   9330,  97589,  55346,  26684,  21269, 108328,   6298,
        37547,  36882,  37181, 100926,   1407,  72581, 136511,  78952]), array([100706,  11351,  85775,  63269,   7958,  53132,  85705,  17263,
       122598,  72890,  50294, 127273,  24641,  83829,  39358,  59833,
        48682,  13178,  19295]), array([ 81850,  67728, 106314,  62015,  45848, 150481,  43886, 141562,
        63463,   9538, 145112, 101072,  31098,  78253,  22535,  13308,
       101832,   5696, 102284,   3240]), array([126062,  78116, 106816,  17779,  27279,  88465,  23735,  13810,
       122116,  41941,  96548,   2920, 149722, 148543,  52009, 149970,
        97394,  24985, 112280,     48,  53745,  13230, 127762,  71975,
        85949, 119288,   1375]), array([103459,  14944,  78105,  39297,  52732,  47144,  92796,   5075,
        27869,  78923, 112149, 108450, 151559,  93377,  47933,   2798,
        97503,  48575,  58321,  17256,  29809, 138363,  85930, 144858,
       149318, 113969, 133332,  50922, 136415, 134097, 110314,  72913,
        78716, 119246, 151667]), array([ 93373,  82945,  98372,  28816,  98762, 107914, 114327,  76283,
         8382, 144681,  27490,  91160,  14116,  82603,  80120,  29206,
        37675, 133613,  89149,  80907,  15030,  83356,  66819, 153232,
        49152, 114595,  91518,  51654, 143046, 143297,  10445,  63226,
         6588,  18113,  52995,  76134]), array([ 85414, 144899,  84659,  73530,  28289,  25435,  50494,  16799,
       145192,  32749,  83958,  99197,  67537,  37371,  44129,  34354,
        59677, 121791, 134294,    471,  67207,  17154,  37149, 135651,
       143914, 148772, 126615,  69419,  43660,  61085,  51574, 147727,
        31788, 149236,  32768,   1846,  41602, 114937]), array([ 29367,  10916,  71782,  34873,  85456,  37982,  62675, 122486,
        36129, 122343,  77801,  62167,  59030,  86902, 123173, 148788,
        34276,  71855, 152006, 122339, 125691,  12166, 101239,   6857,
        42588, 149896,  33388, 100903,  54151, 106533,  71682,  59077,
        43143,  16397, 144543, 138462,   4580, 119979,  44093, 127639]), array([127501,  95529, 117306, 138611,  41855, 104322, 117248, 106839,
        53700,  12217, 123526, 111566, 140814,  88818,  41813,  58770,
        80735,  82938,  40383,  19062,   9325,  78078, 102949, 149050,
       111671,   4112,  82259, 112758, 115515,  67448,  14966,   2127,
        97513,   3310, 109637, 129668, 146315, 119579,  85994,  75244,
       133002, 124100]), array([146569,  19090,  14523,  28016, 119828, 123982,  88762,  16776,
        40862,  25926,  97850, 131088, 148898,  42316, 150561, 151942,
       124294, 139771, 120552, 113396,  20161,  13500,  72141,  59651,
        94850, 117965,  61149, 138804,  38120,  85754, 115732,  78829,
        42747,  72291,  60506,  68352,  11570,  10039,  42117, 151138,
        37721,   4046,  38766, 101012, 109728]), array([108787, 141618, 117444,   5115, 138329, 129151,  47641, 111531,
        96472,  79785, 142808, 126541, 148782, 127707,  55314,  40927,
        84784, 126822, 152768,  58026, 122405, 117322,    138,  54916,
        15481,  63005, 143805,  31652,  75797, 143376, 148216, 149557,
        74658,  39198, 116257,  79081,  70399,  23052,  24693,  49912,
         3515, 136367, 144208,  96660, 113332, 109142,  61187,  72918,
        86663,  28337,  89687,  47680]), array([ 91836,  66301,   8291,  65121,  91221, 127581,  18903, 120367,
        32036, 106462,  81665,  36510,  39055,  55999,  83704,  71050,
       146876, 115677,  22727,  97825,  59215, 142767,  79064, 120193,
       106712,  57625,  56514,  28635, 131253, 134321,  21115,  27179,
        27906,  29236, 102993,  85228,  49266, 113824,  99871,  87458,
        21885,   7079,  53614,  29319,  31300,  24236,  77089, 113705,
       137044,  25314, 107438,  39365,  69460, 111032, 117701,  34160,
        56252,  42513, 109854,  10017,  93799,  37718,  58865,  53085,
        26011, 142360, 150594, 130652,  83648,  72096,  33840,  32705,
       122796,  48911, 100620, 133043,   7671,  69306, 126238,  37738,
       105473, 134769, 150309, 106175,  90431,  71552, 139183,   3715,
        33094,  95545,  83915, 124535,  12128,   9564,  50081,  57497,
       134693, 119264,  96254, 151510,  96284])]
shape of feat_train: (769, 602)
Mean accuracy: [0.7699009650486138, 0.010455364320642282]
