Namespace(dataset='reddit', dropout=0, epochs=400, gpu_id=0, hidden=256, inductive=1, keep_ratio=1.0, lr=0.01, method='random', mlp=0, nlayers=2, normalize_features=True, reduction_rate=0.02, save=True, seed=15, weight_decay=0.0)
size of adj_train: (153932, 153932)
#edges in adj_train: 10753238.0
Test set results: loss= 0.4646 accuracy= 0.9393
idx_selected :  [array([115254,  59367,  21266,  87232]), array([ 84305,  38785, 112865, 136234,  95267,  39505,  98870,  69608,
         8802,  27362,  99870,  69489,   9661, 142429]), array([ 24559,  83401,  55284,  43315,  32250, 146218,  22251,  98303,
        16624,  64580,  36943,  71646,  46023,  61750,  83619,  83421,
        89518,  72598,  76967, 101505, 102830]), array([ 39795,  40006,  73283, 117096,  70644, 103189, 140929, 132704,
        59134, 136565, 120729,  50759,  43321,  62910,   7447, 130859,
        52059, 151327,  79468,  57395,  58569,   3484]), array([124118, 129395, 148108,  81323, 121373, 109053, 139015,  87750,
       131622, 106577,  82528,  38421,  28637,  41854,  20734,  86215,
         2584, 136186,  49827,   5076, 101138,   3531]), array([ 54203,  54232,  52724, 126380,  49977,  99687,  78506,  41735,
        62036, 129319, 148235, 137263,  72494,  58054, 148230,  36256,
        55128,  17750,  82831,  97474,  19282,  29715, 147865]), array([ 69389,  36936,  91013, 113787, 136740, 132356,  48902, 131082,
        57690, 112192,   9612, 137021, 100571,  39661,  86708,  44687,
       102084,  89805,  25217, 104207, 119046,   1818,  10734,  20066,
        24964,   7007, 118218, 125281, 100969]), array([129451, 110087, 115039,  71689, 125086,  59967, 141955,  79933,
        49631,   6732,  52472,  24976,  18276,  98098,  43876, 148284,
        68331, 118601,  53047,  61505, 109358, 123337, 127237, 132120,
        59758,  82921, 103739,  34824, 106613]), array([ 62528,  31131,  60943, 109998,  62288,  77634, 126103, 126663,
        49329, 131849,  10577, 124941,  27419,  58113,  70764,  20986,
        76720, 136676,  51196,  57756, 113709,  98944,  77782, 140812,
        50455,  51452, 139685,  44154, 125970,  26457,  36404]), array([ 69207, 102380, 119150,   1022,  82285,  29072,  88504, 101779,
        65983,  93422, 113165, 114624,  12534, 137424,  69633,  32212,
         7404,  31340,   4032, 107129, 139480,  27620,  73911, 131354,
        19838, 117748,  64537, 126194,  36898,  21962,  66238,  87764,
        82042]), array([ 25049,  55282, 127808, 113275, 143482,  55484,  66722, 112267,
       131493,  30703,  12981,  40838, 149276,   1069,  77411,  21688,
         3118,  17923,  27357,  50849,  71025,  75182,  31253,  76339,
       135732,  57580, 149587, 139045,  52570, 100608,  57598,  82251,
       121738,  71822,  79113,  10901,  42119]), array([ 91561,  79176,  47240,  90697,  36095, 129234,  67169,  36016,
        22298,  21603,  39784,  82515, 106874,  54995, 143518,  19189,
       146951,  58134, 143615,  34723,  24788,    403, 107826,  37080,
        63331,  94708,  93953,  94166,  38665,  90475, 148634,  59734,
        40123,  26517,  89536,  42482,  55541]), array([ 68221,  30129, 113731,  85986, 102909,  29027, 150764, 128919,
        86276,  64794,  17312, 134129,  65146,  91785,  45457, 136007,
        47690,  59288, 101912,  70708,  69325, 130323, 110779,  89226,
       123751,  22677,  25981,  87038,  31522,  24781,   2713,  80799,
       151261,  10840, 136820, 116312,  69983,   5711,  17946,  31225]), array([142053,  55098,  69535, 107910, 108400, 120359,  94949, 126871,
         8476,  98841, 104295,  90985,  86778,  85895,  35540,  76952,
       152737,  83238,   9860,   5921, 143074,  18307, 105474, 147658,
        64589,  38538, 114383, 131063,  76591,   9817, 105895,  88803,
        38094,  44738,  60127, 104280,  54852,  43139,  94271, 126798,
       104979, 106477]), array([153076,  57741,  23117,  89823,  34678,  90998,  89296,  81099,
        90588,  72978,  74117,   4326, 150628,  12226, 133612,  66259,
        89699,  76969, 145922,  43013,  58976,   6621, 110633,  79573,
        91346, 125296, 150131, 138851,  56386,  77811,  64667,  13824,
       136890,  82761,  53594,  91814,   7870, 150118, 133545,  30316,
        49424,  69224,  15681,  29939]), array([  4147, 129557,  11444, 105812, 107571,  59136, 118914, 137091,
        67606, 142947,  61503, 126140,  88202,  17036,  45524,  91499,
       126713,  47622, 153001, 115191,  82867, 141891,  15331,  56222,
       135801, 117426,  25516,   9734, 144238,   4813,   7860,  85843,
        65466,  42479, 134686, 102183,  65455,  62372, 106866,  24636,
        66157,  22687,  71630,  88014,  72861]), array([  6054, 105783,  49304,  86868,  22862, 137400,  15215,  57574,
        32626,  88018,  10295, 129995, 126386, 144389,  85143, 145122,
        48989,   6747,  22224,  73151,  39669,  59414, 131807,  76476,
       101995,   9107, 140449,   6573, 128812, 106768, 125233,  28214,
        72639, 108888, 138044,  92605,  48247, 123170,  63685, 112614,
       124345, 153740,  21097,  53206,  22957, 151758,  22574]), array([  3628,  12259,  46797,  10298,  73348, 143089,  50562,  76182,
        24292,  38351, 117829,  22272,  18765, 115411,  56264,  90766,
         3978,  72400,  42577,  68204,  19655, 121056,  67668,  47485,
       147487,  96642,  90628, 125372,   9388, 105652, 128742,  61256,
         8871,   9121,  62488,  79553,  54622, 147358, 125081,  80348,
        50563,  84908,  12041, 110686, 120998, 128984,  47133]), array([ 73192,  33653,  81896, 107450, 118588,  45174,  42409, 134929,
        96879, 138055,  61911,  74869,  78084,  68757,  40701, 112097,
        75940,   2932, 103677,  82832, 122376,  38687, 125974, 135808,
        18290, 143815,  38483, 104657,  41893,  94756,  15964,  49050,
       109280,  37751,  99357, 138899,  53437, 113394,  46518,  84109,
       121157, 104950, 100701,  66449,  42226,  21823,  83998,  61321,
       135427, 139449,   4998,  52749, 144881, 121671,  40265,  39520]), array([146064, 137479, 143889,  95202,  27754,  26157,  53088,  46875,
        68700,  37427, 116649,  61299,  32281,  96356,  12936, 100339,
       146954,   1814,  86611,    204, 130681,   9337,  79512,  11398,
        98539,  89937,  67838,  29465,  67750,  90258,  99710, 133650,
         1328,  92085,  17464,  45043, 140560,  42750,  19455,  39565,
        41119, 132972,   6462,   8317,  23212,   2892,   9979,  79791,
        46602,  78274,  19123,  47897, 150415,  97242,  72515,  48226]), array([ 20440,  58893,  69204,  29891, 147535, 106957,  37453, 124729,
        90566, 131523,  37399,   4463, 118154,  31657,  94904, 120745,
       106292,   9276,  70942,  68184,  85335, 129387,  76320,   3973,
         6099,  52413,  95120, 151843,  87701, 149520,  88976,   2517,
        28617,  29708, 146402,  83088,  76814, 131951,  80073,  34596,
       115385,  72194,  88535, 145929,  84694,  28471,  96551,   4057,
        19732,  67092, 118008,  94573,  67479,    175, 140788,  49808]), array([ 59728,  98040, 130138,  16506, 139311,  84023,  62959,  52433,
        73854,  95502,  45735,  38934,  68376, 134959,  49217,  62471,
        67222,   1826,  36818,  47914, 100456,  85620, 151206, 148638,
        16967,  55830,  33807,   6468, 108506,  48944, 147477, 120714,
       103897,  38640,  98656,  71435,  40295, 130209,    929,    448,
        89913,  15721,  93792,  20743,  88442, 117327,  18720,  78498,
        46366,   3438, 112047, 108819,  51294,  52052,  33109, 126923]), array([ 73313,   2144,  99945,  83814, 151215, 121453,  28721,  98373,
        84476,  97286,   2859,  10858,  71920,  38929,  89768, 135169,
       114448,   4594,  90823, 143257,  85707,  55249, 108275,  31367,
        92280,  15852,  83663,  40875, 149972,  59295,  57229,  70628,
       120871, 109339,  59374,  88839, 114215, 126221,  63013,  69860,
         6055, 101310,  30298,   2065,  57237,  97233,  56858,   6435,
       124936,  61230,  12417, 106994,  60751,  24169, 147797,  83546,
        23697]), array([122815, 148967, 128536, 109346,   9520, 119686,  11581, 147775,
        63807, 102501, 132105,  31441,  37805, 115293,   9940,  28675,
        93111,  19960,  50531,  41171,   9532,  85048, 136394,   9045,
       128911, 119360,  39476,  83026,  29692,  10404,  83285,  27412,
       128703,   7769,  93110,  87025,  36147, 111673,  51824,   8013,
        78007,  90548,  18619,  79782, 124888,  52878,  40268,  91347,
       111119,  69076, 117838,     79,  13801, 151938,  58375, 133837,
        68770]), array([105129,  41153,  46052,  85951,  30153, 101448,   1369, 139317,
       117588,  10020, 130409,  85237,  10424, 145535, 102660,  86823,
        15020,  81049, 143315,   5673,  76176,    556,  19674, 141275,
        76180, 137425,  74900,  85566,  46530,  70867,  88250,  32288,
        73070,  34731,   1592,  96625, 127379,  92334, 148536, 143340,
        45733, 106897,  47358,  69024,  72838,  15156,  57377, 149515,
        83924,  70428, 103765,  12895, 140761, 129100,  92931, 112620,
        23720,   5767, 142413,  59260, 101356,  92478]), array([ 35507,  19697, 141737, 112766,  16901, 128276, 129059, 151894,
          930,  17149,  98318,  70183,  58051,  89604,  77235,  41048,
        38635,  89493,   6692, 109418,   4188,  53371,  87199,  68843,
       113120, 147382, 116520, 130570, 102093, 101504, 132660,  89196,
        72108,   1103,  77064, 102155,  76334,  77371,  26956,  51012,
        92841,  15281,  98083, 132977,  98672, 129339, 152323,  11633,
        24439,  91935,  94932,  84295, 109508,  11724,  16912, 101437,
       104335,  62563,   4033,  76235,  15549,  70620,  81057,  18841]), array([101399, 148302, 119475,  50372, 104949,  86292,  67466, 128945,
       135350,  58275, 117397,  46370,  76383,  30170, 140818, 135779,
       106822, 102722,  27981, 117192,  22767,  90427, 114466,  99661,
        32971,  45751, 119108,  35220, 141740,   8709, 125059,  49039,
         3473,  70143,   2100,  75021,  22737,  71539,  35011, 102040,
       150759,  38721,  73762,  34515,  80166,  34504,  55116, 137040,
        70627, 128926, 105203,  59462,  98949,   3351,  94587,  51072,
       153559,  62521, 121380, 104841, 136875,  72315, 132224,   9089,
       107850]), array([117471,  84270, 116683,   4452, 130045,  64881, 129001,  28203,
       131593,  82941, 137912, 134730,  98168,  53789,  55896, 108565,
        56291,  93618,  21092,  38922, 119262,  80934,  82640,  79919,
       153467, 140534,  98619, 152639, 129203, 143219,  10790,  61429,
        24105, 105025, 149324,  47385,  24775,  70906,  77433, 119988,
        25215, 109769,  38537, 143931,  38887,  64100,  91565,  50284,
       112477,  40704, 107849,  21370,  62778,  41978, 111564,  80910,
        79344,  44231,  16840, 100208, 122545, 129507, 126650,  44748,
       119336,  46136]), array([ 68917,  87673, 148401, 115455,   3509, 143517, 142113,  49504,
        51554,  87136,  53036,  34072,  65713, 148609,  29645,  68122,
       152037,  25803,  31121, 138032,  94820, 144994, 138722, 136148,
       123026, 145645,  28002,  50928, 102774, 126211,  68860,  87035,
       141730,  33048, 107309,  97355,  21512, 115761, 136301, 148289,
       130442,   1534, 123428, 126463,   1797, 141481, 105859,  22164,
        15091,  34614,  56685, 151804,  52126,  72775,  53913, 121195,
       111299,  62732,  72698,  21202, 143633,  86851,  82902,  95356,
        78070,  93993,  24323]), array([118582,  75368,  43765,  30794,  50216,  43536,    492,  50482,
       125836,   3720, 150695,  45683,   1843, 125455,  25810,  33077,
        24295,  56399, 111301, 108328, 130623,  33507,  17152, 120554,
          414, 127832,  87239, 151623,  19878,  83605,  72798,  35376,
        67395, 148914, 108276, 143978, 146051,  41106,  25919, 142813,
        64709,  78445,  57145,  25638, 122180,   5080, 117646,  90546,
        93378,  80564,   7727, 143589,  20182,  15054,  64773,  84931,
        82883,  13503,  91348, 126881, 147021,  70264,  50883, 109821,
        39336,  95452,  83415]), array([ 94534, 128567, 149681,  45427, 127922, 101418,  63590, 137917,
       127538,  93567, 152158,  71172,  50074, 121283, 132435, 102425,
        90039,  68410,  28900,  13033,  34109,  55893,  38327,  99682,
        95726, 153479, 120051,  48804, 122269, 107459,  68272,  30251,
        45878,   2965,  94751, 136021, 113884, 105527,  95764,  97832,
        77439,  27057,  18611, 101596,    697,  97312, 124668,   3352,
       115297,   4294,  54639,  30904,  21018,  22135,  38852, 153221,
         2376, 126913,  59833,  51666,  83239,  58292,  87506, 136323,
       139383, 143117,  98473,  16598, 148858, 119487,  52278,  81566,
       130408,  18722, 138118, 140238,  87630]), array([ 68484,  42181,  40483,   8024, 148983,   2671,  42537,  22103,
       106595,  65412, 104471,  16072,  48622,  32654,  29364,  29250,
        83610,  60793, 150472,  69232, 132818, 126956,  90834,  34337,
        39173,   5460,  42916, 139206,  66022,  56653, 146504,  32711,
         1321,  44836,  82671, 109570,  59062, 150481,  71674,  65815,
         4215,  47822,  99381, 136737, 148933,  50429,  79911,  47211,
       122440, 131664,  68854, 126362,  52650,   6953,   6895, 123884,
        76306,  37011,  73622,  64592,  18688,  34430,  56721,  85372,
        48211, 126124,  12611,  61009,  58185,  21990,  33017, 149973,
       150647,  30332, 122912,  57394,  86029,  11445, 112206,  12859,
       139142]), array([121943, 100785,  40743,  84324,  31929,  93501,  57370,  94729,
         2998,  65343,  62176,  60242,  54031, 106449, 101819, 153847,
        34539, 101409,   3936,  56047,  57238,  24539,  71030, 148923,
        20750,  24540,  92996, 134454,  49115,  90234, 100357, 127279,
       105127,  59742,  66107, 147817, 134015,  80869,  89667,  81848,
        18426,  31136,  70621,  26158,  47094,  32851, 153132,  46697,
       152679,  62988,   2219,  48713, 112913,  66057,  67899,  72546,
        89449,  74979, 129572, 141134,   1904, 129803,  55444,  60679,
        92272,  35969,  20939,  47786, 121721,  24500,  69692, 153665,
        71956, 152656,  13406,  62540,  33676,  60420, 150596,  41684,
       152812, 123897,  63840,  74180, 100234,  20138, 102354, 109118,
        90237,  34319, 147854,   2028, 149001,  67133,  93274,    811,
        95208,  26374, 107406,   7907, 130410,  83465, 109786, 148020,
       146604, 132251, 117678,  82591]), array([ 81678, 151636,   7107,  23668, 104024, 103130,  19010,  61382,
        81002, 115730,  39245,  81103,  16234,  81416,  88528,  69118,
        57290, 140112,  31467, 105447,  25817,  12144, 145575,  69491,
       129730,  58537,  12674, 128112, 126712,  58398, 152305, 149705,
       109782,  84162,  55859,  30531,  97458,  40146,  12508, 112197,
        63661,  15508, 138430, 145465,  76914,  32058,  39150,  12129,
         7637,  19840, 133157, 148134,   2306, 124171,  52659,  13344,
        34286, 107367, 145771, 140405,  82462,  80149,  38115,  31124,
       107723,  74134, 142427,  48569,  59717,   1628,  59816,  59800,
        34026, 130401,  96909, 132233, 125697,  67604,  77695,  81518,
       150985, 134665, 105016,  95790, 134779,  76008,  36626, 101769,
        39439,  45241, 117747,   4870, 148845, 102428, 135265, 143162,
        25437,  24493,  41206, 145663,  63803,  42497, 113030, 111362,
        88685, 149591,  56114,  70987, 149983,  89582,  14009,  40158,
       152625, 104904, 102238, 142552,  85350,  76468, 105610, 149462,
        19926, 118670, 114664,   1461, 149245,  83241,  96380,  44296,
       116785,  47677, 146697,  22956, 147032, 135422,  68577,  47773,
       147520, 114570, 142466, 108183,   5995]), array([ 41768,  96915,  72911,  23932,  31524, 101851, 131482,  51880,
        50694,  24449,  75015,  24947, 142243,  62348,  81765,  71854,
        49904, 110430, 119443,  16119, 138271,  19283, 136621,  32237,
       100097, 135226,  96505, 130016,  81955,  45806,  29710, 130244,
        91936,  55537,  27662,  71268,   2881,   7083,  54977, 135444,
       102787,  36362,  24646, 133526, 153384,  82275, 131779,  63725,
        48621, 118738, 133914,    302,  43735,  70451,  96537, 121274,
        36598,  33590, 118950,   2975,  36656,   7802,  54267,  84486,
       149774, 111120,  99929,  70809,   6901,  19776, 152395, 142104,
       135064, 102937,  60292, 134265,  16238,  13946,  83872, 145034,
       142770, 142959,  22024,  60941,  98125,  51047,  77997,  72685,
        27796,  36262,  34501,  30617, 116713, 131770, 146201, 110525,
       135885,  26235,  94566,   1346,  16760,  64968, 127789, 135879,
       150224,  65429, 144394, 137287,  74215,  79098,  52265, 126856,
       120427, 111994,  55667,  99371,  32123, 134738,  97721, 127210,
       116027,  90083, 110587, 117548,  38254,  24853,  89686,  96174,
        13194,  43074,  40348,  52141,  62092,  50679,  49716, 145346,
       144054, 125862, 104988,  80061, 112044, 146332,  97372, 123797,
         5125]), array([ 87743,   2836,  29986,  34233,  95045,  83040, 125905, 150524,
         8146,  31873,  80115,  83024, 150703,  49413,  74575, 122569,
        47140,   9486, 108642,  82494,  41297,  79870, 101357,  50426,
        80773, 108887, 144664, 122821,  76592, 107263,  30634, 124303,
        18463,  78284,  87438,  66553,  44995, 141700, 150946,  95852,
         4289, 100924,  85852,  92508,  42532,  16118,  29876, 117956,
         3500,  86824, 129107,   6731,  42991,   3828, 109326,  96977,
       146746, 117830,  14980,  77115, 146923, 117686,   6339,  37851,
         1238,  30836,  73600,   1731, 142294, 148738,  10159,  21458,
        38338,  57915,  64786,  66782, 153033, 127633, 117981,  72031,
        48559,  55837, 125111,  75239,   7680,  67819, 149791,  45252,
        56226,  37286,  42387, 147278, 148893, 150790,   5764,  19836,
        53390,  93271,  39130,  74776,  39648,  14497,  23678,  63146,
       139066,  47619, 105734,  56969,  29437, 111067, 117587,  65858,
        63506,  37352,  17784,   8613,  31219,  22067, 107369, 139545,
        17506, 104640,  35890,  27865, 101756,  56612,  49548, 137522,
        79720,   5733, 129523,  54086, 100764, 152786,  53523,  19931,
       137496, 136800,  60512, 131131,  31064,  67333,   5275,  93751,
        85954,  51987,  75331,  40271,  59333, 125976,  17973,  64521,
        64227]), array([ 39045, 145215, 120445,  95522,  55942,  28182,  11874,  32744,
        51756, 151473, 151980, 106602,  14235, 129416, 146075, 122427,
       115280,  75034,  74066, 141535, 139435, 106081,  10338,  64775,
        17061, 152499,  74247,  75837,  49843,  66766, 132776,  41512,
       145399,  66430, 107607, 142667,  84287, 144966,  11334,  31872,
       114859,  79405,  94144, 153649,   2673,  45691, 121681,  18770,
        67284,  58656,  74531,  61872,   8580, 145975,  63031, 139340,
        74929, 125769,  32283, 104595,  20889,  10239,  95354,  70210,
        61273, 133012, 109246, 128158,  16103, 133238, 117420, 153642,
       108054, 106468,   2351,  54279,  11354, 125636,  40899,  24783,
        80663,   6549, 140470,  11019,  68089,  37568, 114656,   5691,
        67857, 124735, 131834, 123396,  57093,  73022, 124815,  47323,
        34312, 118776,  30031,  14808, 103300,  40950,  31459, 138089,
        14070,   3172,  54072,  97859,  48184, 133621, 146994, 144423,
       136503,   7989, 153869,  67172, 137726,  68981,  55525, 116577,
       112018,  61340,  77062,  15432,  22653, 104516,  64942, 138849,
        28958,  47048,  37617,  39906,  27799,  58066,  87955, 125504,
        55841,  93286,  32155,  24390,  70113,  10596, 153442,  29021,
        99889,  31376, 134932, 153454, 143469, 103488,  49195, 150872,
       130872,  97664,    802,  95585, 146716,  49886,  52857, 144592,
        74173, 125385,   3620]), array([ 93984,  67942,  64379,  91076, 151832,  81741,  66406,  30478,
       118313,   4804, 104165,   7282,  36751, 139184,  20124,  73008,
        92651,  98450, 140550,  65973,  44150,  69849,  62699,  42057,
        55362,  60131,  81813,  72064, 145026,  92692,  59867, 115222,
       104321,  37194,  95065,  20763,   8683,   7702, 151614,  78261,
        10566,  96195, 151266, 132138,  65215, 129078, 128339, 127470,
        12274, 132963,  64185, 116229,  11281,  21068,  99078,  34297,
        87777,  37918, 143002,  16021,  38009,  97388, 133168,   7582,
        14954, 112083,  40452, 128685,  78531, 113403,  12249,  74034,
        37394, 152696, 116161,  31759,  49087,  71565,  27868,  94344,
       137268, 144285,  64457,  71113, 136552,  92914, 101451,  98713,
       114616,  71201,  87741,  58296,  85063, 100211,  89257, 142863,
        39475, 101470,  99476,  69418,  96759,  21198,  51433,  37686,
       147895, 134320, 120876,   1221,  61193,  51861, 123788, 147967,
       145281, 118200,   8475,  99250,  43983, 134346,  20270,  10613,
        37087,  35590, 129031,  20575,  78513,   5653,  59419,  23355,
        65921, 139028,  14552,  65642,  15101, 109789,  79161, 128088,
       142249,  63830,  67030, 152279, 128759,  58497,  71269, 113201,
       132741,  72039, 103709,  27547,  53188,  19370,  48024, 118772,
        16000,  98962,  69591, 121325,  69521,  52897, 119812, 149573,
        11116,  26597,  32869,  28762, 116175,  17023, 152346, 133948,
        23884]), array([ 55434, 120011,  12547, 123778, 153627, 151165,  66667,  30205,
       139101,  83929,  21189,  67240,  43172, 131488, 101598,  94352,
       108261, 129831,  75610,  47872, 117395,  75758,  52408, 118013,
         9522,   4469,  50561,  45060,  47473,  29008,  98608,  21632,
        56697,  44175,  16133,  82527, 102583,  54164, 112515, 144600,
        93454,  76222,  48059,  52286,  36809, 144593,  60769,  91146,
        92072,  79816,  59188,  36101,  63984,  66481,  31940, 145586,
        54334,  42093,  91503, 134527, 140070,   2743, 145309,  36360,
        87752,  51696, 153812, 133025,  85816,  89624,  92820,  92306,
        80974,  37759,  79354, 138566,  72757, 145901, 147663,  80043,
       139159, 150574,  32928,  68935,  92681,  23407,  76729,  99352,
       139112,  50461,  93837,  20081, 100344,  84856,  78535,  67998,
          989, 149804,  77807,  10008, 111702, 103282, 149690,  62386,
        38048,  79839, 115230,  49054,  75068,  40045, 107055,   3821,
        82654, 115398,   4849, 101475,  91708,  60348, 114208,  98699,
       113121, 152165, 144065,  35334, 103275, 109234,  23120,  49958,
        60695,  28533,  19382, 123292,  94560,   9548,  79425,  75055,
         7321,  14300,  79935, 133576,  81570,  17500,  18306,  51122,
        14133,  24714, 112787, 103519,  72216, 114325, 138276,  74801,
       123179,   3123, 114076,  36045,  38881,   2658,  90848,  48909,
       119035,  39581,  70075, 126465, 152702,  65714, 123011,  88983,
        65680, 108211,  17972, 100450,  94531, 139561, 124468,  44331,
       105605, 151954,  61186,  88795, 112510, 143349]), array([ 30651,  36297,  88817,  30726,  92513,  42377, 147075, 153518,
        86811, 143254, 100096,  22487, 119494, 151819, 116569,  53368,
        18155, 129595,  39962,  18449, 148444,  23240, 111604,   2037,
       116848,  14943,  58742,   5629,  25534,  53631,  84893, 104475,
        69477,  67818,  35398, 106665, 115562,  69882, 145021,   1377,
        88530,  59701,  25186,  12120, 110965,  91625, 122664,  76577,
        68734,  85770,  91489, 141239,  11830, 129807,  90832, 122677,
       109454,  33587, 105057,  76109,   3752,  45963,  54386,  40066,
        60625,  88238, 117374, 133152,  38113, 138054, 115694, 143993,
       122013,  83719,  33565, 132083,  99114, 114940, 138076, 107454,
       134352, 111586, 121313, 121888,   5663,  89933,  40501,  43980,
        92956,  21641, 151864,  88604,  60877,  21294, 122998,  69969,
       142760, 151943, 117799, 149669, 113092,  28224,  77026,  73816,
         7965, 144672,  83430, 127380, 137164, 145200,  50582,  38344,
       107236,   9584,  57442, 119038,  40184,  60515,  11533, 103462,
         2005,   1736, 124379,  97784,  67290,  88860,   6260,  59097,
        31836,  43815,  71218,  77197,   4374,  92458, 120185,  75638,
       148665,  84965,  63374,   4986,   5351, 133835,  84746,  41991,
       136713,  90335,  48906,  77254,  76026,  75992, 138223,  38740,
        49288,   4311,  68780, 151205, 116950, 145773,  19462, 116250,
       129830,  75797, 133291, 149078,  50479, 101866,  29605,  58631,
       142000,  74658,  20069,  96286, 102287, 110173,  80685, 150976,
        95996,  51381,   5085, 141905, 139679,  54647,  32814, 102405,
       133275, 118942,  29513, 113196,  73125, 151925,   8874, 122899,
        74244,  25456,  94980,  76144,  17604,  79368, 113298,  47543,
        86376,  23560, 148470,  55205,  35343,  36057,  12462, 146985,
        71117, 132063,  73703]), array([ 34333,  87972,  98145,  53894,  33867, 113237, 138527,  13248,
         3241, 105761,  71409,  32950,  53535,   2217,  88875,  27724,
       108466,  54250,   1062, 153098, 116873,  83611, 137602,  68969,
        35523,  57735,  19321,  23994, 146901,  23901,  54782, 135608,
        38188,   4287, 119315,  60060,  35327,  31851,  18111, 129567,
        68871, 130654,  99183,  24325,  88279, 114757,  18920,   3592,
       137187,   7661,    141,    497, 127998,  69396,  35073, 126993,
        34150, 106701,  37745, 149349,  46910,  40185, 120458,  55583,
       128001, 129558, 109090, 153183,  79379,  92645,  12049,  52908,
         4825,   5603,  98854,  82874, 117900,  59581,  53559,  92326,
        24495,  73109,  34320,  26422, 127664,  45607,  46332,  49702,
        90343, 142693,   1138,  68984,  99643,  40658, 152700,  52091,
        74949,  65805, 124740, 153099,  22816,  42247,  22102,  26322,
        70790, 120810,  93488,  48027, 146220, 148299,  86933,  55429,
       104411,  49855,  11821, 104695, 135914,  77870, 140983,  11125,
       151887,  92512,  98665,  93563,  65922, 146701, 110254,  30045,
        64327,  26259, 151829, 120409,  79723,  70324,  88486, 127049,
       116369,  20386,  67748, 121576, 115833,  35270, 132927,  84789,
         1445,  53211,   5641,  24709,  18711,  71962,    449,  47968,
        32733, 117315,  88100, 152130,  33535,  24008, 151057,  20503,
        78200, 151658,  75623, 109242, 106655, 108393,  77602, 105548,
       143125,   1126, 119356,  53120, 134130,  18258,  49547,  75524,
        67497,  26713,  67438,   9804, 102046, 115198,  47248, 131361,
       143935, 150667, 113156,  28427,  83331,   2216, 135726,  48381,
        65159,  69371,  49887,  55203, 116311,   7205, 122271, 130204,
        55519, 111039,  58332,  52411,  55370,  59267,  79423, 102656,
       136340, 138102,  93651,   3370, 134968,  77788,  39871, 110760,
        41411,  27826, 130447,  42807, 123624, 121347,  39640,  33493,
        21394, 127217, 113101, 123618,  46249, 143430,   2384,  51565,
       106167, 144683, 116430, 146942,  79326,  40956, 149439,   7049,
        28592,  67138, 111023, 131568, 149075,   2494,  15793, 135256,
       104265, 113910, 141429, 117620,  48794, 137999,  86749,   6011,
        65838,  39484,  48699,  23626,  92489,  21796, 152526, 143437,
        76993, 141870, 115194,  80707,  32080,  25649, 126274, 103755,
        47643,   1643,  96968,  43710,  34620,  35232,  19542, 152134,
       149678,  45649, 113382, 150512, 124177,  41626,  30294, 137437,
        32853,  43223,  58062,  75670,  11221, 121822,   5727,   5495,
       117392,  26131,   6561,   7097,  18604,  71389,  91189,  23271,
        32274,  89132,  42107,  42102,  52721, 149455, 145071,  37241,
       136168, 103094,  89882, 117173, 118073, 110373, 125977,  79356,
       102153,  88060,  56011,  18163, 151724, 118010, 140329, 105301,
       148866,  23053, 117154, 125096, 102414,  51450,  37714,  85708,
       115215,  33953, 100515,  90084, 134157,  86199, 128225,  28146,
        52904, 137795, 116003, 153258, 125679, 131830,   3332, 126921])]
shape of feat_train: (3078, 602)
Mean accuracy: [0.8821592510933604, 0.0032653607650985827]
