Namespace(dataset='flickr', dropout=0.0, epochs=400, gpu_id=0, hidden=256, inductive=1, keep_ratio=1.0, lr=0.01, method='random', mlp=0, nlayers=2, normalize_features=True, reduction_rate=0.005, save=True, seed=85, weight_decay=0.005)
size of adj_train: (44625, 44625)
#edges in adj_train: 218140
Test set results: loss= 1.5489 accuracy= 0.4692
idx_selected :  [array([36224,  3458, 17498, 23563,  1474,  3289, 32242, 24830]), array([34487, 18769, 16374, 27858,  2093, 21866, 16142, 25157, 22063,
        8581, 22142,  4041]), array([35138, 19982, 31970, 26365,   233, 28671, 16272, 19726, 39409,
       33124, 26757, 18363, 34283]), array([41788,  7897,  3790,  5392, 14686, 19167, 14475, 25772,  7736,
       15849,  9490, 13167, 31892, 36400, 26039]), array([12609, 18881, 36817, 42152, 32949, 43128, 29037, 26756, 26195,
       27542, 16843, 28406, 39790, 35256,  4460, 22486, 37527,  2958,
       18094,  6779, 21219]), array([17913,  4270,  3801, 16355, 29894, 18411, 38695,  1081, 10104,
       33504, 31974, 15512,  8807, 41060, 26104, 25585, 29995,  1538,
       14147,  1159,  5085, 14407, 19339, 26806, 36737, 42224, 30350,
       44383,  3725, 26907, 31576, 25387,  6577, 13933,   975, 23819,
        6214, 21503,   156, 40352, 29772,  7428,  6833, 11434, 36303,
       30799, 43251, 43648,   828, 14997, 20558, 27406, 20261, 20285,
       28585, 40477, 30771]), array([42833, 40937, 43752, 16800, 35054, 15080, 25080, 14108, 17631,
       40844, 25205, 20687, 22775, 33918,  3109, 14497, 22225, 30402,
        1788,  4570, 21636, 32853, 30655, 12406, 34314, 41594,  8944,
       33152, 42443, 35527, 29255, 30947, 18724, 34554,  6029, 19708,
        6555, 24868, 36287, 25259, 24588, 36391, 17854, 42242, 12242,
       22429, 37585, 33148, 39239, 35618, 21871, 39309,   358, 38784,
       29794, 41531,   680, 27003, 17200, 12916, 23529, 31036, 29455,
       27689, 23702, 22026,  9633, 37634, 23044, 16072,  3142, 25787,
        5684, 21064, 22997, 41854,  4626, 11050, 26437,  3509, 14579,
       44189, 26871, 25436,  8240, 21216, 31746, 25931, 40199, 14641,
       21324, 41737, 23338, 19180, 19132,   372, 24653])]
shape of feat_train: (223, 500)
Mean accuracy: [0.4500291309998655, 0.0027551474439888534]
